o
31.154414288059
30.6065419461113
30.8310594376557
30.6640941425983
30.6974278941712
30.7644499689248
30.4151373799114
30.5148086571424
30.0601492861802
30.5610192877903
31.0172961106002
30.7817469122106
30.6403810141701
30.8258842395985
30.7154599173615
30.8888888888889
31.2902742394725
30.6780060031781
30.1845661967737
31.0293046283769
32.1123933768189
32.1716633693502
31.7921700426923
31.7208444786991
31.4170622501086
31.608978519782
31.1767778523991
31.5529595953514
30.9310421450263
31.1303181581104
31.3249041227229
30.5431028147277
30.1097813109694
30.0435434779443
29.5613934237756
30.7649217978389
30.5046981046336
30.5011533432261
30.7022093143865
30.1407343802302
30.4067453031127
30.9910878230104
31.143472280366
30.9042916036421
30.9852875613018
30.9817317688994
30.9780665156753
31.3811922753988
30.9703652039711
30.7407955049534
30.6399692861995
30.1965985105732
30.5210698593377
30.3447871467104
30.4630501294422
30.9702828499821
30.2914952491106
30.1143472315168
30.5784759299298
30.5327808633812
30.5112739820973
30.4262911349653
30.0174266627941
30.9099018733274
30.8931272802776
30.9820645794018
31.1840667973485
30.9183612972076
30.9920735243817
30.7333490788852
29.6891019624265
30.1300672963228
30.1261944707856
30.2635431918009
29.8721420193742
30.781058265202
30.8907727131508
30.7660510503861
30.8959682905907
30.6579198403264
31.2177309528442
31.392822357084
31.3909408292003
30.7850935336574
30.9446495559213
30.3638681692287
30.1638675064147
30.4175242575713
30.6099847909868
30.010593681522
29.6540125630669
30.4931942725826
29.9686592816187
30.6751179245283
30.8988764044944
31.4368341399823
30.8007910505033
31.0072905817587
30.7665052556986
30.7353093508146
31.2003596583246
30.2127102749386
30.7105134691342
30.8234910567419
30.4060489720557
30.4666862342237
30.4687155518321
30.4550655752135
30.8952499666118
30.9976247030879
30.0325619258053
30.1787668734039
30.8316369741906
31.2368909929885
30.3605867570569
30.8441798824278
30.8674985145573
30.6056416742654
30.9873402656908
31.1416616855947
30.1733580639979
30.2540992029124
30.1810278178927
30.1613280336685
30.0964780406638
30.9308864880864
31.7311473426298
32.0196298203629
31.9871930407467
32.0958775101012
30.3535397841916
30.4534241747915
30.6004959848843
31.1221289686688
30.8577018274518
30.6494805920956
30.6703235129317
30.2663084739824
30.2367623046419
30.1821411411849
30.2155756701211
29.8464297076091
30.0197708902716
29.8952796164598
30.2919333811833
29.7725567165041
30.2490843559849
30.5615201341295
30.6369492172025
30.9834457752549
30.6677075814933
31.0016371483852
30.412000410973
30.945933882822
30.8145647313165
29.7788924442907
29.7606179831957
30.434974478163
30.2732800937798
30.4509564629251
30.8329498389323
31.0171855985278
30.7292125914822
30.3211417076051
31.0706746350311
31.4595616364373
31.0783657066309
30.6150889700597
31.4686369119421
31.0217345934826
30.840400925212
30.2875716013934
30.841052241571
30.5662096430513
30.4674212656149
30.2809300154614
30.9284491102673
30.5075753109709
30.1673859792371
29.678423685083
30.6425963010955
30.9042916036421
31.1601581217058
31.1128420989559
30.811122785728
30.5689049571594
30.6260475784397
30.9293636201886
31.2514011567951
31.3483853557614
31.339928057554
31.3746663067279
31.3720794479951
31.7029945924658
31.6707813943626
31.2481346624485
31.0433777092537
30.9928078890784
31.0614525139665
30.9137590715484
30.0771544396495
30.981681820211
30.5039982393075
30.9790998693742
30.7041464601052
30.3184750476912
30.9688375141512
30.8557059389098
30.8860834606655
30.5916942300625
30.6734895518426
30.4039189228829
30.373968514075
30.55809428344
30.7234004712996
30.4126060178448
30.089628681178
29.8985043508477
30.3933078955092
30.434462986106
30.1605554666007
30.0263745181578
30.3136755514571
30.383748499839
30.42075941944
30.9460260972716
31.2673395018221
30.5781597186456
31.0879284649776
31.156229006494
30.4348462879154
30.7644774011299
31.2831785623495
31.0962702364271
30.8860232945092
30.476553117952
30.6075967967085
31.0591312359751
30.9543260304493
30.744910321189
30.84091413357
30.6681753390839
31.1311893366731
31.4086580346682
30.9782527908671
30.6695974154336
30.1949422743751
30.9241547546446
30.6918572924502
30.8954649130602
30.7169244808148
31.3643727125457
31.1273051754908
31.3555522343446
31.09894849562
30.8580882461557
31.1153519299867
31.3525173390056
31.6822712171549
31.500796537317
30.977706111218
30.7721768847774
30.5947262615739
31.3333533131537
30.8922109509403
30.5367057371993
30.2787334538457
30.4602755790091
30.7897268892014
30.579280435456
30.5496284305791
30.0904747382332
30.5932116263016
30.9733857216992
30.516054543063
30.515154634627
30.5487571137912
30.2013422818792
30.0286749828969
29.8793223485727
31.0211946050096
31.2275771346568
31.3953837380316
31.2443832005272
30.9281410465703
30.9384055278996
30.7637854498798
31.0008330358205
31.166159899839
31.3376637014146
31.0701785608353
31.048805815161
31.1703412190868
31.3473520249221
31.6868875054907
31.5926379625849
30.9642036611576
30.6556408741878
30.2915174983561
30.1265343564803
30.2786395832114
30.6148018218534
30.2067699302024
30.2941478213715
30.2595348292226
30.5853786970131
31.1208581360307
31.5507296576859
31.7012926005061
31.6680523014133
30.9461702632203
30.3988754173256
30.4952535138715
30.6907262239314
29.7984097894631
30.187577549084
30.1418181288169
29.9059724882466
30.0011667930692
30.123471204647
30.1771871539313
29.7791834553673
30.1040832666133
30.0467296522207
30.2271062271062
31.1934562528973
30.7510523595008
30.5188498778657
29.9544171912307
30.3216914459986
30.8971188511158
30.3907168037603
30.2724815545328
30.0089795208991
29.7543718361712
30.9628772023571
30.7879039062153
30.9788422679187
31.4057301154755
31.122897453852
31.0490592998333
31.2200670498084
30.8646544194928
31.044438491532
30.870138138316
30.8005788028231
31.2724766243107
31.2145458888159
31.0132892837478
31.0782020530087
30.273236873771
30.0062573669582
30.0463597399189
29.7650808300766
30.0024651614681
30.5591198029586
30.5364876410453
30.5725157065746
30.5287437377878
30.415408519246
30.8095463697738
30.6479472075823
30.5660766657333
30.4125528913963
30.2278037383178
30.3221175677853
30.4846543350212
30.0782559274858
30.1849338062501
30.1122085208346
31.0419962391428
30.8823529411765
30.8819603073363
31.1140999775835
30.4893258014819
30.174618250895
30.3327382868514
30.7312530487354
30.6607929515418
30.7363140032463
31.5637152934792
31.3042697167495
31.4353054208638
30.6484741784038
30.8522433291448
31.2742812742813
30.9022935643711
31.2560871454472
30.9918583229334
30.5807248764415
30.2221444303447
30.6699428639095
29.778933680104
30.1016020174633
29.8087333092746
30.8604461572667
30.525944850674
31.0324782757747
30.9041274739622
31.1204556977126
30.8170975627824
30.7608165437318
30.7893097618129
30.4619225967541
30.2963840271381
30.9034342111139
30.6045840632406
31.257013750692
30.9857901450651
31.1048934396952
30.6566979660318
31.1385643734241
30.9313543599258
31.2218688111385
30.5912445241525
30.4307732841523
30.7888531300518
30.3278448805311
30.1845093563255
30.6475604188451
30.9765410272029
31.2425257115523
31.4180965832257
31.2139594098704
30.9774480624287
30.1783264746228
30.2636003450343
30.6279165928289
30.4270645364787
30.7562577667318
31.1962295204608
30.9854133864116
30.9550270430466
31.109389433535
30.2810674474901
30.4541720455346
30.3766351584677
30.4479889653553
30.7553210410861
30.1487805232769
30.0252020509255
30.5343511450382
30.0178366855668
30.1468656019154
29.779682292343
30.7639997634676
30.5780261803206
30.6660561029292
30.4124998164383
30.5087241404697
31.0070592440354
30.8701524213776
31.2762007426039
30.9547470372733
30.6190076437061
31.1187504670802
30.6358296406436
30.6668638178323
30.4243864513195
30.701625033179
31.2397139351866
31.3493253373313
31.0268553020294
30.9047166448854
31.2307992027454
31.4430516403767
31.5473587381056
30.7433826563697
30.9444806541447
31.1828278003344
30.9615868924344
31.1387237592932
31.428871895798
31.2785422312725
31.105819318351
31.0078674454643
30.4476388441608
30.2808873819893
30.0146731945433
30.3479013033471
30.6570638430027
30.3433551708002
30.552031392913
30.1340747965586
29.9281781528635
30.7965387175505
30.7190410817354
31.0715510429247
30.9444311948486
30.4533513362784
30.6406275294706
31.0681350165637
30.3358454671837
30.8370044052863
30.7985464858637
31.0320729186802
31.1362415706869
30.7308356838017
31.1696081364044
30.8152270439879
30.1427506903756
30.0149929402175
30.2724668186868
29.7773547903328
30.1651868375396
30.3337000366703
30.0015950582196
30.3594737691213
29.7931193453581
30.0757355083018
30.4296817715208
30.6934333406868
30.6182503016214
30.4381742982882
29.653657906446
30.1946297945655
30.5109812911336
30.0397327860979
29.7767824893448
29.7900661197679
30.9995688309371
31.0782839188123
30.6254598969831
30.811909388954
30.4282219194538
31.3255182144304
30.78381701554
30.4990078635996
30.5495379990274
30.3149951741686
30.6455664405928
30.0954813245494
30.5235555817448
29.9744068017178
30.3517411699376
30.7170772145902
30.3611986226097
30.4725820189738
31.4161430642823
30.9965625511525
30.5078793731618
31.0367434514408
30.5719196697469
31.0332509749055
30.8921596292941
31.4743319056524
31.1467814494313
30.9879260096354
31.2149112957557
30.7132395366384
30.0501077900134
30.1267038098425
30.3127693453903
30.1084661862124
29.9081084205051
30.9628416114379
30.8542311623291
31.1513490976234
30.8960445946747
30.7556210836712
30.9668795484925
30.9282944872766
30.4703446452958
30.521519883222
30.1648135464786
30.0697163316693
30.1140595563215
30.0097226857831
29.9246813441483
30.1677607585704
31.070503854052
31.1996178420015
31.0571016346626
30.9716118303837
31.0091334372912
31.156892395682
31.1637551653663
31.6435601650968
31.1279406064581
30.6042798863017
30.862361305292
30.432555075752
30.7190994593794
31.0367892976589
30.7900823524212
31.1625749891537
31.0842335180755
31.6243700775521
32.107850621393
31.6236484655001
31.6961994747487
31.3239656050574
30.8896945203851
31.0363359507957
30.7948581873931
30.0429809863772
30.0096100643583
30.0958987961641
30.7998455552586
30.9833990917889
30.5468830159917
31.8679647094615
31.21264642601
30.9902300474371
30.621390892928
30.3955830959443
29.9325037216899
30.2888070757
30.715609936967
30.7353093508146
30.5156394486929
30.4304509625809
30.4835216296903
30.3384579411937
30.9881375861402
30.9703652039711
30.3308288193838
30.5279803215321
31.0835211078447
30.8013380302537
30.947115313256
30.9009182750078
30.8327659196542
30.5060835831423
30.9258433645415
30.6155523469959
30.7881045287927
30.7580778790389
30.9287565924734
30.4099560761347
30.5568595235301
31.245797283364
31.3463592196501
31.3881122034816
31.4845736119259
31.3945108401898
30.9718761124955
31.0566379297553
30.847377306519
31.3502172935711
31.3353133531335
31.158221148829
30.8880308880309
30.9442616115438
31.3142994458045
31.0024420751683
30.6393138208506
30.9987493299982
30.5369275243224
30.9384055278996
31.0223860629664
31.2116219859218
30.9009569519746
30.6207746117409
30.8228277877831
31.2388006211922
31.3677793293992
31.1511134993134
31.3110076588076
30.941770647653
30.8536675813988
30.1837460963033
30.3437988973868
30.1826962238901
30.4216514191884
30.6187101242135
30.5550240642892
30.2425813215295
30.6967679064479
30.6551881986385
30.583340709923
30.8613610423491
31.2205765868093
30.962094800089
31.0554391595715
31.0953958608804
31.5649707284688
31.3042697167495
31.0908683640708
30.8709543813975
31.209013950161
31.1302610588463
31.1500403575379
30.796832834139
30.5023395426856
30.4174687376016
30.1195172725023
30.1015509063928
29.5683876616573
30.1414804182899
29.535986208878
29.8535595186313
29.8015637871978
30.5815360103856
30.9204753335217
30.5242592946223
30.693215339233
31.0873122118102
31.0514753903699
31.3177691697949
31.2360353919028
31.5475473062553
30.5898954857487
31.1140999775835
30.4579650865532
30.6941207705242
30.9501564562293
31.429130245084
31.2069481880803
30.6677075814933
30.8546059933407
31.0148978560171
30.9676079118009
30.7971549154443
31.3979977219591
31.3252651577483
30.6065664997218
30.9058298622949
31.4494690837
31.4796171357305
30.7281524753644
31.0599640186152
31.5402243396454
31.0675562969141
31.1458333333333
31.9097379978797
32.4322665766623
31.722828380252
31.4950006745716
31.1780178627157
29.9611909175162
30.4894160476792
30.9581871171118
30.7100591715976
30.8755487009135
30.4755770891579
30.7209477080847
31.5090961072573
31.521167005038
31.4226519337017
31.0974614619961
31.4509721618421
31.3466971613077
31.8121883572544
31.8976364821637
31.3092554160383
31.2262336151747
31.6832878200389
31.6348962568133
31.7228063294767
31.3019515044407
31.4780541386419
30.769457590635
31.0920987911941
30.5603959526145
30.6462554936141
30.7132933282095
31.2330989724175
31.5802222424077
30.9244695058614
30.4980167474659
29.9161942677456
30.0840433884898
30.2910633318707
30.5991598496573
30.4964121868016
30.1446067366643
30.2149658274432
30.465212021408
30.6372549019608
30.8178526915544
30.3992275845926
31.0161862461621
30.8143148921055
30.976670973107
30.0785797438882
30.4249508090805
30.7587655087766
30.6107431935246
30.4550707253924
30.9966053454691
31.2528024392431
31.6701704502488
31.4897962248284
31.3749060856499
31.3238593866866
31.3761852062334
31.7484314763021
31.6416559837116
31.4023064349234
31.0212203560981
31.1113096833765
31.2136139722347
31.4156626506024
30.9538002980626
30.5300728592077
30.144986489235
30.5208838706832
30.0835006255273
30.3593919334524
30.7541977675124
