o
224.822819844178
242.78285506971
234.439384081544
237.815609557977
228.40750251926
226.674409601239
234.407059569286
239.868901710423
241.704938335311
240.818494970095
236.908655629362
231.957741828987
234.207806926898
236.263366736163
236.462154612459
235.661098812638
231.403869905311
230.765441019493
242.669153455601
241.54705629566
239.121926316685
226.670753149549
239.109719575279
233.825878594249
237.859887273404
239.860712822614
233.174034249303
241.202924920183
233.833660598396
226.49538208604
242.648201550655
236.430326075983
242.296749719803
232.799324066864
228.845026382646
235.125819836702
235.812330100346
236.264290517821
241.797002701354
233.963206526263
234.232282152144
243.633085418075
236.865613780782
232.208066888085
232.657859011291
237.630626669823
235.602796452462
237.570368366778
238.700253087154
235.942982824331
235.835388243933
