o
187.566487218336
197.692987224789
193.521028387075
194.063203535396
189.911221359096
189.505227842741
192.744740765281
197.003301447558
197.243740782805
195.829616789242
194.744769874477
191.394170669123
192.582049287499
193.52370815108
194.604719616009
194.351188388368
191.737933989158
191.431955777836
197.723024638913
198.509092149705
195.685074325688
188.759124087591
195.156719046102
194.089097186317
195.481269947925
186.925647451963
196.973031539386
192.340116038812
194.960123316132
190.376466353626
189.240176945095
194.091841670698
196.723528715617
197.877695394871
196.899959388114
195.517021205095
191.447703976703
193.620313825981
194.124222151783
193.758950278083
194.231154436803
191.460304401481
190.835438055565
198.63434619324
197.514937533949
195.057754530671
187.600773943889
194.917241841453
191.974524394872
195.300041963911
196.106850931154
191.372136243278
196.810040085923
193.949495791316
188.245191141022
198.255298848225
193.398264800718
197.498175399291
191.921357766086
189.922796937993
194.118235804364
194.037316792557
193.138816968731
197.314207233328
192.22637021375
192.42662257131
198.265580808941
193.956465215507
192.096270984995
192.640047675805
193.001078033004
194.183019623548
195.238574592309
195.533823974191
194.556367344892
195.94833538218
191.905531549955
197.706227168465
193.128630705394
188.409786427889
197.813780324023
193.494745244113
196.550733940305
192.422814241537
189.502141589173
194.16957298046
194.065945062459
193.510834677621
197.813780324023
192.821396612866
193.549460237196
198.376977632297
193.385408010637
192.146372073054
192.489660876758
195.320106086548
194.331713345692
194.84586145113
196.361672685545
193.106195130856
193.906488575783
