o
15.2030727440013
14.766517812558
14.7071410230807
14.747160993403
14.4272602239874
14.7921375640182
14.8290598290598
15.2365444447675
15.1655208273153
14.992611296825
14.8348519362187
15.2601795144092
15.5062551151643
15.6169429097606
15.3542220479075
15.2899442554116
15.3158253850732
15.1482518486611
15.0989064818683
14.9181287384545
15.1019525902443
14.867494705512
15.0144121147807
15.4058742245612
15.0397520163026
14.7782546494993
14.8574373067674
15.152389748326
15.1141137239617
15.18186304392
15.2636246020555
15.1138955452262
15.1758120006998
14.767392232181
14.7954370014581
15.1223257094022
14.6718694572544
14.8348331081275
14.8202347134946
14.6057715442207
14.5749102321242
14.5893295146815
14.9363369245837
14.7658858104831
14.8418491484185
15.0912965842981
15.1410078594545
15.4336790672499
15.2738128015998
15.1108804106468
15.2231660682488
14.6671363156041
14.8787682567091
14.8200220937406
14.5243384606732
14.8737312104288
14.814391939144
15.0115972512354
14.8470241585971
14.9307455294152
14.9842384811366
14.6834153793923
14.8386635186378
14.7316531080369
14.6763654998648
14.9851589291375
15.0721028551572
15.0075686585454
15.0079327644612
14.8657771138848
15.2533271410534
15.3356693594499
15.1638273790521
15.0264153122203
14.771997430957
15.3740079510614
15.1556902728024
15.1497578938212
14.985549132948
14.8112211409492
15.1488718306583
15.0598495458943
14.970016825091
14.7691691806185
14.5564096066672
15.3002435787109
15.1678203711244
14.9176881159089
15.1954851034664
14.8593515138501
14.9531906352597
14.9356816023483
14.9907749077491
15.2076936446324
15.0488655692334
15.1594354417146
15.1238327243199
15.2650609436053
15.3293622985284
15.3117877388814
15.0717321612487
14.7863247863248
14.8706835096524
14.9221762101956
14.9283667621777
15.0633444107446
14.7975299507698
15.062279501764
15.024297667999
15.1690096123315
15.2315867201413
14.9473623984438
14.9778719600975
15.1653281238695
14.9478546529143
15.1517346273629
15.3074651305594
15.1278716948418
14.9304861686032
15.0661846255779
14.7773395072315
15.0163972153501
15.0126308191988
15.1129840877716
15.3587853127966
14.9715239026635
15.2262117708652
15.129942040241
15.1659451659452
15.0474694839032
14.8124982230688
14.918100915722
14.9528940620588
14.9286023366508
14.7506104439463
14.7920140224873
14.7347599868133
14.7696419179212
15.0681379469302
15.0958086422423
15.0260259396658
14.786770483606
15.0252105696577
15.1563589862823
15.2677321511899
14.9931066176471
14.8735533647664
14.9185416160085
14.8506352294838
15.0052815118147
14.8426170775399
15.397273154678
15.2370120875436
15.3904896172937
15.2767452369499
14.8556693646587
14.6301315434718
14.670483841103
14.7752865401443
14.9040953862105
14.8526905283662
14.9068322981367
15.0135509127149
14.9505459950832
15.2187790157846
15.0989741366855
14.9933873842792
15.0892226020975
15.0334718374885
14.847073703576
14.7866376844755
14.8784305840789
15.0298865178597
14.9258031983864
15.0625921535748
15.4301540084697
15.7001960667815
15.271599750786
15.3004032551571
15.2620618346513
15.0413890571371
15.1110077879809
14.8279867494587
14.8158762000287
14.9286023366508
14.9804069002415
14.9589488616011
15.2729604476959
15.3300854750722
15.3159460878698
15.1303571685646
15.1668791285201
14.7326248792408
14.6553077329224
14.5091815914759
14.5329111060846
14.5191835589535
14.8251067121208
14.9067431850789
15.1242973865678
14.8965398815146
14.9324382476977
14.8686625372792
15.0752310616503
14.9455544527395
14.7282307659532
14.8822777354804
15.1025282535244
15.2136178654259
15.0478399536097
15.0349802285665
15.0151018107721
14.7113118059697
14.6660199161127
14.5015963107485
14.7010406676305
14.5325779036827
14.6588181506458
14.9307507169931
14.9348038370958
15.3105861767279
15.1364442330148
15.2188159906794
15.084307407782
15.1801552912438
14.91961414791
14.9270902240502
14.9667883946286
15.0235961380266
14.9491185323205
14.9185153277335
15.0301907009745
14.9369599907992
14.8766745242339
14.880223563475
14.9253731343284
14.6704123038506
14.8381165790457
14.709011219699
15.1898366184081
15.1497562108196
14.9609464736963
14.8638789144647
15.0632948060601
15.0445550283532
14.9801372336584
14.7727272727273
14.9341689185304
14.7346904011583
14.7743053070106
14.6389713155292
15.2637124626822
15.0747238466537
15.1894678589113
15.0388961854316
14.5715896279594
14.6196332991687
14.6144013634427
14.8580487101888
14.9210738564351
15.005544274996
14.9944491702591
14.6268530403261
14.8907534148507
14.915302899799
14.9352422844165
14.7071313308609
14.7893550871388
14.675352566397
14.8353463256308
14.7980001149359
14.6447963480159
14.7986692669496
14.7380771817362
14.8980059592024
14.8331096707878
15.0598514132981
14.8785771291757
14.910195078633
14.7184179121441
15.0335918056135
15.2974256617958
15.3459413638888
15.311702515494
15.2278352016305
15.1501996874457
15.2295307854087
15.1113161841043
14.9723399669516
15.2499130233097
14.9975602055168
14.9420192458927
15.2209207932274
15.0251140234398
15.0190443213296
14.5281527079686
14.4598252478927
14.8101555352242
14.7420846673782
14.7733568191826
14.923447445381
15.4548802946593
15.3877568880267
15.0151443377403
14.9643841911765
14.7494717136333
15.2290199058782
15.0665124349335
15.0250900203902
15.0795380257137
15.0329251386322
14.8477356845821
14.8069955208125
15.0352026138121
14.9150986691143
15.1794128307358
14.8140769307396
14.9933219399405
15.2503859935328
14.9942329873126
14.5837179250508
14.3288190302435
14.8851551917923
15.0078874625527
14.8588837155832
15.0927499600529
14.7335960253555
14.6850170261067
14.9828890230926
15.074000951132
15.3873131383981
15.1966410483648
14.9844419908516
15.3825888414027
15.0820237804264
14.9442464651109
15.0749415196234
14.9737529043917
15.052706161343
14.7678724010254
15.0686315546382
15.2582673260105
15.247406631458
14.8931299894132
14.9003057577193
14.9851012681916
14.9634562989232
14.9626294981676
14.9845112023629
14.9183214740791
15.0243168133395
14.832398216084
14.7111282336658
14.9079595540576
14.8410198886923
14.9719636973236
15.0530773246708
14.9939995083935
14.9320354797834
14.9871990334551
14.6201337677928
14.6383752824638
14.7733134636327
14.5949166004766
14.52863286555
14.8920542105339
14.9638205499276
14.6923000412066
14.5378436474714
14.7764207270801
15.2596927578639
14.9736186003363
14.7680530164534
14.7786075713487
14.550095724314
15.2763173267905
15.205931761571
15.2286478938795
15.0334797321621
15.3418647166362
14.9653818035865
15.0752314814815
14.8876243030408
14.7330697687648
14.591522212482
15.2415923529755
14.9206667717754
14.9217291397386
15.1020585803195
15.0768296737449
15.1431477982851
15.2056985026893
14.8510601768392
14.9614803081575
15.1436031331593
14.5305409138315
14.5551571279329
14.8283857670398
14.957912822512
14.9748497470562
14.564000850039
14.4636286442117
14.4205595573355
14.3343562150574
14.5360357810112
14.7214059513281
14.8494273797067
15.1319511947423
15.1958936287446
15.1552471058694
15.2101206921623
15.2053080348049
15.1719928499804
15.4291933870683
15.2507661694433
15.4611928464453
15.4440154440154
15.218972792085
14.9991329980926
14.7017085769427
15.3704810931416
15.3792073117146
15.3248846238371
15.3650291935555
15.1911920021991
15.0605459990452
15.0246554740937
15.1312538155179
15.2174229308815
15.2358201998427
15.1189152503213
15.1422852667305
15.2233190918503
15.0929744591564
14.7884314004844
15.3679685329512
15.427359801126
15.2063198101742
15.5742446491345
15.4688348474397
15.4489250062117
15.1213171577123
14.9927408110167
14.9754006387203
14.9662215692206
14.998628614323
15.2035382779992
15.2027762854114
15.2212544061526
15.3007694101189
15.3335854985598
15.2353170534464
15.2225334126627
15.0332549449598
15.1695505748461
15.3034377923293
14.8763413094623
14.8781848614469
14.587256527727
14.8231635113349
14.7996389633089
14.8721341656359
14.997476386185
15.1421016890379
15.300863758438
15.4956703274085
15.5307311774291
15.3384946737296
15.5086666078103
15.5396953866529
15.1097115287388
14.9383756301681
14.7951387401282
14.7415243363463
14.6108736706093
15.356939142644
15.2789499723524
15.4584846000703
15.19871339776
14.8637489677952
14.981327411936
14.9393090569561
14.7778332501248
14.9586800656512
15.0883893180569
15.1732533368114
14.9858474978089
14.9905503693947
14.8968293910418
15.0528003698193
15.2628356511852
15.2696178232796
15.3594580388951
15.3143157464452
15.3073881130616
14.8620566105339
14.8336056410697
15.0498771143559
15.016532624861
14.9114095312118
15.1735153187164
14.774825969598
15.1999183113795
14.8712212470602
14.7653865265848
14.9947994915058
15.0654232632112
15.1126937942415
15.1227912765372
15.0985882964289
15.0213042536289
15.0362869931772
15.1429441712719
15.4058945571725
15.2080761130075
14.9395236590341
15.1846028418356
14.9247268370838
15.1808456444218
15.0730640892878
15.0909381678612
15.4101783639919
15.2844154330342
15.2962559069429
15.1684334169579
15.1767724353864
15.3380069372283
15.5216847065754
15.0528003698193
14.8267846005557
15.1473222738461
14.9405821229692
15.1874427197742
14.9771242770408
14.9506427915519
14.6779362963383
14.2060780435174
14.9453202465978
14.9341773973096
14.8046135307282
14.9565568219478
15.3020290869838
15.0585048129575
15.0322739021819
15.3239354320357
14.6289602381459
14.7951114306255
14.911570916657
14.731418486151
14.6531100478469
15.4711054354368
15.0546919976972
15.251021599533
15.1389916039501
14.6740131159615
14.68203158344
14.6399122744556
14.58324484277
14.6751418454844
14.6094510174439
14.9899106370712
14.7631915801451
14.8737164268757
14.9595745600761
14.7481243301179
14.7884607141326
15.2145055650373
15.1469032192605
15.1172342234584
14.9695461954191
15.1497528351265
15.0705120795284
15.2124370382198
15.2259973028233
15.1869158878505
15.3623738664408
15.12592913329
15.5044466694152
15.1504199615457
15.0473472564535
15.0257646396559
14.9174137384336
14.9045647924572
14.5390570021112
14.7238566271567
15.0798685196932
15.2315957601278
15.1952745163491
15.2107335569491
15.1469076270327
15.2505129585704
15.3047081308998
15.0931928687196
15.3075343363579
15.3969878637228
14.5598659071862
14.6719795076135
14.786371321317
14.9378430158021
15.1721935071723
14.7302548862727
14.5823628227389
14.9922230543234
15.123779637378
14.7292767456395
14.8139658161292
14.8193666399909
15.2007105312969
15.1083609235618
15.0556153570147
15.0025268933651
15.2133203652358
15.215627173661
15.1014697610016
15.3588342440802
15.1862048978409
14.9868436105709
14.726597515687
14.4633912994541
14.7467803813626
15.2677321511899
15.0786335618411
15.1508573909269
15.0739271547061
14.9519299756063
15.5243332497899
15.2911392405063
15.4983379016738
15.5337247265859
15.2475932437886
15.3364815275077
15.0478796169631
14.9429581309808
14.8161880044491
14.7538415528561
14.8361159992561
14.7199360995022
14.6259034690371
15.0062887626317
15.051835572071
14.9450486466349
15.1231205055568
14.8957723971635
15.4184698892393
15.3570439875862
14.9576656233322
14.7624064003644
15.0321496842959
15.0044897604496
14.7894040112166
15.0400734081753
15.1294019045417
15.2670646852893
15.3018181818182
15.175187339062
15.314672067845
15.4448075260466
15.2562055450719
15.018251846742
14.8051320668931
14.8789918373192
14.803997365633
14.7447746338689
14.9523520310037
14.4786281323276
14.4433693716433
14.778536753018
14.7243107769423
14.6607328958116
14.9108078242276
15.5620786806898
15.2043904487467
15.2982353799037
15.1714943994436
14.8910981471708
14.5924329230246
14.5633826830724
14.7050425446862
14.6233803217998
14.6121824823719
14.9361114308737
15.0547577079782
15.0044003289426
15.0766046738912
15.2487497470587
15.1102483122302
15.1640234629589
15.0520810697263
15.0560071874683
15.0041196282216
14.8082629536636
15.1700264711871
14.9728482799135
14.6219938567809
14.6908097027673
15.2373227502499
15.3243782261849
15.2536463478413
15.2778587672751
15.0853684893019
14.9242970439798
14.6474217403075
14.664217884651
14.7035641095459
14.8175694037215
15.0168379366662
14.7407852220411
14.8460068122045
14.9163213146001
14.8009914812388
14.9616553320793
14.8718170420648
14.7115756871854
14.5139115275042
14.4540899146023
14.5407510589306
14.9439421338156
14.6970520115518
14.6477431098723
14.8700493264488
14.6983128395768
14.3909204838278
14.7689922925667
14.593773512585
14.5814734515155
15.0703427849645
14.6678783403857
14.6974722635251
14.8708017804497
14.6478391587467
14.6888618989784
14.5378876888014
14.40329218107
14.4483794957177
14.8370079417415
14.7579861706383
14.7531843719175
15.0421790832402
15.4556314244842
14.975734428395
14.9895388495601
15.3189132462687
15.2468714117527
15.3212930819821
15.0262202501009
14.8605921241736
14.8418983756287
14.8192822987119
15.0771999071279
14.8696750488001
15.5480885430483
15.6009927904503
15.4472974557392
15.1855122396097
14.9125691654394
15.1636305482459
15.0873938375025
14.954103400227
14.6481340226573
14.8002395414492
14.7786067518509
14.7958092794526
14.7438733711089
14.8012830655485
14.7019133794514
14.9520582510273
15.2354570637119
15.1291406069029
15.0141520955159
15.3960656120483
14.9788483121817
14.9621621621622
14.8979269326361
14.7492203370433
14.5797355830479
14.629434991336
14.635671251563
14.8850773850774
14.7446399316191
14.8655228711368
14.8853868194842
14.5315649269193
14.8127966502717
14.4888951166538
14.5430437419774
14.9369488409502
14.991511524185
15.5199858507251
15.9751099410656
15.5272646993892
15.1427329372555
15.019008658697
15.0240557748264
14.7019018448608
14.76030577981
15.4147404375607
15.1633533003444
15.3424978406313
15.2071392294856
15.0184310563299
15.1736931348821
15.1121878064256
15.149108238862
15.0833477533599
15.3031537297801
15.3156573030427
15.3935945137521
15.4319188622056
15.2530621677837
15.3781243634882
14.8610258533312
15.0699988429943
15.0800859247726
14.9772897142529
14.9553347385326
14.873440285205
15.110287732299
14.8139723339826
15.2786492915201
15.1460303210205
15.0336812281361
14.9943159742708
14.9636720101488
14.8108928034802
14.9643191811432
14.3846338264536
14.4508262655057
14.5120414548853
14.6876381422277
14.5990589506305
14.7075622572538
14.8319947314922
14.8013873624413
14.6745461260903
14.9225837059187
14.9005196520341
14.823620400739
14.5856071666501
14.8348813209494
14.8167217288082
14.8156639108195
15.0542619934219
14.7110828205672
14.5388971852019
14.52064875881
14.9564368657509
15.0395436276416
15.2451466215822
15.2297631413398
14.7947638280198
15.1671586662207
14.7414243918986
14.7000227686703
14.8914762110105
14.9495935893385
14.9154980222941
14.7826831426044
14.7982127207161
14.993152166078
14.5639264908676
14.9174137384336
14.9749697911272
15.0744327214916
15.4558823529412
15.3489254293176
15.3210435187475
15.387540772595
15.2165091878732
15.301503869178
14.8461747500608
15.0504803191566
14.6929762477706
14.6955913226032
14.5780051150895
14.5500776945896
14.968385737021
14.8953473440911
15.1850449873337
15.1923690238033
14.9973449676373
15.115354017502
14.9576629368024
15.176009670701
15.0747952894882
15.1456030059976
15.2370944437147
14.8283595948629
14.6881087460365
15.1034895780079
14.7460170036436
15.0777081883554
14.8660328435609
14.9121046141493
14.8223466567374
15.0500946956006
14.9768750090615
15.0021679433444
15.1060902310088
15.0287016470996
15.0862068965517
15.6977517626713
15.6455255272985
15.5350640197345
15.4711673699016
15.222194942303
15.4655073655764
15.2183374437836
15.0071942446043
14.8636070738169
15.2247321844434
14.6004134882726
14.4817394975723
14.3928246093476
14.5502081645992
14.5974055337309
15.0298716891608
15.3237620861412
15.3286909297946
15.2866611553467
15.5234022611446
14.8861646234676
14.897418165053
14.530035335689
14.5969839532669
14.5037845152015
15.1644751148934
15.1464641340426
15.1019817734703
14.638985332672
14.8288102599336
14.7812799017438
14.5775908612998
14.3615974818021
14.4159840384426
14.5849869599728
14.9559103221716
15.2022375838732
15.2438135766125
15.291998066529
15.149981929888
15.070463042853
15.615748963884
15.1318446713981
15.1559058768981
15.0353222163072
14.9518682619175
14.9330957069146
14.9701889232095
14.9498318143921
14.7360620225744
15.119228817859
14.8655802440874
15.1175648934932
14.8857372531006
14.8751372705621
15.15129589164
15.1061769085101
15.0470309885164
14.8792049148635
14.8006069107669
14.8464335503528
14.5543606778898
14.6607132700074
14.7672689844465
14.6433165133076
14.817890276028
15.0415087790345
14.9390681003584
14.8619957537155
15.0125465086095
15.392043542511
15.2732884889782
15.2073531339675
14.9940340133121
14.7869851846601
15.2694042596675
15.0616749621294
15.22421915896
15.046279583556
14.9296419174008
15.1103491362401
14.8477993184617
14.6910475540969
14.6823315996088
14.6727022463141
15.1931892599869
15.0973438517768
14.9219434431056
15.1301951113368
15.0445283453901
15.1168183662821
15.2216978383733
14.9532441788644
14.9676491732567
15.0712537786095
15.046262934886
14.954776181643
15.2001619807937
15.5509086089594
15.2887387518565
14.8066865229226
14.8976595560929
14.7048336257185
14.640022675737
14.7883295194508
15.3488235982676
15.1403409830376
15.1942538094684
15.2996730839085
15.1312538155179
14.9418846888784
14.9820819481024
14.8655228711368
14.940826275147
14.9598725108753
14.8264984227129
14.963702619724
14.9275154298837
14.8294114262701
14.6445004772284
14.7044070225726
14.5387109104036
14.9907482363826
14.5430927369253
14.9111400086693
14.8854852150924
15.1367258635509
14.9324586767943
14.9281636057699
15.0704489407421
14.9277117014458
15.0394300242757
15.177702575126
15.4188593581863
15.441912500736
15.2656188547873
15.2006161626437
15.1598437726024
15.2557408996379
15.0863313506959
15.1433990126388
15.2049168390085
14.758726899384
15.0455268102327
14.8328790704347
14.6599238593102
14.6530037947158
14.4548128756211
14.5794179622985
14.7463456577816
14.8631554737811
14.7163778583459
14.5620763341494
14.4680010162889
14.4001351332329
14.9129000187312
14.9009943548156
15.1972140869287
14.9296583405111
15.4359554856446
15.0488872199997
14.9825132050489
14.8783977110157
14.8290500229463
15.1322077094616
15.375387676283
15.1932500217461
15.1438594465057
15.2493094926588
15.366603248939
15.1592005912958
14.7752368739759
14.8487152633316
14.5968818334138
14.7008498260423
14.7506039505471
15.0715900527506
14.905869006419
14.9611612847646
14.8928545832438
15.1867123526337
15.4339134524929
15.2213418623246
15.1660420116796
15.2155536770921
15.1090567672974
14.9123932537816
14.8684548804525
14.6256182841549
14.9131030504074
14.6625478668128
14.3731963116773
14.1766934046346
14.6152416091066
14.5923113026411
14.4720865218987
14.4363615857441
14.8173623948526
14.7711541480541
14.7695040540928
14.2144324709631
14.6444703275475
14.6864381477743
15.0876125048915
14.9534860314311
14.8530420860018
14.9886471416664
14.8646511694772
14.5294192472404
14.4048841560342
14.3874744340222
14.5209092584977
14.6695447186799
14.7738822956781
14.7519190359793
14.8734041181275
14.9605846136141
15.0260037745091
14.9666926204689
14.7888833321426
14.7056723918848
14.4672090695018
14.5424651321011
14.615559599636
14.5479343069841
14.862267777066
15.1469076270327
15.0204105099753
15.1467020907936
15.1324268358023
14.9913208142654
14.975998160338
15.4922908466752
14.9480690881965
15.0688490517017
15.0316455696203
14.7192414693692
15.0356448476993
15.1613884182632
15.0526117728793
14.6298023916547
14.6093794195848
14.4752205044523
14.7397644499778
14.75550471833
14.8253539161983
14.6967031719912
14.8022324678476
14.9183417085427
14.8970205958808
14.5419702115068
14.6534203158089
14.6549275773928
15.1076638110674
14.9136014913602
15.0541369926466
15.1293807946541
15.2028004397385
15.2382335851249
15.4085694560731
14.8800572860723
14.7826086956522
15.0798685196932
15.1751647589317
15.3326707202993
14.8586081629746
15.1235013722375
14.8292069660128
14.8661471662306
14.4750168804862
14.5227921239051
14.2676363838634
14.5793329066212
14.4433328166613
14.6808026831903
14.4347899562027
14.7621024899414
14.6629237499466
14.6303168712532
14.7609920759791
14.7797265963954
15.1721737112355
15.1970826250563
15.0046168051708
15.0858306662787
14.8729778911321
14.7877472950984
14.7767153066879
14.5094783061486
14.6935049002126
14.600926952714
14.6660585502124
14.7071398033348
14.9230105051087
14.8503442514332
15.0979483018431
14.9898775252344
14.8470497888135
14.7029576384351
14.4694533762058
15.0491577071236
15.2284263959391
14.9839302776732
14.8391823366325
14.8692482131068
15.0409552376557
14.9875104079933
14.8582236040864
15.0608952543698
15.0748670077839
15.0979483018431
15.158108500145
14.9628079629656
15.0360808440905
14.9384507102946
14.7646219686163
14.8889781398818
14.3633866763824
14.8820693438032
14.7173724660122
14.9927616208236
14.9995689779029
14.8867035971429
15.1620773788777
15.4289813066327
15.2981761546411
15.4251041742818
15.3231567744099
15.3607583825853
15.1132410468121
14.5558350527119
14.8977660520203
14.939995101641
15.1455860399727
15.0937908971935
15.1098105116764
14.9238782051282
14.8895430253494
15.0829998410795
15.1662200333164
14.991750950434
14.8024675528202
14.8165098252338
14.9686281897089
14.6355312655263
14.547260857224
14.4756277695716
14.8788579471197
14.8675590999715
15.1523889161212
14.3902028920525
14.9111537739798
14.5274336283186
14.4387517466232
14.5081087189919
15.1025589245016
15.1218876287316
15.1612059191209
15.1314929642914
15.1568045615873
15.1600467795729
14.9217500571168
14.9300915348249
15.024297667999
15.2265772985575
15.118228594554
14.9806793932753
14.9074193409804
15.0318287037037
14.8078134845621
14.783693485711
14.4261744026443
14.6809631623165
14.5790322124495
14.5579408885168
15.1440496203119
15.0065680507168
15.1688401916369
15.3346536960447
15.3590095482816
15.1434682130708
15.3663956956547
15.4992066756773
15.2894966540588
15.2085202442624
14.859517777335
14.6804835924007
14.9893549686403
14.849795175239
14.8584364970197
14.7117127322157
14.7509085186139
14.7640878157123
15.0196033210332
14.7987598323477
14.709236031927
14.8006343128991
14.8301455894947
15.2561846449192
15.2298266500189
14.6071236292539
14.7503998172264
14.8544606313861
14.9505249967593
14.7441457068517
15.0513738166705
15.1049556373079
15.0541979995093
15.0103519668737
15.0098389853636
14.9530827240804
14.8851735648486
14.8688757294639
14.9324382476977
15.2446592585021
15.2273190028797
15.2242070725483
15.1773829504022
15.353765990457
14.8324950984571
14.7046275491339
14.4171994660297
14.5959517156272
14.5860877724229
14.6153191247836
14.9247324137142
14.8372618247831
14.8105789849893
15.0430109076238
15.3079802496468
15.1189772710895
15.2801852849922
15.2369874963652
15.1834362513622
15.2201931849449
15.4070615698862
15.1584881781051
15.2688390742812
15.3785431315509
15.2206340241271
14.8504945400492
14.6715194086075
14.7261588321417
14.8054991854117
14.9064565840451
14.7276663628077
14.5506178740634
14.6659269690892
14.8926725187232
15.1990244752199
14.5314730786085
14.904269286817
14.8399862353751
15.0985539617387
14.9825084590239
15.2776560628633
15.1899472287822
15.2448346656183
14.9078294773659
15.2139600140302
14.8919365261722
14.6927429762732
14.8143935624209
14.8570119943893
14.6910761638707
14.8870858493421
14.9301097759762
14.907564474857
15.3422329030084
15.2871425249942
15.0632453921214
14.8596902326113
15.0115972512354
14.7421900643633
14.6958499147243
14.9989933561506
15.2514729866733
15.1704314499739
15.0886075949367
14.7251682061809
14.9037496055312
14.8411311348595
14.9767751457884
14.9370160637929
14.777690269922
14.7651006711409
14.5051914797828
15.0155358046102
15.0038267700617
15.123779637378
15.0918825061496
15.2765047357165
15.1788941091435
15.1894314147704
15.4761904761905
15.3954223497044
15.107318559798
15.1409169071143
15.2219008385193
15.2608091301485
14.9786428919531
15.2943242689459
15.2445233177203
15.493288689165
15.2116593747284
14.7600948761181
14.6803360387299
15.0540756333019
15.3127014829143
15.0863313506959
15.1530545597051
14.7407586236278
14.6118850890744
14.7479200739529
14.8215105601469
14.7121595856692
14.716819221968
14.4650463190745
15.158127491199
15.1656420267475
14.8821886414094
14.7958092794526
14.6690973841523
14.864787605054
15.0359712230216
14.7013045816
15.1956642093301
15.1098901098901
14.8980845319887
14.7501419647927
15.1790872328134
14.970102811913
14.7655016429821
14.9410562376751
14.825743793958
14.5182640042809
14.6557937730542
14.8294541680292
14.9962007713151
15.1973922491851
15.0087059128258
14.8526835936944
15.2874031797799
15.2471847993715
14.9606867200462
14.8057457682616
14.8207262155846
15.1596555679789
14.9884317473091
14.917245826467
14.7949657207201
15.0605885747259
15.0656410849575
15.0535768513297
14.9176585449899
15.2112840070452
15.2228910407398
15.3053004672144
15.2626218536302
15.3321976149915
15.1572126927193
15.1071773507662
15.1363866579842
15.1563497128271
15.3586868908918
15.1221347534151
15.169516082295
15.3419458433691
15.1829347873374
15.2000347760567
14.9990643577896
14.9065654757643
15.1444750980107
14.9832641392883
15.0107632518023
14.3724272657504
14.8965596726791
15.017975182651
14.7357362899448
14.7044155992192
15.0638482072001
15.1160438162953
15.1689400666735
15.4310980103169
15.2371518471041
15.0478993536473
15.2009318578917
15.1871033627544
15.2219873150106
14.8455971913735
14.9178655092626
14.6486317524367
14.5765160851643
14.7493048189663
14.6494443807996
14.5718713126057
14.3034739003506
14.4302584481835
14.4915266195375
14.6514386998099
14.7014914762629
14.7931538660016
14.5737530951539
14.5543952860716
14.6536348719412
14.8696224632911
14.7092392855105
14.7980079055896
14.832577106427
15.0620713603611
15.0040087046157
15.1135326252337
14.9315577401195
15.137714161787
15.1112778916376
15.243238534907
15.2935874511172
15.019830758437
15.330635063914
15.2547069375374
15.0440699376992
14.8503573767691
14.9704473877216
14.8154479536163
14.7126108092651
15.0226635009713
15.1159760229346
15.0832177531207
15.1548079569986
14.8277241300497
14.6688123958586
14.7814266294627
14.8030550072943
15.0370519881203
15.1530472214598
15.3810095801717
14.974946313529
15.0806707651456
15.1149516639452
14.8750892219843
15.16136958187
15.0930860666984
14.8909995994736
14.9988517625445
15.1177915883798
14.9433702252272
15.0224182921731
14.8976589393095
15.1212015773602
14.9426934097421
15.5054634817079
15.665525469447
15.2943397870703
15.161768729032
15.250196260867
14.7412798564328
14.7653692771687
14.7400533150865
15.1089503791793
14.9253731343284
14.8313258176519
14.9292334219412
14.9513362756796
14.7123314801454
15.0756676987181
15.1893225010881
15.0611499935329
14.8587562565061
15.0862068965517
14.9142109275
14.9037703672919
14.7865354207325
14.9412866508177
14.8705287937073
15.203339227224
14.7960562819218
14.6824266590715
14.6932339449541
14.863666275643
14.9313788891284
14.6116525453697
14.777901881605
14.9051880413202
14.9756645451142
14.9238681052738
14.871654597544
15.0161401890708
14.9995689779029
14.9857484236893
14.8412925364598
14.7527910685805
14.8566675748928
14.7207759788888
15.0140575635489
15.0712537786095
15.0410670208006
14.6936002151664
14.7799462027128
14.9489268908528
14.9928057553957
14.96856267154
