o
135.190850935031
132.018160890139
132.457774067176
133.150508146475
129.709347996858
133.63018134715
132.855097872067
136.28271906112
133.520708147574
134.090982782659
133.265579376986
132.974956544132
133.776828202389
134.648915540926
132.562620423892
132.517168346063
136.503219415552
131.339484568883
132.94890793119
132.871182024351
131.855831654354
130.927622283256
132.290413156839
133.065686369353
133.100248122966
132.069747389263
136.603898249092
132.987381347601
132.913126884078
132.295407901488
130.743168360723
132.107505525835
134.587483494449
134.114435217836
132.236842105263
131.883431753805
131.878497202238
131.585243313077
132.723737284459
132.73396915258
133.565189259139
131.968655045578
130.814737276173
134.683817048089
133.622784564041
133.600945274437
130.867642163002
134.501115144806
134.267983624667
136.056996182704
126.558699467348
132.748500290266
130.41825095057
133.91595328211
131.342284019517
130.843794692516
133.114785866546
135.474974966759
136.999701561826
136.661373560937
134.188936723256
134.468431771894
135.023026423229
134.156057428093
135.906675222535
134.255571630606
133.817309717878
131.484965402889
133.986077678746
132.709135738804
131.153288393811
129.229802936327
131.251295295487
129.490511063863
131.038878266412
131.85849176981
136.615903009481
133.723941473521
133.950877648357
131.215315874
134.273611088569
135.845404288128
136.115495922126
137.937931264376
135.843418006272
131.988868986694
130.524249715082
128.94184699214
131.427478116679
131.151711746092
130.673980942717
130.632911392405
132.3117323982
134.884100555011
133.971291866029
133.714619011358
131.803466917569
134.504922300871
132.093276181946
134.849424124768
127.619963696728
131.031408695098
129.981683824923
132.534968693161
131.412911860302
132.651094046204
133.957397102484
136.558997586538
137.146555157308
135.991450180862
134.923355698124
133.554280171369
133.184152486437
136.059345033472
136.327713382508
135.858229178642
135.363181476273
133.855718171221
135.155035588644
133.219194676401
132.245068297459
128.893410549382
129.614748286457
129.271473236029
130.905042150469
133.992659716132
133.563969090498
135.871888461412
133.45072128976
131.876906370271
135.662796998407
134.827799680688
134.543087313858
132.869721994173
130.629131199772
133.576051779935
133.595380210608
131.753463621982
133.158762486665
131.320213528803
131.120965050303
133.335491389357
130.315110098709
129.998736496304
131.714413607878
133.898140033109
133.377485583214
133.936827760744
133.40770922261
133.412976446088
134.797109505281
132.108710622828
134.10865322056
134.310372903436
130.760204243443
135.282734190501
131.016808862855
132.247191011236
131.073680188499
130.827616869919
133.748257642063
133.856862395145
133.381841701027
134.236713952996
131.961239689277
133.432531659901
135.465755898918
133.96670726756
133.20207855921
132.81174538781
133.718196117859
132.761312963828
133.843057043603
134.65837698471
132.357660953848
129.235655769926
129.958765818285
131.634887400706
131.859341503216
129.944037203437
134.21519337466
132.815015131028
134.416567623451
133.075372833535
131.919924589797
135.357803875322
134.18317635596
134.383688600556
136.644934970381
133.07555985178
132.441503798038
134.255412736425
130.223656322166
128.868642276805
127.704214845207
135.238719187618
134.845394468467
135.387993183903
137.188603251952
134.702787235082
133.05050175309
