o
7.58031696901957
7.23091840975204
7.1774328158905
6.86508206769734
6.9393118173606
7.02715414090274
7.25189762690821
7.54489643697286
7.40897544453853
7.63700410001732
7.52620604952729
7.62754551342016
7.46205256003625
7.41119345770509
7.33063700707786
7.21462461624337
7.39233063364853
7.44328247328419
7.53721499905785
7.34949844638981
7.72973284200829
7.57671957671958
7.37840473801009
7.31024981372921
7.30764923283682
7.43467797387119
7.18060261290278
7.29474721870159
7.47887645581183
7.47470101195952
7.35770867984101
7.45272045836385
7.3045398564573
7.35800344234079
7.22905043556078
6.85285399613847
6.93556457441486
6.85948368295164
6.83657842922774
6.95487675958382
6.74133161442806
7.07302725566542
7.09299549138306
7.27421102246986
7.43732313249243
7.09013612507443
7.1199024822695
7.08951033243486
6.9978330181778
7.02131520540488
7.59137225302639
7.55526937110968
7.55510111338332
7.37239011762058
7.31490747135347
7.50186470824488
7.5444922310555
7.65564061822909
7.7887537993921
7.44993020141876
6.99039856323824
6.95704779189353
7.008340619232
7.30361777260931
7.20738303685942
7.34890399966212
7.27355059645945
7.1500531706498
7.15052339601076
7.34249504170593
7.40562089463305
7.31051481709708
7.31898457835372
7.52794355473502
7.36097125108145
7.07886295763743
7.09337766694375
7.44054019181971
7.3745895142113
7.27089683715988
7.1084834318713
7.00251546672106
7.12806902972113
7.2972972972973
7.41089115966195
7.19763684524387
7.16378125477238
7.00995358644012
7.06601399374983
7.23375193387877
7.4041440468408
7.41171135423162
7.47824836413317
7.08178362131672
7.02941942202551
7.6297560485895
7.53061080048128
7.65602374227588
7.52339505646102
7.49533322883566
7.13203297696339
7.1772343164139
7.19911916659609
7.32283354528558
7.49143835616438
7.49633799580665
7.14968616203184
7.28028386038819
7.17065889147752
7.32329348739795
7.23928781060458
7.08085248455846
6.90981523456281
6.84987360352279
6.89448441247002
6.98515312551361
7.01856793417834
6.99300699300699
6.98788858046429
6.90190312831822
7.96712636542356
7.59442884163467
7.68403927720644
7.44603754280761
7.34484024972457
7.22790891999164
7.23847852212068
7.03004622496148
7.07150696730991
7.02370500438982
7.12270606966286
7.15309573180066
7.33554854697004
7.47887645581183
7.27865443253193
7.10936527476175
7.42345012324922
7.15095853273949
7.17650318647825
7.33971155219192
7.29916701962445
7.39541083227036
7.62152752380813
7.39719862743995
7.34971323373221
7.48656906613377
7.36401909294434
7.26081806145913
7.14737063820824
7.15096958734699
7.47441287637491
7.50701085784138
7.31645067067465
7.31475794293372
7.49989224292754
7.22821896684657
7.13191982452994
7.55269657113319
7.34420105281032
7.59530366719815
7.18651447070972
7.22216831394946
7.37069332803136
7.4790586358197
7.52213657334441
7.4636432264589
7.51683306245647
7.46503446500586
7.52691267054286
7.47089171435821
7.27164904056592
7.33942359363068
7.28298391849794
7.1825699206954
7.08211348110972
7.41314917905715
7.0654476377899
7.25812134451413
7.44894901322831
7.4621541798051
7.36560570204305
7.63984806629834
7.48661570614675
7.32994526974199
7.34169041368952
7.48750902322685
7.54522850038584
7.61780861520671
7.68153399656352
7.71910550889721
7.61504721900762
7.60488885712244
7.56200414552212
7.44916161255797
7.44770231975279
7.44789983277357
7.60969446358833
7.6248790561324
7.51019947202733
7.60215394361736
7.08854413280227
7.08941080678899
7.01390329943972
7.00992727373282
6.89327634167854
6.94185677417574
6.94088472035577
6.90195647092791
6.94729356418041
6.97826056797214
7.71010023130301
7.81592403214025
7.77441033074186
7.6046718512354
7.37754139143862
7.33005037640799
7.19846805417721
7.31924015287199
7.25937433797048
7.28533031546188
8.19993959528843
8.26534016803664
7.97746144721234
7.94487592628343
7.94947994056464
7.13128487752191
7.09819633721978
7.1244888495426
7.2857671400518
7.29896092161735
7.49319771500207
7.67396488185563
7.59490056676232
7.68616055212495
7.68650655528484
7.06322276850634
7.05599136678703
7.03963410434088
7.11963224576746
6.92448750581602
6.99136116956474
7.24208029815348
7.02157715425311
7.3690188839983
7.25471486304445
6.94188726593293
6.89832064366327
6.86953327982806
6.84818933873884
7.08479483324982
7.29029915365493
7.3600402983195
7.35835172921266
7.43647128813847
7.42800174115731
7.54489643697286
7.56499145888061
7.38246523619662
7.51826168676758
7.53437291598678
7.43663251114076
7.40268931351734
7.56157177775554
7.53003473210727
7.34796344352928
7.37179936372682
7.47208703120527
7.37155725895567
7.37945257368931
7.42136048833685
7.66078229765542
7.48575155244279
7.63554883183239
7.51147193787504
7.42633667000805
7.53327911655181
7.6514315581625
7.58385577673129
7.47210509709434
7.25993354368525
7.44220795080672
7.54143446478975
7.52138715048516
7.44770231975279
7.01014554267015
7.56361956725703
7.7673886918545
7.79524680073126
8.00274209412536
7.86119707258408
7.79194199169639
7.73315535952643
7.71636216231867
7.65402636710224
7.74244346266568
7.40189270834825
7.46386484663193
7.40510003256545
7.51751238681018
7.47793512501064
7.15936952714536
7.23334866413012
7.12708572067414
7.09652381216389
7.09982491693894
7.55402424784119
7.46921947362476
7.68725840565969
7.52947861912203
7.55970448427925
6.83408144284039
6.89226444672685
6.94074408055635
7.13182144236605
7.09659638969271
7.29999013514847
7.10101679929266
6.93836216334574
6.95435092724679
7.01898690794434
7.59231565627516
7.64369718867409
7.50506520560454
7.10916766360024
7.08954188517994
7.49133145931137
7.20768447908099
7.1950549837372
7.45036677624496
7.53191489361702
7.73331003145753
7.50718544892969
7.33527613902907
7.31862088415709
7.34489764025629
7.23922800094485
7.72826880934989
7.62197330860298
7.71533186097873
7.33369721907321
7.16356338499275
7.42304158051918
7.44204613498332
7.50635042954591
7.44834214320038
7.13619986923922
7.27066977862649
7.25503704849345
7.38162569791893
7.17450057117383
7.55282654443772
7.60004061090403
7.44738415971293
7.46205256003625
7.55843588436612
7.6549582257994
7.71238380106155
7.51023467681485
7.56485689456214
7.73021973186259
6.97104124762351
7.0070898507545
7.01667831544903
6.85595754424719
6.9647891216627
7.00206753962784
7.2928739011222
7.53583854249376
7.50997754159097
7.52440055608903
7.33718405404255
7.17559177609911
7.26474545068328
7.15523816127019
6.92648939934137
7.38298531856736
7.3711126666
7.41745432967406
7.54490504565525
7.36420909245701
7.44860462806634
7.31266548057661
7.41930440467899
7.59624791390919
7.61319811455506
7.26786683931331
6.86363084723365
7.08925832262344
7.3499272074517
7.2020165646381
7.36439597790681
7.37527727934216
7.3036009436761
7.37693289828345
7.44860320818917
7.05807310444284
6.93846889298641
7.10410024053253
7.25980846462774
7.25014401933372
7.4824763843298
7.72144309091707
7.51814849421405
7.47761681115825
7.54906894816306
7.17185952085281
7.00551908281377
7.04765892121973
7.0725070103463
7.10337202874516
7.27120184576662
7.48842108300749
7.13755260335011
6.95250713690566
6.8490352800207
6.86816930582432
7.08844541618505
7.50962035494802
7.6166111894414
7.47778030993619
7.36734520057917
7.37260673298711
7.46481687648083
7.52870318087709
7.59673514359859
8.0736459512602
7.67174745358665
7.4605533958381
7.42059535678678
7.31238333169588
7.57313982953237
7.60980372449639
7.63612697953576
7.59891567654862
7.61611333467707
7.51815705855652
7.71122201044652
7.82180401382048
8.01752529693158
7.89225231604414
7.90304810870363
7.867209704357
7.99261761947996
7.93838512254974
7.91904971403432
7.30996211214243
7.22736912601853
7.43579477206429
7.46077762619372
7.47435621547952
7.34484024972457
7.41686166063958
7.53070044071713
7.56873868608977
7.80998153737948
7.80106551138692
7.39636649980314
7.3931393932527
7.2054311457885
7.28196443691787
7.6514315581625
7.44518535262206
7.45504211245163
7.56427488775131
7.52616407037673
7.54550750998252
7.31370937408579
7.25541004272008
7.27599623558496
7.48647879305437
7.67561196475543
7.93427993085209
7.6717524351349
7.7361032639402
7.49218083593972
7.23564507256802
7.10617626648161
7.29328621908127
7.43903135530299
7.32559450016905
7.1910548265972
7.08164060326117
7.01164507134656
7.08993976320709
7.3536732807055
7.61620147391632
7.60836485370201
7.39939906208756
7.5
7.30838289754236
7.05418390868442
7.00552118303138
6.99986193566202
7.12701053799224
7.32058226134056
7.75330396475771
7.35834133664765
7.29269322821343
7.3992443324937
7.47068150327824
7.33238231098431
7.3783292024241
7.27956350889096
7.24729457789786
7.01981822946117
6.68699513186754
7.07606420097697
7.08699563983667
7.20730787496159
7.24222299895142
7.13240927770426
6.98049042419903
6.88371583802056
6.8921103833822
7.17516332570216
7.12344044051021
7.26006541107477
7.09465545193787
6.91691500123028
7.41460348300642
6.99726194097962
7.07964601769912
7.04684487231062
7.13627349663436
7.33472098324908
7.2965967996394
7.58151200286636
7.33524030700388
7.47872431874839
7.39061056521374
7.42975888866748
7.40220057668307
7.39049024058103
7.43178079083225
7.46597022128227
7.08091885986142
7.22357019064125
7.34652517803361
7.52424083249336
7.45749229392463
7.58640470385774
7.46985533427961
7.07268073864105
7.27820480333361
7.25863973930434
7.40425531914894
7.4258488217367
7.51912128357007
7.40299523485364
7.06197325465448
7.2612514487593
7.40257530205911
7.49767041789119
7.47418268956467
7.18122860244385
7.37696731018935
7.21613511061484
7.29517396184063
7.4012923795155
7.42602213688728
7.24032302979671
7.67011265931071
7.73655158425452
7.81284035956492
7.58654065133227
7.62792051823277
7.24556121444047
7.16438836312653
7.19014241210503
7.30400451212634
7.68551620326815
7.6830173304425
7.56999008862778
7.4305604887405
7.51760588735113
7.40201951052542
7.36779222256991
7.38948001546635
7.44315046201305
7.47959140060692
7.38592531215178
7.32703959419473
7.53783301685943
7.54635927543495
7.3402961285181
7.61352046313189
7.55973931933382
7.37031221264978
7.27473055245575
7.18770538798227
7.26785210273779
7.51010976314269
7.34276596345562
7.44740271830199
7.30534361910672
6.77375916429766
6.98381966532983
7.08936181951092
7.48299319727891
7.52399896220704
7.55371450685854
7.35540888242533
7.28743797925124
7.33243683204756
7.23940243545215
7.44253817693527
7.17443897555685
7.01285460382194
7.092492741601
7.07426597582038
7.89868695259331
7.73059105316754
7.61026232343615
7.57195508453916
7.70141314355025
7.75772479105373
7.830634971939
7.75983810619186
7.5919713095789
7.52225093310365
7.6511865823259
7.82167175393285
7.78585959109602
7.81353658356799
8.04961929505759
7.39985056612449
7.44388456252863
7.61421319796954
7.53298381056634
7.64693030369238
7.68360585893311
7.46140159559203
7.50466330234105
7.33848960027148
7.37976079396047
7.29336644200071
7.68828299857571
7.3755726706665
7.69846920612318
7.42181355374737
7.55827371336257
7.52776221465615
7.62517758255777
7.51492248894233
7.22670119888049
6.92051025031925
7.20827679782904
7.14505870156071
7.18755284965331
7.2781442860183
6.85745509186531
6.84071110625632
6.8520048207781
7.2780816154817
7.60292021253618
7.45338094428385
7.44948053430757
7.2078590710489
7.29057331706902
7.09919422061684
7.56974983779108
7.44777993379751
7.13000138446629
7.08094081272085
7.03134637262024
7.21757027263244
7.22431859946414
7.29462657449425
7.39825622674732
7.03337080808358
7.73042328426743
7.76579533466182
7.79056606547015
7.65654908394859
7.57336699274219
7.08311879879211
7.05302164120507
6.93095228252932
6.8988173455979
6.97460913413448
6.93312141183563
6.88054265936449
6.85635927322592
6.85424216512616
6.81636469583836
7.2550707863424
7.38128551440564
7.26844121402613
7.3236813140293
7.06302713033363
7.0671864883109
6.9389210389183
7.00895819508958
6.87526695049532
6.84360546412821
7.54580868561535
7.80401936335632
7.69074498650492
7.68942775681825
7.50662559988539
7.80136634099758
7.81913491668375
7.83620562674915
7.57553977517753
7.65243506259114
7.96765546554507
7.71025667038653
7.86890086365985
7.36802444844476
7.53018565802571
7.34753857457752
7.56223853962496
7.30490974222097
7.20173291698315
7.19172811350058
7.04789806804677
7.18095158106916
7.61702251609333
7.60973931985268
7.7720207253886
6.99087725127013
6.93127396269665
7.16614208633093
7.42038397994645
7.26683249951089
7.57477570887516
7.37301252286478
7.48364289481562
7.4199371721795
7.32126263621772
7.4750593145242
7.31528895391368
7.52352890694282
7.65269218528484
7.79338072485724
6.9896459861031
7.23391054204975
7.31578872457621
7.31403672580143
7.37521587724017
7.3685841892444
7.3463056965595
7.2515404283858
7.19535241828235
7.33624702009309
7.28887635697166
7.32291226587805
7.26768847915842
7.30215117426485
6.99002993765278
7.60924704688746
7.62210555242186
7.68
7.46173015307939
7.68204541789448
7.43785198247909
7.27293149684793
7.24019847648333
7.37492525413594
7.26310455492371
8.08234731683997
7.84573489364834
7.84908550054487
7.94085838308716
7.77304466207018
7.89647820013234
8.07820551682328
7.78629961214313
7.54362492527541
7.82417062312346
7.27484152757491
7.07827577626013
7.58544524529179
7.85099436034432
7.83503946809601
7.63425127841115
7.47698290158404
7.66233388583559
7.75508429124328
7.75701478635464
7.80199871427737
7.41837689825228
7.39281840497802
7.13506253672459
6.89440741892312
7.67270874281139
7.57532115905294
7.48059280169372
7.76941991241216
7.87752013885798
7.8139861572455
7.97298704389605
7.85180446098816
7.91064928965598
7.85110675750753
7.14914056718377
7.20814760480731
7.23165108684989
7.59681574083507
7.46747231762409
7.84862317773524
7.77516332227467
7.74054620320389
7.79750125527956
7.60938490805327
7.59647523549073
7.64268278507497
7.45937432887107
7.32387981470726
7.2131882291973
7.37771333532347
7.41635291610428
7.56508733973196
7.50618283846521
7.36989518056951
7.43147091376906
7.58376148780664
7.72392808554836
7.81617993405558
7.83756464159623
7.13681905738557
7.06546023235031
7.34907390296948
7.25854658279013
7.41502721700742
7.32842895925056
7.60698222627157
7.41243705086856
7.40415029574049
7.35118420127908
7.19815861058799
7.43028767454771
7.49989285867345
7.51836547291093
7.39239639228222
7.40677677507237
7.4448658519455
7.41929580042517
7.61012944467798
7.44349901274202
7.16915866993975
7.26470505578507
7.13125361381095
7.38554543251066
7.30810932593604
7.57872729648504
7.19733145095434
6.93123131285676
7.21140355799989
7.35125530207497
7.2915788586361
7.35242234797703
7.53966550781865
7.55075867832903
7.49614483979668
7.44604830641704
7.56342471871263
7.66503509552586
7.83548396492965
7.82853456869759
7.03287042760402
6.84175377863792
6.76730168980734
6.8921366985848
6.9052102950408
7.00609106552676
6.93757537160743
7.20226237409972
7.21378138621583
7.31178529424268
6.98784306754003
7.10531035719706
7.24678310111856
7.41347416580765
7.24485068025778
8.00094302090854
7.67469653990698
7.50767994028308
7.31573234850514
7.49383968691115
7.31132408361445
7.28650946826662
7.55692838158178
7.56257817779248
7.53653204464388
7.29344569812694
7.54847945859182
7.74481491205041
7.90249129386552
7.6803351418971
8.07155979881336
7.83426945802028
7.89342410281992
8.15685326727289
7.97126189380557
7.19655683183813
7.41359063963441
7.14117663340576
7.15887407902617
7.0433212498794
7.76269569365541
7.61216795694592
7.71481389831002
7.63885891847568
7.83901130655128
7.70476162941976
7.47607655502392
7.58520812721355
7.3742985251403
7.39082692795
7.37762730991677
7.49953750480283
7.56065018722293
7.49213041434615
7.53033649846525
7.43188619569688
7.63523113796518
7.92006465358901
8.09105049054798
7.81216155723383
6.99062465932628
7.44694589126598
7.26222521310004
7.43143784030983
7.4670717899474
7.40593609897282
7.56928866053984
7.39313494612146
7.33489434931024
7.11743772241993
6.73800501681166
6.96506520341001
6.79833400510547
6.90820400321565
6.86682439966278
6.82038735426377
7.00366662546863
7.20013318165423
7.25273195517505
7.14739956313767
7.0338036327527
6.9571136827774
7.10057527165606
7.57946914896683
7.40981659289846
7.56941033715656
7.38958097395244
7.43046490611507
7.53352635293779
7.51578887206013
7.06635137014884
6.90655432004973
7.04087892476716
7.24137445231823
7.25576213355616
7.30871500277276
7.15498761101367
6.76243393413742
6.8348093954563
6.9572138211159
6.97792612738836
7.11076272728545
6.99993123839648
7.22782500459695
7.31597719549527
7.34629294755877
7.24922731104243
7.19777752834213
7.1224672562409
6.99572483482316
7.03879062056563
7.03502247877005
7.18882173117994
7.36813601835621
7.18340702718536
7.08077638630495
7.17539065237194
7.4509691969511
7.43017468664965
7.33025230030298
6.92627783726636
7.22898331017251
7.23043508722763
7.30927364093193
7.28926810662674
7.22695443510476
7.51858039983868
7.57149656037728
7.46819627442072
7.56801864667712
7.7125303199756
7.67114514039506
7.46863174666401
7.62104222115566
7.50990990990991
7.32911696874514
7.52271280597188
7.28850690933603
7.27984454645301
7.11062682480477
7.79880827199439
7.99988126335787
7.77360468163158
7.59947629077247
7.37312841414056
6.8474539427205
6.97947619376684
7.17151524471223
7.328784432651
7.57695570284531
7.5917092805065
7.50271010441034
7.28620553582502
7.48295388882468
7.3403748634186
7.66043131876149
7.80343467161754
7.95390585656308
7.73181005135307
7.66516255929654
7.65005320525726
7.70704582450985
7.8502592343068
7.60439814146778
7.64604810996564
7.40940895386541
7.53249734569141
7.70086671351605
7.48695131342517
7.38002173084793
7.61981729756252
7.40095155091369
7.25037880397071
7.27502990220221
7.43568844465417
7.82689444747432
7.93001353904751
7.61877380866815
7.26501131205823
7.12101537301554
7.24474580086093
7.3125114257991
7.54852109145599
7.60090233774444
7.31591316025067
7.62720417549779
7.48293490989061
7.34851559984883
7.33684060855965
7.35961429381736
7.1779856156011
6.98726976877743
7.16845878136201
7.21150453717947
7.16114690902952
7.40240367024121
7.53128490020332
7.45080195654647
7.43878939016096
7.35200193025533
7.19274615715734
7.30410750292587
7.10590721993548
7.1080817916261
6.86647615694029
7.03401379272372
7.0973409372952
7.10751863981604
7.1183908207998
6.75276554612824
6.85034525193136
6.85622376097268
6.95463711060205
7.05865941270838
7.15729201751431
6.75356250422098
6.72318824927098
6.6719363352581
6.84392058879444
6.99233320945342
7.47924013195313
7.54679009861139
7.59337409927368
7.71465930553538
7.71301227135911
7.77142196798983
7.78204456856927
7.79315901267121
7.658038028128
7.30070204447683
7.33303249097473
7.38877758358555
7.22111553784861
6.99091045365967
6.97788966725044
6.80391258656463
6.8914493964844
6.96700996860715
7.08952093296418
6.97457301334505
7.05578700781327
7.07481477355022
7.25604907417926
7.06801584781679
7.02245245647326
7.57282943239568
8.19111590656961
8.04697046463804
8.12301420778131
8.24113281427856
8.34051458820633
8.11724915445321
8.20310161068199
7.9587324981577
7.93483497952301
7.46300421390162
7.74751025190393
7.88065174320608
7.84162297833158
7.7825599905666
7.3664566641878
7.57368504413183
7.36702727067839
7.03498217162052
7.0704953538741
7.80813457636091
7.49676373102693
7.48136810333729
7.5746624649455
7.44169034690375
7.62860582152543
7.61995304149921
7.87262533660992
7.94329167649139
7.88589859296631
7.44688410431323
7.2308888025315
7.20997495191044
7.29610127716782
7.25711728843895
7.3170046626594
7.3869275485609
7.35262987058807
7.2980431158862
7.28253728631135
7.11857351002567
7.0855244948796
7.27079517331059
7.4471254095919
7.43326314599438
7.38431011267805
7.56758312112449
7.5662225308508
7.48183290573177
7.37923273074348
7.27453204764606
7.15466581458996
7.3408536931013
7.58016644357796
7.35625704622322
7.52509548352288
7.62643446168041
7.71679650250136
7.88186130898384
7.64508282173057
7.60352435571271
7.70923505151634
7.49397036866889
7.58024227898179
7.31524763101778
7.08366192116659
7.07058053920136
7.36088216904451
7.54793371699586
7.75422790045048
7.27777777777778
7.44079255070369
7.34179347520916
7.33585840807648
7.23223990412753
7.45265205698919
7.14450961446865
7.25329789737414
7.40930722977402
7.23038705469281
7.40289887894916
7.65461451477283
7.35273363628666
7.50240277718007
7.57771463015586
7.46321398787228
7.44293981972804
7.58189605278389
7.58270741356574
7.50322681304342
7.5732440892633
7.51129544903864
7.59395915565471
7.61858302964217
7.54304221830786
7.95728505716525
7.99442318531043
7.99420752430771
7.71457519177884
7.81158572264482
7.35708648100124
7.44892269419384
7.39546656485527
7.44487789542876
7.2179026279854
7.20189067110434
7.14533954264266
7.1874827223973
7.18222816101554
7.41119345770509
7.61072805889915
7.38227402433311
7.41985559052651
7.18345328691153
7.61975428432813
7.70596129702585
7.83968288923145
7.74808490731536
7.56507244518528
7.74574202174039
7.44947527935532
7.54555198285102
7.55152039198732
7.53037823036112
7.59065015568725
7.19915336842399
7.32590371669401
7.06249827238301
6.92503782870074
7.30492061704763
7.62656147271532
7.65769663407459
7.58139268753219
7.58642489726716
7.56736537714541
7.59135357694287
7.75975007558198
7.90903869095836
7.79035797857652
7.62031698200678
7.67459708365311
7.71692901302232
7.63557108009411
7.54775983625199
7.68581326967306
7.13225193222973
7.13828514179167
7.29043557504735
7.25095906580667
7.38101298040214
7.45747244442543
7.49820788530466
7.39950195659908
7.70449942766576
7.60374293886821
7.51825760075757
7.57020757020757
7.32085034492468
7.30246617136077
7.35461801596351
7.22494978799375
7.59241048186499
7.75979895066355
7.85761760578982
7.7309456213147
7.74400935125658
7.45565293232237
7.3931393932527
7.18863193089997
7.28908188585608
7.50613412314706
7.6250345600326
7.31813520992232
7.33622206014844
7.23595066143294
7.45398162109875
7.19535457809695
7.2728301780004
7.30289279636982
7.18684404409414
7.41538941428349
7.44826418767369
7.54488776259521
7.19785738198862
7.2189135535102
7.45680074568007
7.34650052273177
7.32626686316744
7.38909256259414
7.27391316677537
7.15070741920674
7.25075528700906
7.37807657247037
7.33611043974011
7.30678628355409
7.37385889179817
7.42296719985239
7.54695406077585
7.48711817120733
7.58542565852679
7.04891729178952
6.98829323318614
6.98235891245302
7.1230652970976
7.36242777808942
7.21314209472982
7.30110775427996
7.44007397396685
7.32682995297916
7.19554125998225
7.24212174593854
7.44718940207662
7.40477038091848
7.55075867832903
7.63006447332362
7.2929108410033
7.27267631685888
7.28617867952023
7.43357308025138
7.58181506653721
7.72173012768895
8.09220576891081
7.94980941221838
7.97007881027651
8.13213231038628
7.01429144588481
6.860715300613
6.67922360704792
6.83433946177858
6.59487659688315
6.82070316245052
7.09438186524872
7.15039431300678
7.17011195437964
7.15843632906437
7.02559918126876
6.86580228677718
6.89010218255333
7.3075558708762
7.45391473868295
7.41257149361181
7.38726941471191
7.27154636846267
7.48150998247189
7.68870958311407
7.52041563213112
7.3407163186519
7.10643152671441
7.00303280948442
6.83567101457185
7.68281170575848
7.64413733534874
7.85721642658505
7.70822404849333
7.80065321357751
8.13032611641422
7.92323267893301
8.09267612810407
8.11523028088878
7.88263306564917
7.61652572534951
7.65001890689084
7.42859582461683
7.44487789542876
7.34746631825909
7.42764449756681
7.2427293064877
7.16383992905443
7.5028496400075
7.46787818556116
7.33664394130685
7.48320530627285
7.6512532723933
7.31315108718451
7.51579457778919
7.6356539453253
7.5978959672706
7.42431286364341
7.31779535552642
7.23911348702528
7.23231364226575
7.23899853546272
7.30407041011936
7.33916302311056
7.35294117647059
7.35642433193078
7.6155574960276
7.68046945790844
7.39099336633802
7.55937978724927
7.53402348009573
7.70993356487152
7.53386686377916
7.49682337992376
7.50746440055122
7.69163788349345
7.50996073035801
7.65813164971355
7.55956564772711
7.32688642620174
6.81359467916503
6.70479993524539
6.58044324367702
6.38015180814818
6.67381071879112
6.80788738506605
6.93746644826495
7.07507440058397
6.94787041604999
6.6766571222136
6.62341356377575
6.82852807283763
6.98977447821824
7.15586052373617
7.16338344925243
7.2436355484567
7.46386939669457
7.41520900641892
7.79519886615289
7.75957087221692
7.41457124435848
7.48828169658169
7.75567434931207
7.4293579012415
7.68930014335983
7.52137729859582
7.54199520054851
7.60364061742132
7.76494971757185
7.91828564700341
7.93965859468043
7.72741190021433
7.53529051465037
7.35911354860373
7.53618223858868
7.44473714351163
7.43308078999757
7.44855087944171
7.70214497471371
7.74824002197262
7.79835270751796
7.45196751852326
7.57925737714385
7.42710823772405
7.49717425207102
7.19505025336655
6.99883808352129
7.11684179679324
6.96782058208314
7.02533590323752
7.23274384380618
7.18584513600289
7.30736423087859
7.25996306581897
7.37083256257382
7.06855530349139
7.46375565870151
7.4130041199196
7.62119306047219
7.53133264344027
7.20627071978423
7.17380100015323
7.27508565144444
7.37153083544016
7.31047694171338
7.52381090445195
7.31108303402848
7.38028328933549
7.33040493778336
7.29916701962445
7.19042765592058
7.32010626872421
7.2123543387261
7.19241834489761
7.18687272778316
7.73700037955096
7.81799016163036
7.66846846846847
7.65909024596621
7.47310976399948
7.24862501762798
7.39813175583287
7.35785953177258
7.15150334618007
7.30598779503589
7.17483800995578
7.32843829426716
7.25063688026651
7.4132984917772
7.36935191813703
7.49192680301399
7.64143161063433
7.16450428054691
7.04656862745098
6.95799282371721
7.33885048334209
7.30120246903259
7.23765259267555
7.07656930110323
7.10538732687557
7.86172781343855
7.72748321370688
7.80758827399664
7.71834602702151
7.65194578049847
7.55038401570711
7.47875516766192
7.69152626003164
7.52092286812938
7.36151501102822
7.38333475868753
7.36437395753824
7.42486406678119
7.62051296938731
7.59632603546878
7.60450766244677
7.31507571866802
7.36451540364291
7.6026501487475
7.3070058009817
7.44384842660853
7.42871865338372
7.29855153986781
7.26988032658539
7.23953858505049
7.15413528581609
7.28386086567498
7.21561374749555
7.10435383552177
7.17938767307452
7.06699062825408
7.20843345046459
7.5459742803243
7.45164960182025
7.32447712145264
7.59544850690233
7.65834238146942
7.68186675137898
7.6594639817673
7.69151881858271
7.56464463427963
7.75432424508942
7.72189563829015
7.63866786261972
7.46394062456239
6.86910538079922
7.30708301816781
7.26522304517442
7.30816077953715
7.2748090537163
7.59310244892045
7.66054309602673
7.57924408905252
7.43054367048891
7.21753510665134
7.17195959144946
7.15630885122411
7.22840337325491
6.89319601005596
7.06566337955687
6.72612158758255
6.67221565889808
6.49204094366927
6.71204259047106
6.69360269360269
6.82263863165922
6.76595512960139
6.88599846977812
6.99166483878043
6.97763859128619
7.92404654643638
7.7388672719412
7.51097428880908
7.61830133646772
7.5908966746697
7.2192624946099
7.29702956482915
7.02913624559829
7.07925446601405
7.15807651064659
7.16388071305603
7.38510880726976
7.09522759836879
7.24412562132851
7.07534132994307
7.23062776895428
7.38246523619662
7.32498322522926
7.47433382494022
7.4757391108102
7.25020139448318
7.12152220808673
7.25022351363433
7.30569369168017
7.84814211738474
7.85471725970766
7.61626730641385
7.44423883717317
7.57879082537322
7.59658515410216
7.41077905637028
7.54462104446297
7.57106872975891
7.58209127338773
7.37421692839284
7.40244180739389
7.28533031546188
7.1553350569492
7.50439316682511
7.5747700774857
7.22473080930879
7.21744471744472
7.00395517468688
7.02165815974617
7.07622140833391
7.2104363772767
7.3427463852183
7.56301312743533
7.59139257313571
7.7822716056593
7.39752090758068
7.06523241987667
7.03238744059556
6.97149034663414
6.85070605597
7.55066321438387
7.59156235512286
7.73952887270164
7.70963777868804
7.79567135090779
7.48204309656824
7.54008377870865
7.65191079559506
7.78015912627345
7.69399546551598
7.80340088516189
7.88772640007144
7.97598243491509
7.84642788794182
7.66405875778381
7.48104848458989
7.43275299394741
7.44374166343961
7.6029658807855
7.57336699274219
7.46572934973638
7.76798825256975
7.6890652480414
7.60340632603406
7.56636785518693
7.43061018091921
7.89668992132997
7.90868924889543
7.68840946934048
7.63851996496619
7.35221761439516
7.20027962250961
7.14455158170883
7.18374833259226
7.15467328370554
7.22454672245467
6.97674418604651
6.93698227669038
7.26633872101195
7.51481492084395
7.41494004491335
7.50881500620976
7.44159625079884
7.47477618303254
7.41645828597409
7.39031996240762
7.16934827866705
7.50071983875612
7.44686864119376
7.67687845423455
7.11949997930378
7.20479202446278
7.05291071403779
7.16574995451428
7.04478271679973
7.11376443675724
7.19968623935455
7.30841805841102
7.08581867500727
7.27349763434786
7.21659676029883
7.08698546543881
7.32227923610817
7.27138454546746
7.23425608430208
7.51467597467222
7.37058865298587
7.55656567118806
7.56538655522732
7.49293523249508
7.62094102054341
7.70251557812139
7.10264422084268
7.04186072454472
6.88284088572016
7.08353009805828
7.17438520283052
7.36714112009155
7.45009437739518
7.3911814584511
7.37745619635383
7.45916748831826
7.59384438371926
7.7002727179921
7.3565750271812
7.42268041237113
7.42220144761257
7.38389149506087
7.40130410694245
7.35899985793437
7.21029079635838
7.21210853037595
7.22760695187166
7.23719920390809
7.48945450371603
7.41277212116048
7.49267176664045
7.46674295522815
7.64927004108751
7.67981743976829
7.18967777547782
7.21874340392598
7.45103096476522
7.203200179031
6.91408934707904
7.01044639640888
6.86190417840951
7.04844604435163
7.07283782106961
7.25902142807287
7.13886560491758
7.11324338939808
7.01350647927454
6.95594106926726
6.80485476612573
7.02737778023222
6.99530902806353
7.45190588571837
7.29378042031474
7.17228750190752
7.01797926318112
7.18137871294045
7.12061767867864
7.19007797491242
6.98380146050134
7.29719753542122
7.17276025676807
7.15879900619026
7.08653698023893
7.27731831529372
7.38853140481749
7.30061262892797
7.26981270037685
7.46151317200074
7.44473714351163
7.25633866693122
7.1483852810807
6.99472327892993
7.08349601204752
7.03894236088063
7.03158655382777
7.05267379309391
6.82028150643987
7.04048277596178
7.18140483576255
7.38683620677503
7.48154599580234
7.44254751015538
7.60718232837192
7.63588435861437
6.97291756581787
7.05618661538249
7.27641932481597
7.0313792532951
7.22153023665906
7.36324889197264
7.56686236138291
7.4637495370766
7.64870882854747
7.70033933698773
7.46004056219773
7.55113195063717
7.40803216238631
7.50866105208228
7.60142472417687
7.57316447030635
7.59073526228444
7.48679846848001
7.68620304508847
7.40667448796415
7.67207998612957
7.56244418195961
7.37138612890116
7.46547219111609
7.34765255898571
6.86981363079853
6.86036579578887
6.92669250432918
6.97270606109936
7.25980631226921
7.49795314497479
7.53975705227276
7.58108748402659
7.66693669714153
7.52060391014857
7.76823783657497
7.80929496571529
7.78626838022461
8.17442832181114
8.215537030325
8.08312368816708
8.34592087395676
8.08597291793629
8.19387122620829
7.78079960441542
6.77218994189541
6.82678072051324
6.69168814863295
6.80410968224808
6.64478424465615
7.46933752068922
7.4068848758465
7.39230180983941
7.4417278494547
7.39274860414164
7.32714283701334
7.30471498944405
7.37566732228154
7.66656968286296
7.60791107261441
7.45219946344164
7.56822211650737
7.35894188827916
7.41698518023842
7.30822951791081
7.39542080086304
7.40423710678365
7.31597719549527
7.26467393604266
7.16845878136201
7.09318497913769
7.16069941715237
7.26560615306021
7.3078836994384
7.17676626640603
7.71357880948916
7.56978394574988
7.6461747238476
7.63557108009411
7.64065755962028
7.70584044548481
7.79464338041376
7.6420791077981
7.68351444819054
7.60450787145929
7.53001247830639
7.28457376155255
7.34259832329939
7.22785002556697
7.18634455533624
7.12477992957747
7.18449044630502
7.11158982006987
7.17035879694214
7.09494502454879
6.70271713732559
7.1105545119321
7.18384756773442
7.07775838665891
7.19818151203906
7.04098462903159
6.86420630905337
6.96581666300286
7.01744730034674
6.94176629386811
7.03991590827363
6.95699808271706
7.20644340822382
6.95816864295125
7.00590478025684
7.03305256720318
6.96997969375995
7.07871250711341
7.03827665523463
7.3867695385055
7.30061262892797
7.28374189912651
7.02413241532791
6.84689580220079
6.83121825673881
7.5013851989714
7.30602571833237
7.09740916841099
7.03028325106406
6.90483338336836
7.61915673693859
7.66400535171531
7.66072283562817
7.66930976212141
7.47132930342919
7.5051429382138
7.55222434381145
7.92969790218067
7.69822940723634
7.81799016163036
7.63149937364109
7.97967722653915
7.75770301996296
7.6664793278861
7.83343945743436
7.53130872627638
7.41045114486511
7.57989032128399
7.42178094415252
7.45368069851636
7.17592266888042
7.13785864240728
7.27637509360385
7.3124582094436
7.30562814352749
7.40709147260371
7.50826631243051
7.49545838161038
7.61122440187265
7.81706604324956
7.25102490448169
7.24334282364763
7.44306343846541
7.28571830431236
7.39630326257584
7.24922179533919
7.52555644167331
7.28244060171517
7.21691543688364
7.21795727636849
7.44668686753187
7.26436394743854
7.28696427576214
7.47221226245966
7.36068794669552
7.33444801955853
7.24890707711217
7.21960811854765
6.94415740090109
6.83581969520286
7.08925258231564
7.08807486779079
7.25220458553792
7.19694860515619
6.8844016804445
7.45540198339157
7.62590767256715
7.27318239973299
7.28865013080399
7.25224973450338
7.14614708222256
7.20461095100865
7.13153724247227
7.33694493025637
7.38617729677318
7.48168693549534
7.59969259670395
7.64137257436693
7.74155995343423
7.66549514759694
7.24976282514195
7.26490922376483
7.49811823287592
7.46542996917682
7.52937165262605
7.71968003764263
7.67535859683939
7.59427753106421
7.40656658815517
7.35033777563767
7.30788689639665
7.1177311201495
7.03299137489444
7.07366899676196
7.05273554328321
6.96055684454756
7.40498127394159
7.12282358168337
7.07791222285076
6.93447129785401
6.98073098813687
7.29989206385275
7.22278880677294
7.63726635514019
7.51890446988865
7.2865136075994
7.31686565894331
7.44770231975279
7.35667890426433
7.22757855309704
7.30511498531953
7.09536845633834
7.16007174083623
7.35294117647059
7.63369857049561
6.86318478955165
7.02146443745517
7.19414449515752
7.42627384205933
7.42125619032668
7.46897447981378
7.50493181233382
7.51761043283646
7.36606510468312
7.22763557059177
7.10106863439919
7.17101400654198
7.00518134715026
6.64938274921752
6.79782903663501
7.25554711887286
6.94548475398004
7.00963481177069
7.05908204466174
7.31243395561818
7.41321548221541
7.33420611793854
7.38552437223043
7.4436714477941
7.32982817191266
7.73218394152081
7.74889509188183
7.83255542590432
7.64466106735135
7.59680500086821
7.57128668691434
7.60916558581928
7.56734940974675
7.34624145785877
7.43828790885599
7.4151940451162
7.39298512937724
7.29004256036408
7.34531505292321
7.59324593115264
7.57292176567134
7.35252289663803
7.3323972826164
7.35046571653013
7.47358474357873
7.49564792035335
7.43702175221391
7.35210627909617
7.4690107869752
7.45236414961186
7.00749412566217
6.98966567009324
6.8550454754001
7.3551464602465
7.44066709429121
7.51804042204525
7.54020717409307
7.51227968795146
7.48361617491343
7.43430646498728
7.14086471408647
6.92758275374844
7.05982929553383
7.10573614033132
7.20542526137327
7.3728921909849
7.04730382016274
7.3502336779493
7.5769625634426
7.83175580089548
7.7078230802478
7.55725081786883
7.42458740507135
7.52919702824875
7.76932436196256
7.40917782026769
7.60428945174367
7.50598043288307
7.57019702661083
7.53689186073323
7.42827868852459
7.61161757830762
7.44952523385584
7.65814952318556
7.68049155145929
7.07079060535892
6.98772686087697
7.00873691862459
7.17312432492315
7.44121440619109
7.06185352884975
7.17422314211395
7.21539283805452
7.10553236196743
7.20979528086127
7.38667840959132
7.2373311640041
7.1145371406468
7.26545669590685
7.36253759291835
7.06689536878216
7.22274324267577
7.28953060479227
7.40104965457078
7.37202338514188
7.45917421379163
7.36297475551512
7.17965809829327
7.30781710706375
7.05426143395396
7.21876043173473
7.01658215705084
6.95842750496541
7.00409491375864
6.99442885608556
7.23925531178628
7.39087795102122
7.45035471096043
7.52244600825043
7.45120729315138
7.20611462093863
7.05794947994057
6.95165255394701
6.74969867416633
6.96115973741794
7.77473647428804
7.41601018651965
7.60764235403017
7.33185471908684
7.22480750150226
7.2158410260024
7.3863796853374
7.65520283441711
7.60921160512651
7.51804330392943
7.66500036224009
7.7049843876489
7.86540110588722
7.76305308132378
7.79738438486493
7.2158410260024
7.30235705424608
7.22167900544769
7.14965301096933
6.74856542471511
7.01333774250441
7.06502880144354
7.4136041077713
7.41924437849561
7.3323972826164
7.27236921691916
7.0957578799158
7.16517919986486
7.0114658087932
7.12350196943878
7.06841113205455
7.11718793868269
7.05787736764747
6.99855298308103
7.1467455786491
7.49517137997636
7.38414530639959
7.25124587042947
7.31655137987592
7.35063677027836
7.06159822419534
7.0322322156367
7.11580874703508
7.08122499616666
6.92130920166982
6.98609643283603
7.01943099857956
7.13484721054107
7.29575429599513
7.16965867403161
8.00368943304721
8.20093034495258
8.00606024597469
8.00898424801253
8.15295487891576
7.73021825653405
7.86361902526334
7.70793412957974
7.48051652539962
7.32323592810952
7.50498658286338
7.67229788975273
7.86156551550886
7.84123341277547
7.92814931835469
6.79210770534357
6.83583069014547
6.9575002401504
7.05479546615493
7.01361221779549
7.05702576925748
7.03244577432744
7.24394941797169
7.41937328453797
7.36794377692133
6.94168164295611
6.95404523585688
6.86996626970469
6.76672395826285
6.95602263098915
6.93619519654829
6.98374140834185
6.95236394113848
6.97350069735007
7.11917300565633
7.26853761574897
7.18677184806715
7.25807583776727
7.18887383526419
6.94690869387198
7.11438378917063
7.25679179348439
7.36034490094025
7.17025179256295
7.44836605023383
7.40204017844458
7.41931317537993
7.21620871495976
7.43726581128648
7.34722712822324
7.35522051571086
7.58953503358011
7.66183068228165
7.59339880530526
7.48629421279398
7.46985533427961
7.37027464568718
7.30274869293413
7.32300384528387
7.12559552578886
7.57750043135676
7.57444847647025
7.5671802221426
7.63314383750854
7.51652773785571
7.91213982050071
7.97723318293079
7.9578718208964
7.88899374778813
7.86881395246414
7.83074000493047
7.73203396259446
7.57575757575758
7.55941068034696
7.71268081143223
7.45692980200566
7.49417199410764
7.42819880354966
7.72641468018789
7.55584756898817
7.46690802126937
7.60138782914153
7.60666018261791
7.52943193507829
7.95661113925559
7.23449001051525
7.37153083544016
7.31983576383973
7.27907789032483
7.42510515322327
7.33204501534614
7.36629953446122
7.45961153184899
7.51338591743912
7.48423426658814
7.51923021520556
7.31178529424268
7.22188722637461
7.11557290014755
7.01614126014859
7.68379998835788
7.62829403606103
7.71178131905117
7.85441180829307
7.61934826591669
7.68816343171659
7.75036284470247
7.39164520103035
7.35818384051564
7.4505711138169
7.38747971645743
7.46962780647654
7.32892083061103
7.48365638261269
7.46460013105787
7.51565762004175
7.63671474968546
7.3699606651425
7.4905834695473
7.54279498482853
7.58315620152812
7.32832587841449
7.18751744543069
7.19202999944031
7.17169054918226
7.49288604807459
7.51362202466304
7.65881856171464
7.64691454212296
7.58319852091518
7.61863299956465
7.68364193073168
7.54433380063881
7.73750654488336
7.37245650250664
7.66355955618247
7.79610631848916
7.89547750603641
7.77091289794594
7.51146788990826
7.09288100180071
7.08479483324982
7.0528688581267
7.15002508780733
6.95312822063128
6.90588846648251
6.74558916405757
6.78035192608194
6.99798688048644
7.10380997308322
7.82699443413729
7.9198934254637
7.57824899552454
7.31656330569298
7.33582563306764
7.24851862798913
7.29444834855938
7.16635173910001
7.13138362689709
7.24809389069317
7.20790651899699
7.47962373495868
7.50466371416772
7.67995834598863
7.73936017460226
7.37188663040366
6.90316395014382
6.7511580205659
6.82314410480349
6.90273663613882
7.03283368037839
7.05693886287995
6.98356726676676
7.14625346124801
7.35753650360775
7.52432432432433
7.29455087211345
7.34815234319694
7.36170511112669
7.24556749965099
7.42556618160569
7.34730929619018
7.30081622278081
7.3741083710311
7.40105729389913
7.36843593986451
7.34187281660939
7.48852913167691
7.51450041429755
7.52270528610826
7.59640475500145
7.3293440026907
7.18080690685705
7.17148280953385
6.98524879812631
7.03438573261058
7.06021870130586
7.23269120465578
7.30347336338994
7.42944165326426
7.16990028707338
7.22223777398315
7.61588455922352
7.61508185499972
7.75829259009866
7.5572158529778
7.62615844978356
7.43814483916953
7.58871466145422
7.66555571656282
7.50307855322317
7.51663988983245
7.52557407539881
7.39567572153796
7.34784024464486
7.46990694630204
7.30501236232861
7.08166604788031
6.95834524830807
7.09288365738888
7.04088434618376
7.08434801859641
7.04478271679973
6.93581639201016
7.31343703412
7.6112829430294
7.26325127522732
7.33309214371191
7.53276825660011
7.39371534195933
7.56606081292488
7.56149143900107
7.23840810701708
7.37834264511451
7.33410287451786
7.72948266325075
7.76835126965816
7.72855796418473
7.56381972896313
7.54695324045511
7.56438305235011
7.50376596134082
7.41297199228938
7.29641329568645
7.41504477274653
7.40688187300461
7.48695131342517
7.49879051765844
7.53736378906867
7.43786575354
7.60212231857599
7.47861737470842
7.7812458785774
7.79137248022921
7.86817533959685
7.9081372105578
7.91726313944316
7.91113599198574
7.89782736347622
7.72010987422293
7.26822217633698
7.33673668647307
7.42844968397131
7.43531277882423
7.41360247214583
7.37779183984583
7.40098869253935
7.34077311494887
7.16915866993975
7.50546826973938
7.44870970047895
7.64539379614229
7.77948380492798
7.71813543801509
7.73225957049487
6.31606591819316
6.4720207528191
6.66359671695967
6.70406163411502
6.78877408317606
6.69488889189445
6.61372147998619
6.66244082700581
6.82294592335831
6.99689799552087
6.8420335286902
6.65813060179257
6.64402173913044
6.65465691546569
6.53340488328414
7.82518824745312
7.83454844778928
7.95664895205111
7.76413349065536
8.13374828980801
8.38345459859404
8.06752262932641
7.64550302785044
7.71370023419204
7.57641479425118
7.04235114715464
6.9036467498714
6.9492798143218
7.24340383391101
7.27303480062582
7.31920164400529
7.32419807792721
7.55642224197757
7.57161364617821
7.95684423465947
6.98174006444683
7.11207798184328
6.77167474421109
6.97013194942859
7.00883304987107
7.51804042204525
7.48301270105221
7.65983374679027
7.55056308074392
7.68221574344023
7.6905150314612
7.6341396411376
7.6506676290148
7.53464203233256
7.45692980200566
7.23800940659588
7.27602168650822
7.37216578800737
7.48633958151075
7.4776529910612
7.30556183585802
7.44905736349387
7.34435455504748
7.53427595179207
7.42679907805253
7.14467255937421
7.26484294704831
7.1940436112702
7.27602168650822
7.3536732807055
7.29017994570845
7.51134601022577
7.39010405606286
7.15410325111179
6.95034683190305
6.88922775296809
6.88950915651168
7.01749529398738
7.10472165063122
7.07691452088315
7.25792918274878
7.14495448761867
7.18190439002622
7.35159237466311
7.39778066580026
7.14037646731958
7.26525987820422
7.10072405020827
7.10729088430833
7.52019443848738
7.53808452399719
7.65787162988873
7.72223274518089
7.70595248480619
7.53478147687502
7.93057010324705
7.80008456166441
7.85117914164348
8.03367622209706
7.99035800374967
8.09422036287572
7.92296621611597
7.71600495206288
7.76961282639635
7.83869639390553
6.98300984219497
6.84257969351799
6.96421168992677
7.22718435659745
7.05469826206743
7.13717055183877
7.37693289828345
7.77941176470588
7.65643387427177
7.91195716835217
7.06571531691607
7.29812333971265
7.09682795400256
7.1119184015649
7.02722182181072
7.16152133939804
7.342538622602
7.24496877168633
7.27675504395497
7.49593078043348
7.27659455374885
7.33968398188504
7.69118505545826
7.67393035546225
7.79846659364732
8.17000826011865
8.0130825838103
8.0750698947118
8.04775591421623
7.92336802270577
7.69496800968356
7.56928866053984
7.49761636473953
7.51728976646286
7.4096986910001
7.53144089112469
7.63612697953576
7.7614022848173
8.16114166790546
8.1588899145401
7.33166388425153
7.22972125872372
7.09819633721978
7.39253961298712
7.41523930358779
7.72262773722628
7.73691572444341
7.44553338503843
7.31366242483569
7.4462925451485
7.03680056511757
7.16974864356107
7.39119310913381
7.37555530242624
7.44702262859772
7.17336318779284
7.33282567617114
7.65792653631692
7.43431373934674
7.28213012789154
7.40877676971645
7.39935326263468
7.49213041434615
7.57782730606082
7.63838177303929
7.81330317672458
7.73396339942179
7.69608409379693
7.49401768186964
7.52161383285303
6.8345660518678
7.11450296321145
6.83251576734408
7.12179380181383
7.27435510044206
7.34746490976798
7.57081320976374
7.61215629522431
7.27643468666639
7.56138232419067
7.61981729756252
7.76061378061172
7.70679161010641
7.66477824304157
7.66355681752332
7.31412848158131
7.36231063287555
7.54154362804702
7.54765806952471
7.56879416326765
7.48641461440629
7.1512715681519
7.01831341155829
6.98957025064162
7.16067374793307
7.34299244559702
7.39010405606286
7.49900392737208
7.65643889240689
7.67167536700026
7.64780018331806
7.64616607646166
7.34950507668125
7.67033508779561
7.83449805231752
7.61091516614071
7.57204257651369
7.70190299373405
7.87459849908969
7.79021123741667
7.26764500349406
7.23837737378254
7.30915761252998
7.08135289660398
7.20662729842434
7.23013115121623
7.04244574860107
7.01565029681597
7.21818079287205
7.24328930549638
8.12103347670467
7.87941575591321
7.93592475567639
7.98871482663895
7.795493322351
7.76650929649706
7.64898229642327
7.71555607218622
7.60858538282054
7.46651467654602
7.42925197073669
7.72599630432569
7.53433504111594
7.47554429082003
7.4595879329353
7.16314513335643
7.04137500866311
6.94406323763518
7.09387891626714
7.44881640180385
7.18918173037119
7.07780094370679
7.16761075002436
7.28474016348312
7.54760630991455
7.6916327903372
7.6812781646866
7.68667116851769
7.68281170575848
7.46705501063663
7.28485171123969
7.26331954455528
7.47644989218023
7.54722405911273
7.33799326074243
7.23301858913921
7.25067005219354
7.07063759543297
7.08587974886194
7.03139113155372
6.97231620618331
7.18834292705987
7.54538686214994
7.25786268457496
7.36983019798492
7.01565773514169
6.89542171306853
7.19977631762897
7.23124570819962
7.26293225023975
7.35065008639493
7.45670530986117
7.21090510726221
7.77046344216869
7.83988596529505
7.99797444222692
7.72460608897927
7.56364265030039
7.26750327460177
7.22864613190531
7.29306113342258
7.51416957691647
7.76846470605415
7.44849895011634
7.46119321917612
7.38508127874754
7.23002984489064
7.25666952620698
7.17960156696547
7.00707645344804
6.98642834414731
6.90378278275552
7.20848056537102
7.41281357775583
7.08301179583287
7.74902956752623
7.78843615242454
7.7286016151909
7.46648566095367
7.53952867175046
7.40761644067557
7.41404826958106
7.41917637212206
7.26412468689118
7.23451296475099
7.18629849702901
7.11164305397055
7.37023678845852
7.58609790089223
7.57901372532164
7.37218267255691
7.36668962899439
7.14136271706535
6.99980822443221
6.85968333628813
7.3522189951032
7.41508871116667
7.45196751852326
7.54376673012783
7.36731107205624
7.56249461871825
7.46860916640685
7.68618368676269
7.57880809940175
7.52973019666561
7.55352209944751
7.56879416326765
7.71672345010338
7.33506580601895
7.55634877227324
7.70028784757229
7.7196888687067
7.75046429668192
7.81955778031189
7.83186424768637
7.5483611732966
7.53306497987349
7.25648897571867
7.47596498780313
7.59093152196
7.80028922420719
7.71726738577567
7.82479454450079
7.86230657106259
7.75796327799613
7.03339827826832
7.05430851210691
7.26003883276585
7.01807187709482
6.85247503256622
6.84607162668615
7.00761219049713
7.10969039778442
7.16635993530757
7.32814434309945
7.36616945022878
7.5706328530923
7.43636595419199
7.51316963643168
7.654551828912
7.55595549270829
7.52973019666561
7.31164859605227
7.40897544453853
7.44279679038249
7.24861630095805
7.23009281875916
7.49841379708139
7.46417197452229
7.23822909346451
7.40275856166826
7.41892178336748
7.68769822130632
7.67542265703362
7.56750475692478
7.71898752859568
7.67155254138409
7.60533534594116
7.47817065790611
7.68161533396737
7.43350663859408
7.43682310469314
7.37494504247685
7.4299078748467
7.19083586499066
7.09683703714011
7.28669472138278
7.59007764562189
7.46289873201797
7.23751703978526
7.43636595419199
7.36053901793424
7.3902414899179
7.43457432442037
7.38769003017708
7.40225051147988
7.30513757068919
7.15277777777778
7.06492203503198
7.03941236209847
6.87804745171747
6.96225218518212
7.02860574298504
7.27816271792579
7.35554141028361
7.28360905651855
7.20007829211347
7.06265346097608
7.11877629489287
7.37254901960784
6.94282139763807
6.8426724137931
7.13896533899608
7.35982302390879
7.45599681270365
7.79752761319582
7.8367610007617
7.74921776764043
7.51416957691647
7.48756862406944
7.39990874871678
7.38592147152458
7.80342998221817
7.60771535798447
7.55517456812007
7.36831624016728
7.33230869019586
7.58476665603156
7.65639047591427
7.97586330505437
8.03134476236227
7.75877015546437
7.52603231597846
7.59475218658892
7.55341342349471
7.55605993133467
7.85805560859539
7.92484751346779
7.84604859018589
7.77459519494944
7.36658606534331
7.60149726461273
7.55572891836057
7.4271160878164
7.39954725523486
7.23304447971237
7.32579930717247
7.29224190419552
7.36475438970641
7.30071033938437
7.24779627815867
7.37505370184734
7.30112912810935
7.19474811382819
7.27618291160785
7.26361576035699
6.94274612102932
6.86396620816636
7.14535412151297
7.24135492539424
7.29823566924113
7.2180032049049
7.35304515052532
7.35252289663803
7.48151244756455
7.1573639610617
7.11255477927278
6.91822165871944
7.06103442081554
7.16770759106342
7.58160959002089
7.36643052693969
7.37639553429027
7.17954459574825
7.22297756628144
7.09180564020167
7.40476020298764
7.17917202078328
6.93995904737037
6.9552737259015
6.88954765041722
6.99243059085352
7.02563182376568
6.99772711619258
7.18425077525362
7.10138268098083
7.08174315592235
6.93920651682003
6.86157925670781
6.80364306624743
7.46418338108883
7.62221832836867
7.53328157796371
7.51521795574532
7.44406257575974
7.03710347301754
7.09765931235301
7.14772427027854
7.35534256301029
7.38512807478325
7.44530345685011
7.23524317680253
7.20187899711359
6.98371835074698
6.89087165408373
6.82880563647449
6.79017405798289
6.90537436207821
7.03232937275491
7.07429395772069
7.01117664040912
7.022433155818
7.23671141130062
7.23822909346451
7.38469511141821
7.11188444223493
7.45735592445498
7.52928864211169
7.53606545611139
7.38805550873645
7.45521149333181
7.30019768426998
7.18006476136844
7.245756668093
7.1402872720228
7.22826930950263
6.97946005358247
6.88545600807166
7.18540896129196
6.96931298551044
6.92122786174122
6.98019733281525
6.74990193028258
6.71630697712131
6.80244288129124
7.01880929922876
7.12231011782929
7.22280887011616
7.15862903112386
7.21894656853778
7.29629421357476
7.43372894605927
7.37490268242622
7.39250189093919
7.27644898073634
7.41278242558762
7.43352306516014
7.41526922804783
7.49709164548236
7.44275081784546
7.26375275195266
7.19334197649617
7.2813490838688
7.35629562043795
7.14415535392229
7.23556406430361
7.32857864884596
7.42785588252035
7.56645921476326
7.40719798705154
7.34973791087564
7.39995180108022
7.35044668099061
7.50528389239551
7.3460853841155
7.38355085508551
7.29078759874383
7.37669078548358
7.47724780311338
7.39366337747041
7.53761656845357
7.46793429342934
7.76679296778596
7.4660379476816
7.63303912830981
7.70937806213615
7.73669027012851
7.54641758742454
7.60445279745554
7.38401126808656
7.34669611007304
7.12213136375627
7.18250536944576
7.45948726742691
7.41703516381052
7.56602220714152
7.69420254155014
7.68013472901755
7.67079043746576
7.49836373466891
7.15143649993787
7.11738854031344
7.12238822580196
7.39859197338801
7.25476791718403
7.56595321055251
7.62505374802924
7.3248808308987
7.42136210538334
7.17159828100621
7.27216679744423
7.23881212054614
7.38458941682843
7.46268656716418
7.72584056282101
7.81069196945152
7.68844581510435
7.48340544273292
7.60041874005134
7.39843012358901
7.21837303668535
7.04244574860107
7.11803141943556
7.07537524027647
7.26650394186797
6.87066348655681
7.08587974886194
6.90596424184523
6.82543115099746
6.946347344769
7.6511534257608
7.9650829573677
8.04984943800125
8.04185351270553
7.67707143580031
7.85976067470305
7.44203123676109
7.35509214760333
7.25012946659762
7.13236836584854
7.0782485836577
7.12093139017173
7.18338597422925
7.22324878212666
7.05275071079582
7.11158211785704
6.94855318739078
6.84356027753686
7.07455384444321
7.03759812697976
7.1576202299871
7.12770235602457
7.067727753353
7.2165093477007
6.96211188619888
7.27231885889174
7.41499793632495
7.4536116396515
7.11116011135305
7.31517509727627
7.35731061999491
7.36834604147367
7.32180538443019
7.19637223974763
6.96361442106285
6.96439810634048
7.19988793948732
7.45990836197022
7.14560017555409
7.1910486714607
7.14730075343886
7.31599698250708
7.21193930298483
7.70811921891059
7.45863458405967
7.53522825639643
7.62484598101037
7.60115606936416
7.35561459935673
7.50436552032673
6.73391746974377
7.04642921165488
7.28189526465534
7.37327188940092
7.45364630096769
7.17030519046558
7.15177181640981
7.2461728950923
7.27633306332225
7.4938029258787
7.61402950074548
7.50418090078758
7.72553702802719
7.73501706684637
7.5454885164851
7.78135710398188
7.65685722128317
7.861797869039
7.63556733705987
7.4359953065581
6.85876678826632
7.09548698926544
6.8560102093459
6.81069005911679
6.72600588022071
7.76833046977106
7.92941036189114
7.71717289379423
7.75137218264627
7.51092954920089
7.62453160491327
7.5558428499605
7.33052589788308
6.98483411018988
6.77554325819949
6.91404492083623
7.01729910714286
7.03876139838563
7.07920379778463
7.03747315924361
7.03745427740922
6.81437956502224
6.92562897428808
6.88785409390764
6.94588001819159
7.38121298868962
7.31710742524894
7.48047323684815
7.40200751415914
7.522760625187
7.70205292102157
7.58675192183347
7.40667588386332
7.13842761661958
7.23506287116291
6.81991087925226
6.91694169416942
6.64103923647932
6.571914961004
6.62128383768548
6.74805891678749
6.9024669171704
6.86654429260997
7.06261817372929
7.1540260423153
7.23461420055414
7.31323610697734
7.38961497703991
7.51815219255617
7.4020606884058
7.37109587244331
