o
62.469850458273
62.3985084501113
63.3413113404577
63.4637382749943
63.7631566887154
64.6261139093375
64.0746309878172
64.6150035604818
63.6470426703687
63.8871031928246
63.5728588679476
62.9077423749338
62.5630980185339
62.9502130692589
62.7494859078263
61.9110905371302
61.8418104414071
61.8598262012124
61.6037525128434
61.7484466033884
63.8643859783693
62.8080679790741
61.6870054981896
62.8858317280711
63.231850117096
62.9293387804509
62.6064415005049
62.7956534224009
63.3871459031374
63.0917215784291
63.4748468507004
62.3131581714664
62.5678937839469
61.5776005712926
62.5952815806554
63.7341123568009
63.4649677645517
63.0607419980601
64.1372524904686
63.818073376256
64.2272419523604
64.4623249061791
64.2717459926397
64.445818519091
63.8180480627759
64.6601159294504
64.0948733330257
64.0100890481537
64.2952958046163
64.2419025072635
62.9369568843932
62.8277790372553
62.7834552820947
62.2607808114315
62.5922467544203
63.1145423321834
62.8955576416437
64.1931956444732
63.7705544933078
63.965427406749
64.0130175153125
63.5705779976184
63.2196129659446
64.629173062908
63.8650052875994
64.2256902761104
64.6842570617525
63.2301779013415
62.7733470542835
62.3421147600144
64.5689735109572
64.2045192352064
64.3976795852876
64.28130783467
64.1204948897257
63.2304601899197
62.1656852609341
62.9416125762184
62.7917869067944
62.8236679600803
64.0154891053812
63.1710020803912
62.7577767370186
62.0893561103811
63.1428831507722
64.5255925268278
63.9492086860508
64.0437895769767
64.3742379578041
64.1486810551559
63.2855601319209
63.6191117504821
62.4643039648901
63.3572331065138
62.6508568670046
62.5470306715227
62.8147924071693
63.5010306130239
63.5293758490681
63.5741189746405
62.4350419497206
62.2125683469403
62.9417195090576
62.8831801874082
62.7053256577956
64.2033825272003
63.1777177049479
63.7255652333645
63.3082798283784
63.4533623881871
62.9433026329719
63.6652607127575
62.6478788335468
62.4003129796262
62.3515974873013
61.8855520693262
62.3346958403462
62.4501647384495
62.1489237406192
62.2413482876507
64.4444101344779
64.1524524355169
63.8288102126096
63.6296907973208
63.3184784096613
64.0874323640767
65.3318954064488
63.9233042865675
64.116950793968
63.3944339565191
63.8307642853863
63.865984121632
64.3278465766962
63.8089105571398
62.9590924924652
63.3397312859885
63.4668782229274
62.9515431818869
62.9764918077512
62.9255303053227
63.0970794286234
63.1412546170332
63.3150230526941
63.515374024782
63.5352362325041
63.4656742369934
63.230073727965
63.8985960394826
64.0246709012243
64.419973126168
62.2477002266008
64.6377801229126
63.700012229424
64.3478797605086
63.202332503189
62.8525626483977
63.6128815320892
63.9625105631098
64.6773893063404
64.1732647339721
63.2899840292037
62.752609036617
62.6007806260078
62.0489324109843
62.1726668367424
62.3823932318716
62.2513772760707
61.7734724292101
63.7456307107377
62.2905489683363
63.2296756320684
62.7746485253922
63.1894010756936
62.6046301183923
63.1174199823703
61.816119064324
63.2071018531208
63.2485656454976
63.7049069788825
63.7718412436121
64.0090871413879
64.0106812357085
64.367212709784
65.2669372463316
65.1675938478799
64.4528837841176
63.6262547792046
63.7400262908502
64.11183047042
62.496246020782
63.4253335770426
62.6081982266781
62.3057636584743
62.667170381564
62.7165574737862
62.0787778942639
60.8515087698629
61.3527934247878
60.6675190688241
62.0037750546784
64.2551751714804
65.3670261749052
64.6597708613572
64.5375298927717
64.1173132084733
63.4627703382851
63.7188173934324
64.3547540376123
64.295844123813
63.8030991387882
63.1435286981576
63.7067409198005
63.2555737804508
63.7975613114453
63.6108226959018
62.6950269080604
61.7942377022316
62.6790075070096
63.7392900856793
64.0131498095121
63.4690955615804
63.2732682586189
64.0386532709564
64.2701190073496
64.7578934328497
63.2511357248128
64.330737856878
62.2911515696411
62.313023346713
63.3840344706832
63.0287776328957
63.3560601448834
64.5945987821695
65.0298916427949
64.4922278992946
64.0577041129527
64.1679990161112
63.7003987959723
64.142361004395
63.7590037846417
64.0296396507195
63.5361646261411
62.7804723267304
63.8297872340426
63.7711345258515
63.0659325658643
61.8246762911148
63.2372613401435
63.7252651393416
63.9372447883086
62.6919602529359
63.0201779785637
62.5668368653322
62.6724774931009
62.8657844990548
62.7534942629254
63.5308118334528
63.8353309015112
63.9837735675103
62.8102675868749
62.4821210798115
62.4436429215509
63.0120390701901
62.9370629370629
63.4923055805512
64.1161557962664
64.402178104802
64.2836286517804
64.2605498376948
64.1102548721025
63.9309318979927
63.5046273745738
64.1881498800222
63.969766979299
63.9232370225269
63.4737274095241
64.4708206640016
63.7868265671368
64.0299584081526
64.3476653366814
63.9067216204207
63.2617086587849
63.4190196108309
64.0519057210067
64.0728400558891
64.0722788072156
63.5860138157695
63.747634454551
63.815457147668
63.4954537133093
63.0956890673536
62.7490641226905
62.6629885889145
63.3125285431573
63.4998168274515
63.3485540334855
63.2243189126873
64.2208890939855
64.1291491943536
64.3728505112506
63.1178361331797
63.9297448337274
63.31519260588
63.3867137550996
63.538104543234
64.6162876915472
64.1775240550619
64.6610484570579
64.0970383597069
64.3636251274604
63.2212668516749
61.8656571828845
62.1629718394248
62.6594026832471
62.4614040636814
62.6102425713467
62.5923357554195
62.6395847166053
63.1814582445026
62.9866286217311
63.0149457552538
61.8191031162908
62.5065895501032
62.5754648635595
63.0369448407759
62.7947043888284
61.7670287749415
61.6311951183212
61.9724633343311
61.5023683311803
62.7306273062731
62.4135858130448
63.3575218001098
62.9788909415791
62.7512012329636
63.4499580760729
62.4492740553702
63.2880550648718
63.7157298207995
63.5482640213659
61.7269302642897
63.4051894990396
62.7283984174444
62.7615062761506
62.3761484417222
64.3414679295344
63.8995251952826
63.5131219787426
63.7354573389797
62.9299786806175
63.2510876509781
62.7603066336693
63.3602929955745
62.9045919293363
62.8165394209691
62.9049839520378
62.5545884408035
63.3621412349292
63.108639837139
62.7149840082071
63.648615535408
63.0488526231174
62.7568286197728
62.9664462107882
62.4172384735765
62.0336240222962
62.1533466608547
62.5745924795673
62.8840391076672
62.968629292455
64.2070399753524
64.0940887078177
64.2526964560863
63.6718451059922
63.5330026707364
62.5970774961169
62.5093982135876
63.5085574572127
63.5320330861032
63.7939998165082
64.5061489674376
63.7173278746124
64.6729203430234
64.2805528650277
64.9463567624637
63.5829326005649
62.7936133895259
62.9457458245635
63.6168910648715
63.4270398684251
62.6242245377341
63.4763241396144
62.1745376189621
62.5612569550204
61.6651527109734
64.0495550192902
64.1033528145186
63.3708344766609
64.230223811579
64.3762919996298
63.3299948520234
