o
54.5454545454546
78.9473684210526
2.26928895612708
60
0.125622880113898
0.042540519845153
1.21506682867558
111.111111111111
0.712758374910905
1.7825311942959
0.454132606721163
2.87769784172662
1.34408602150538
1.33155792276964
60.6060606060606
2.14362272240086
3.46020761245675
0
0
0
0
0
0
2.2140221402214
49.1803278688525
76.9230769230769
5.71428571428571
0.597193191997611
74.0740740740741
8.13008130081301
1.20264582080577
2.3094688221709
3.21543408360129
8.03212851405623
86.9565217391304
0.018813023629158
0.207325501036627
0.908540278619019
46.1538461538462
6.12244897959184
4.59418070444104
35.2941176470588
9.93377483443709
0.080603992584433
0.76844262295082
81.0810810810811
7.57575757575758
85.7142857142857
0.270245923790649
0
19.6048366478285
