o
76.9230769230769
0.784929356357928
0.067154657175475
21.7391304347826
1.34048257372654
0.190657769304099
0.349406009783368
0.385653682992673
1.19760479041916
250
0
0.019110958223445
0.11027182003639
24.6913580246914
0.886917960088692
0.507872016251904
9.1324200913242
1.04220948410631
0.006532105297537
0.097285728183676
166.666666666667
1.64609053497942
181.818181818182
0.041640641265876
0
95.2380952380952
0.949667616334283
0.093462311322959
45.4545454545455
1.79372197309417
0.238635007755638
0.429461026411853
0.431034482758621
1.354096140826
222.222222222222
0
0.01575373757424
0.098892405063291
22.4719101123595
0.8
0.730460189919649
9.04977375565611
0.750187546886722
0.006288358989838
0.119495728027723
250
1.70068027210884
111.111111111111
0.036611931828583
0
76.9230769230769
0.938086303939962
0.073948088441914
34.4827586206897
1.42450142450142
0.21505376344086
0.441696113074205
0.279017857142857
1.230012300123
125
0
0.022920271834424
0.117799505242078
30.3030303030303
1.06666666666667
0.812347684809098
9.1324200913242
1.18906064209275
0.008644387199391
0.113882245757886
222.222222222222
1.61290322580645
166.666666666667
0.048202063048299
0
76.9230769230769
0.94876660341556
0.069949636261892
38.4615384615385
1.36239782016349
0.226603217765692
0.416840350145894
0.262260687123
1.14810562571757
250
0
0.023284242388963
0.127730233746328
27.027027027027
0.681895669962496
0.631512472371329
11.6279069767442
1.21580547112462
0.008694064562123
0.114116170261326
222.222222222222
1.49142431021626
166.666666666667
0.042246678354914
0
62.5
1.05988341282459
0.09604302727622
36.3636363636364
1.77777777777778
0.247494122014602
0.423998304006784
0.397851601352695
1.08695652173913
222.222222222222
0
0.017605943766616
0.097271533485725
17.6991150442478
0.87719298245614
0.520291363163371
11.6279069767442
0.955109837631328
0.009205178833612
0.132775675496249
142.857142857143
1.17096018735363
166.666666666667
0.042158516020236
0
30.3030303030303
200
0.228180262407302
166.666666666667
0.02499781269139
0.011801916631261
0.477554918815664
200
0.120875135984528
0.217391304347826
0.048633401420095
0.312256049960968
0.499750124937531
0.263469898564089
58.8235294117647
0.24627508927472
0.581902822228688
0
0
0
0
0
0
0.368256306389247
37.037037037037
23.5294117647059
222.222222222222
0.139567341242149
166.666666666667
0.021151039573595
0.010624057114931
0.491038546525902
200
0.142775556824672
0.282805429864253
0.055842524082089
0.367107195301028
0.659630606860158
0.262846628991983
22.7272727272727
0.329652216911159
0.712250712250712
0
0
0
0
0
0
0.305670181873758
43.4782608695652
24.6913580246914
142.857142857143
0.142217165611889
133.333333333333
0.021465215618091
0.0100450016072
0.498753117206983
200
0.135961930659415
0.217864923747277
0.059530896535302
0.498256103637269
0.464900046490005
0.36941263391208
58.8235294117647
0.264340470526037
0.716845878136201
0
0
0
0
0
0
0.290739933129815
25
17.2413793103448
181.818181818182
0.132459103251871
181.818181818182
0.021287239364363
0.010464958087843
0.526038926880589
142.857142857143
0.12758356723654
0.198807157057654
0.049455984174085
0.432338953739732
0.452693526482571
0.368459837877671
43.4782608695652
0.334672021419009
0.490436488474743
0
0
0
0
0
0
0.272739669984999
46.5116279069768
27.7777777777778
74.0740740740741
0.156715248393669
200
0.026179723803914
0.010485037850987
0.529661016949153
222.222222222222
0.135851107186524
0.224340998317442
0.052049446974626
0.396825396825397
0.533760341606619
0.31781344350866
39.2156862745098
0.250187640730548
0.582241630276565
0
0
0
0
0
0
0.321543408360129
27.7777777777778
20.6185567010309
222.222222222222
0.129508515184873
86.9565217391304
0.021312191639227
0.010270947597625
0.531067445565587
111.111111111111
0.126502213788741
0.217249619813165
0.052366987850859
0.429553264604811
0.632511068943707
0.325839035516455
28.5714285714286
0.345303867403315
0.737463126843658
0
0
0
0
0
0
0.321853878339234
45.4545454545455
22.7272727272727
125
0.157121533506167
181.818181818182
0.023684896141731
0.011978127938385
0.521376433785193
200
0.165864985901476
0.278164116828929
0.057728387934767
0.394166338194718
0.661375661375661
0.382921692513881
23.2558139534884
0.306560392397302
0.629326620516048
0
0
0
0
0
0
0.305157155935307
35.0877192982456
37.7358490566038
181.818181818182
0.219466695928893
181.818181818182
0.026344907529375
0.010029637579046
0.58633831720903
166.666666666667
0.116795141322121
0.197706603400554
0.043402777777778
0.372231528010422
0.68870523415978
0.294290759270159
25.3164556962025
0.246244767298695
0.593119810201661
0
0
0
0
0
0
0.369071784462078
83.3333333333333
166.666666666667
0.506329113924051
0.072891610175669
26.3157894736842
1.29032258064516
0.198767640628106
0.356252226576416
0.353232073472271
1.12994350282486
250
0
0.019067412838089
0.107677398514052
20.6185567010309
0.979431929480901
0.489596083231334
9.1743119266055
0.515198351365276
0.006715555913719
0.102218133496882
100
1.82982616651418
181.818181818182
0.040356753702732
0
117.647058823529
0.765110941086458
0.098029604940692
45.4545454545455
1.98609731876862
0.286123032904149
0.579542161692263
0.390548720952939
0.923361034164358
181.818181818182
0
0.0185733787762
0.09821735500663
20.6185567010309
0.938967136150235
0.69468565474123
10.3626943005181
1.00401606425703
0.009563795296525
0.145317154690111
250
2.00803212851406
181.818181818182
0.042711314227139
0
142.857142857143
0.498504486540379
0.071438776968138
32.258064516129
1.27713920817369
0.210570646451885
0.354735721887194
0.36231884057971
1.230012300123
250
0
0.019240574523555
0.107677398514052
18.6915887850467
0.890075656430797
0.505561172901921
10.1522842639594
0.884173297966401
0.006529119874641
0.100928542591845
166.666666666667
0.988142292490118
250
0.040917367376583
0
100
1.14351057747284
0.097295193617435
37.037037037037
1.08873162765378
0.29385836027035
0.527704485488127
0.389105058365759
1.67785234899329
222.222222222222
0
0.018330965583612
0.09932459276917
31.25
0.848536274925753
0.518941359626362
10.0502512562814
1.14678899082569
0.00971685096294
0.146060030672606
200
1.7636684303351
125
0.041343669250646
0
86.9565217391304
0.962463907603465
0.082406262875979
35.0877192982456
1.61943319838057
0.239664469742361
0.345781466113416
0.233972859148339
0.923361034164358
250
0
0.024212195682966
0.1363698349925
32.258064516129
1.15807759119861
0.600420294205944
13.5135135135135
1.46305779078274
0.008995839424266
0.116164256258349
222.222222222222
1.51860288534548
133.333333333333
0.03852154317302
0
71.4285714285714
0.813338755591704
0.071359760231206
36.3636363636364
1.29617627997408
0.181983621474067
0.384172109104879
0.248632521133764
0.950570342205323
200
0
0.018044678624274
0.091680036672015
28.9855072463768
0.753863550697324
0.736919675755343
15.8730158730159
0.873743993010048
0.007886590823952
0.102933607822954
250
1.68067226890756
166.666666666667
0.045735193231192
0
74.0740740740741
0.995520159283226
0.085313313142516
37.7358490566038
1.57977883096367
0.24024024024024
0.492732200049273
0.265568981542956
1.03626943005181
200
0
0.02427037194345
0.131726272805111
30.7692307692308
1.01936799184506
0.865426222414539
14.1843971631206
1.43266475644699
0.009143024329588
0.116959064327485
200
1.48920327624721
250
0.037792180797793
0
86.9565217391304
1.14744693057946
0.100897992129957
42.5531914893617
1.98216055500496
0.268781077812122
0.524246395806029
0.399760143913652
1.43884892086331
250
0
0.018373065086583
0.102422287089671
25.3164556962025
0.590667454223272
0.673627484001347
9.38967136150235
1.09950522264981
0.009602596542105
0.136873802354229
222.222222222222
1.14810562571757
181.818181818182
0.044144263452964
0
62.5
1.00654252642174
0.086918730986528
57.1428571428571
0.865051903114187
0.237473284255521
0.477783086478739
0.331345261762757
0.710984713828653
142.857142857143
0
0.024436434724174
0.127145581691036
28.169014084507
1.14876507754164
0.804181745074387
10.2040816326531
1.49365197908887
0.008952150754219
0.117938436136337
200
0.930665425779432
222.222222222222
0.038807823657249
0
111.111111111111
0.811688311688312
0.080775444264944
28.9855072463768
0.968523002421308
0.190548780487805
0.326583932070542
0.290444379901249
0.941176470588235
250
0
0.020530719088436
0.094849663283695
23.8095238095238
0.748502994011976
0.60313630880579
7.8740157480315
0.856164383561644
0.007852221197071
0.119317503877819
250
1.82815356489945
200
0.040408938457187
0
2.3121387283237
0.9765625
0.088035918654811
37.037037037037
1.66805671392827
0.230467849734962
0.485083676934271
0.309549605324253
1.16211504938989
90.9090909090909
0
0.024558559886048
0.125368269291042
30.7692307692308
1.20409391932571
0.881834215167549
11.7647058823529
1.52671755725191
0.008985533291401
0.124107973937325
133.333333333333
1.7683465959328
142.857142857143
0.037316913891221
0
80
0.639590661976335
0.073945354383111
35.7142857142857
1.39372822299652
0.176304654442877
0.390625
0.253807106598985
0.929800092980009
200
0
0.017620213909397
0.099930048965724
25
0.837871805613741
0.575539568345324
13.3333333333333
1.00300902708124
0.007854009668286
0.10339123242349
166.666666666667
1.75131348511384
142.857142857143
0.051187551187551
0
125
1.05207785376118
0.08573020703845
27.027027027027
0.547045951859956
0.20614306328592
0.396667988893296
0.247647350173353
1.13250283125708
200
0
0.023579344494223
0.133395584606149
28.169014084507
1.05042016806723
0.866926744690074
11.9760479041916
1.28452151573539
0.008941544651839
0.118920204542752
250
1.60642570281125
181.818181818182
0.040983606557377
0
90.9090909090909
0.820681165367255
0.070447340612892
35.0877192982456
1.28122998078155
0.174596246180707
0.410930758167249
0.248663434042024
0.982318271119843
222.222222222222
0
0.018032476490159
0.095066070919289
38.4615384615385
0.80450522928399
0.54127198917456
12.8205128205128
1.06723585912487
0.007979922514952
0.101786350450405
125
0.6765899864682
166.666666666667
0.050789781096044
0
83.3333333333333
1.0498687664042
0.081863206581802
36.3636363636364
1.22399020807834
0.200280392549569
0.407996736026112
0.254582484725051
1.08108108108108
200
0
0.024286286748188
0.135722041259501
30.3030303030303
1.11234705228031
0.652315720808872
11.9047619047619
1.30039011703511
0.008854650905388
0.117123448114312
222.222222222222
1.37646249139711
166.666666666667
0.040268996899287
0
74.0740740740741
0.861326442721791
0.070656397936833
27.7777777777778
1.3745704467354
0.180050414115953
0.358166189111748
0.271849938833764
1.08166576527853
181.818181818182
0
0.018051519035327
0.097890460574617
18.1818181818182
0.775795190069822
0.676361176868448
11.2994350282486
0.942063118228921
0.00804379039491
0.100346194370579
166.666666666667
1.4903129657228
166.666666666667
0.044720719109163
0
58.8235294117647
0.819672131147541
0.0754432289702
22.2222222222222
1.51515151515152
0.174094707520891
0.411692054343351
0.358166189111748
1.20481927710843
250
0
0.023205355796118
0.12108003390241
24.0963855421687
1.03466114847388
0.764525993883792
12.6582278481013
1.49588631264024
0.008741793641219
0.115180833909238
222.222222222222
1.58353127474268
200
0.040437534119169
0
95.2380952380952
0.835770998746344
0.06823842505715
23.8095238095238
0.963391136801541
0.173250173250173
0.400080016003201
0.264655286489348
0.97799511002445
166.666666666667
0
0.0140774683081
0.070604017368588
17.6991150442478
0.672043010752688
0.506072874493927
9.75609756097561
0.658544616397761
0.006078657832351
0.097012029491657
181.818181818182
2.23463687150838
153.846153846154
0.054081825802439
0
125
0.778210116731518
0.072780203784571
37.037037037037
1.2453300124533
0.197005516154452
0.421585160202361
0.305530094714329
1.19331742243437
250
0
0.018981995577195
0.101853738032186
20.4081632653061
0.77639751552795
0.401929260450161
8.19672131147541
0.888888888888889
0.006580332701621
0.09573958831977
222.222222222222
1.74978127734033
166.666666666667
0.041554987637391
0
95.2380952380952
1.28205128205128
0.097861721387679
37.7358490566038
1.96078431372549
0.263643553915107
0.446229361892013
0.462320850670365
1.59744408945687
200
0
0.018458357944477
0.098029604940692
29.4117647058823
0.832292967124428
0.517464424320828
13.4228187919463
1.11296605453534
0.009585705795518
0.145602795573675
250
1.93236714975845
200
0.042401628222524
0
111.111111111111
0.929368029739777
0.069410703130423
40
1.4265335235378
0.175685172171469
0.41893590280687
0.285714285714286
1.02880658436214
166.666666666667
0
0.018949981523768
0.10062893081761
25.974025974026
0.823384108686702
0.614628149969269
7.93650793650794
1.00200400801603
0.006623964177602
0.091365920511649
222.222222222222
1.64473684210526
153.846153846154
0.040666110896485
0
50
0.99601593625498
0.083762616744147
32.7868852459016
1.69635284139101
0.205359893212855
0.462855820411942
0.285959393766085
1.22473974280465
285.714285714286
0
0.014221817690519
0.085888516705317
25.6410256410256
0.677277345072807
0.573065902578797
7.57575757575758
0.738552437223043
0.006947411568135
0.108512831642342
222.222222222222
1.94552529182879
222.222222222222
0.049937578027466
0
76.9230769230769
1.05708245243129
0.084083074077188
30.7692307692308
1.64609053497942
0.169750466813784
0.403225806451613
0.340251786321878
1.09529025191676
142.857142857143
0
0.02387945650357
0.130022103757639
28.5714285714286
1.0851871947911
0.817327339599509
12.0481927710843
1.45878920495988
0.008938547486034
0.115041702617199
200
1.63934426229508
200
0.039125926795391
0
100
0.668672684720829
0.071777203560149
26.6666666666667
1.27959053103007
0.177588350204227
0.356760613628255
0.272034820457018
0.8110300081103
285.714285714286
0
0.017930787161556
0.091399323645005
25.3164556962025
0.647458724506313
0.591016548463357
9.00900900900901
1.04602510460251
0.007865623684966
0.103295114141101
200
1.75438596491228
100
0.044138418079096
0
64.5161290322581
0.645786244752987
0.088727208198394
27.3972602739726
1.61420500403551
0.213424394408281
0.417885499373172
0.229832222477591
1.04931794333683
250
0
0.024433747892589
0.135639199728722
32.258064516129
1.08342361863489
0.841042893187552
13.5135135135135
1.34498991257566
0.008883992821734
0.121248863291907
250
0.973709834469328
181.818181818182
0.03831637833592
0
117.647058823529
0.573394495412844
0.0702049985959
35.7142857142857
1.31061598951507
0.152987072592366
0.34837136387389
0.206889417606289
0.773993808049535
181.818181818182
0
0.018697005674541
0.095288008004193
19.0476190476191
0.850701829008932
0.65252854812398
11.1111111111111
0.831255195344971
0.005995096011463
0.095712098009188
200
1.82149362477231
166.666666666667
0.049527016987767
0
68.9655172413793
0.803212851405622
0.073319158296063
37.7358490566038
1.05429625724829
0.193423597678917
0.364232380258605
0.276969948760559
0.687521485046408
250
0
0.017557258609641
0.092387287509239
21.7391304347826
0.85142613878246
0.523012552301255
9.30232558139535
0.975134080936129
0.007917781754264
0.099255583126551
200
2.13675213675214
200
0.048188126445644
0
19.8019801980198
153.846153846154
0.221926320461607
200
0.024858616617985
0.011778285552755
0.452284034373587
7.93650793650794
0.126310471138057
0.20078305391025
0.049686972075922
0.370096225018505
0.459981600735971
0.282885431400283
15.1515151515152
0.270599377621431
0.603318250377074
0
0
0
0
0
0
0.370027752081406
37.7358490566038
33.3333333333333
125
0.159846547314578
153.846153846154
0.02551248198181
0.011988538956757
0.595592614651578
181.818181818182
0.136901909781641
0.274197970935015
0.053665342921541
0.474608448030375
0.552486187845304
0.324675324675325
25.974025974026
0.36068530207394
0.503397936068462
0
0
0
0
0
0
0.350201365785327
29.4117647058823
45.4545454545455
222.222222222222
0.223838836038053
181.818181818182
0.025432026551036
0.011670245541966
0.399042298483639
222.222222222222
0.123517786561265
0.228258388495777
0.04911108928396
0.335908632851864
0.553556601162469
0.279368626903199
17.0940170940171
0.25736713421696
0.498256103637269
0
0
0
0
0
0
0.350262697022767
52.6315789473684
37.7358490566038
250
0.174641983932938
222.222222222222
0.025879247431485
0.011662555615812
0.609013398294763
181.818181818182
0.13551053594417
0.26222630129802
0.059078959028742
0.486026731470231
0.517866390471258
0.345661942620118
45.4545454545455
0.242659548653239
0.594530321046373
0
0
0
0
0
0
0.315706393054459
58.8235294117647
19.6078431372549
117.647058823529
0.138303021921029
166.666666666667
0.021245857057874
0.010525318654022
0.412031314379893
200
0.131804402267036
0.206611570247934
0.047276853252648
0.329924117452986
0.589970501474926
0.271517784414879
15.625
0.279876854184159
0.499251123315027
0
0
0
0
0
0
0.257466529351184
35.7142857142857
32.7868852459016
200
0.203314018501576
200
0.023255273133183
0.009373740403633
0.455580865603645
200
0.126246686024492
0.213766566908935
0.04535764503107
0.28872527789808
0.511116790186558
0.301068794219479
16
0.199640646835696
0.499126528574994
0
0
0
0
0
0
0.4149377593361
38.4615384615385
27.027027027027
200
0.14009526478005
200
0.021156856937333
0.010603217016043
0.426803243704652
125
0.129684865776164
0.2211900022119
0.04953928465273
0.320410124959949
0.60938452163315
0.278086763070078
18.5185185185185
0.266028198989093
0.549148819330038
0
0
0
0
0
0
0.277507978354378
57.1428571428571
36.3636363636364
166.666666666667
0.157977883096366
200
0.02615952075758
0.011887496730938
0.37943464238285
200
0.165672630881378
0.211662609799979
0.058754406580494
0.446827524575514
0.523423187647213
0.385951370127364
35.7142857142857
0.297885016383676
0.65359477124183
0
0
0
0
0
0
0.352422907488987
48.7804878048781
34.4827586206897
222.222222222222
0.135814206165965
250
0.021732043898729
0.010532080717867
0.536768652710682
166.666666666667
0.121787845573012
0.235404896421846
0.048360576458071
0.400320256204964
0.483792936623125
0.324149108589951
20.8333333333333
0.238265427686443
0.579038795599305
0
0
0
0
0
0
0.321905681635281
36.3636363636364
37.037037037037
222.222222222222
0.196850393700787
166.666666666667
0.026651031394915
0.009398054602697
0.553097345132743
222.222222222222
0.118217283366828
0.221018897115703
0.04657119571545
0.264830508474576
0.615006150061501
0.312207305650952
19.6078431372549
0.209380234505863
0.510855683269476
0
0
0
0
0
0
0.336360578540195
41.6666666666667
21.7391304347826
166.666666666667
0.132634790105445
200
0.021330375521261
0.009963732015464
0.49800796812749
166.666666666667
0.122609122118686
0.228466986520448
0.047483380816714
0.390625
0.473260766682442
0.350385423966363
23.2558139534884
0.225988700564972
0.630914826498423
0
0
0
0
0
0
0.322841000807102
26.6666666666667
31.25
105.263157894737
0.180831826401447
166.666666666667
0.025078998846366
0.009304316272319
0.440917107583774
153.846153846154
0.1356300013563
0.207965061869606
0.043442373691299
0.290023201856148
0.614439324116743
0.284656988329063
18.1818181818182
0.236434566733656
0.508646998982706
0
0
0
0
0
0
0.326743996079072
41.6666666666667
19.2307692307692
250
0.142673705236125
3.73831775700935
0.021236382169934
0.010534521627373
0.499001996007984
200
0.132152768600502
0.186081131373279
0.049558925562494
0.384024577572965
0.440917107583774
0.372856077554064
37.037037037037
0.272182906913446
0.68212824010914
0
0
0
0
0
0
0.278241513633834
38.4615384615385
31.25
200
0.161446561188247
45.4545454545455
0.023530519083251
0.009255702669807
0.455062571103527
200
0.126831124357917
0.206953642384106
0.042849491162293
0.314415972331394
0.598981731057203
0.239120038259206
23.5294117647059
0.237051084508712
0.433839479392625
0
0
0
0
0
0
0.3584229390681
32.258064516129
18.6915887850467
153.846153846154
0.146692093296171
222.222222222222
0.021192951224423
0.010492188565613
0.5249343832021
142.857142857143
0.132205182443152
0.194931773879142
0.048597949166545
0.382262996941896
0.458715596330275
0.350385423966363
25
0.284010224368077
0.648088139987038
0
0
0
0
0
0
0.26578073089701
32.258064516129
28.5714285714286
222.222222222222
0.180831826401447
90.9090909090909
0.02327475852438
0.009236168837166
0.463714351959193
200
0.132283881209075
0.192307692307692
0.045411198401526
0.289393720156273
0.51666236114699
0.264061262212833
17.6991150442478
0.218890226551384
0.475398145947231
0
0
0
0
0
0
0.441403663650408
40
32.7868852459016
153.846153846154
0.223513634331694
181.818181818182
0.024408699260417
0.011883823739126
0.465224470807164
200
0.123092072870507
0.226244343891403
0.048722258763916
0.350938761186173
0.445632798573975
0.273822562979189
24.390243902439
0.29171528588098
0.597014925373134
0
0
0
0
0
0
0.467289719626168
41.6666666666667
34.4827586206897
285.714285714286
0.159134309357097
222.222222222222
0.02653963030295
0.01179043677673
0.589622641509434
166.666666666667
0.14655235582912
0.225886604924328
0.058188589217655
0.470366886171214
0.668896321070234
0.275824024272514
27.027027027027
0.301386377335744
0.617665225447807
0
0
0
0
0
0
0.353169698039908
38.4615384615385
39.2156862745098
181.818181818182
0.229147571035747
166.666666666667
0.02483083990316
0.011907880635405
0.401123144805455
125
0.120235661897319
0.202942668696093
0.050276520864756
0.322632682690757
0.48030739673391
0.267522739432852
32.258064516129
0.251161622504081
0.559753708368318
0
0
0
0
0
0
0.467945718296678
35.7142857142857
7.8125
200
0.141703273345614
181.818181818182
0.021478585849908
0.010152387333882
0.526038926880589
250
0.128965695125097
0.197316495659037
0.049394912324031
0.383582662063675
0.442477876106195
0.388953714507973
24.390243902439
0.273448181569593
0.734214390602056
0
0
0
0
0
0
0.292868648411188
28.5714285714286
25.6410256410256
125
0.172771250863856
166.666666666667
0.023100023100023
0.009403356998448
0.54333061668025
125
0.120809423135005
0.22158209616663
0.043852917315324
0.290360046457607
0.607348921955663
0.236043904166175
23.5294117647059
0.209709552270106
0.486736432221952
0
0
0
0
0
0
0.289645184648805
32.258064516129
2.39234449760766
222.222222222222
0.137117784176608
166.666666666667
0.021321279703208
0.010444627805688
0.549148819330038
200
0.125423303649818
0.20165355918532
0.047379891973846
0.349040139616056
0.446627958910228
0.317359568390987
25
0.257135510413988
0.690131124913734
0
0
0
0
0
0
0.29708853238265
41.6666666666667
16.1290322580645
200
0.148478099480327
166.666666666667
0.022864459484178
0.009147791723078
0.473484848484848
222.222222222222
0.120751071665761
0.224190113216007
0.048635766742863
0.318928400574071
0.522602560752548
0.289855072463768
24.0963855421687
0.242924814769829
0.445930880713489
0
0
0
0
0
0
0.34965034965035
17.2413793103448
34.4827586206897
166.666666666667
0.182648401826484
125
0.024898538455793
0.009234804129804
0.392003136025088
153.846153846154
0.135804984042914
0.208986415882968
0.043361373688319
0.264445325928864
0.627549419516787
0.28169014084507
16.8067226890756
0.22878059940517
0.517464424320828
0
0
0
0
0
0
0.315407664406245
33.3333333333333
27.6645900084676
