o
66.6666666666667
103.448275862069
2.39043824701195
100
0.154392465647676
0.059664091166731
1.2070006035003
105.263157894737
0.696864111498258
1.58102766798419
0.343170899107756
2.61437908496732
0.854700854700855
0.889284126278346
60.6060606060606
1.86046511627907
3.52112676056338
0
0
0
0
0
0
2.43111831442463
62.5
60.6060606060606
105.263157894737
2.49376558603491
125
0.144906535284741
0.057740054275651
1.11275964391691
107.142857142857
0.627483790002092
1.54878678368611
0.343210159020707
2.45901639344262
0.961538461538462
1.16234017822549
58.8235294117647
1.82260024301337
3.4324942791762
0
0
0
0
0
0
2.15749730312837
68.9655172413793
83.3333333333333
6.11620795107034
0.454855583352286
90.9090909090909
7.06713780918728
1.79856115107914
1.98807157057654
3.7593984962406
8
117.647058823529
0.017958910013888
0.165098233448902
0.623700623700624
50
5.29100529100529
4.21348314606742
35.7142857142857
9.83606557377049
0.076184671644065
0.850340136054422
107.142857142857
7.5187969924812
93.75
0.312467451307155
0
85.7142857142857
6.03621730382294
0.536001429337145
65.2173913043478
7.2992700729927
1.75849941383353
2.07182320441989
3.19488817891374
7.67263427109974
93.75
0.017417455774177
0.169625692638245
0.826218672541999
57.6923076923077
5.61797752808989
4.74683544303797
39.4736842105263
10.3092783505155
0.071674311926606
0.780234070221066
105.263157894737
7.19424460431655
105.263157894737
0.24330900243309
0
23.0871914831116
