o
166.666666666667
5.47945205479452
0.442771751162276
86.9565217391304
7.09219858156028
1.573564122738
1.8034265103697
2.69905533063428
7.84313725490196
250
0.013190813917188
0.111673615247171
0.684306569343066
63.8297872340426
4.62249614791988
3.90117035110533
39.4736842105263
8.37988826815642
0.054935999560512
0.49248953459739
4.94233937397035
6.56455142231947
166.666666666667
0.224064530584808
0
142.857142857143
4.83870967741936
0.360750360750361
85.7142857142857
6.83371298405467
1.38632162661738
1.7162471395881
2.48756218905473
6.27615062761506
125
0.014432930173484
0.115375740327667
0.523743016759777
69.7674418604651
4.54545454545455
3.69913686806412
35.2941176470588
7.46268656716418
0.05338078291815
0.537730776124754
200
7.04225352112676
176.470588235294
0.211535749541672
0
142.857142857143
4.70588235294118
0.376576915835059
86.9565217391304
6.66666666666667
1.40449438202247
1.74216027874565
2.50312891113892
5.81395348837209
222.222222222222
0.013341100818699
0.098616087571086
0.524842547235829
57.6923076923077
4.24328147100424
2.10378681626928
35.2941176470588
8.10810810810811
0.050200803212851
0.520562207183758
166.666666666667
6.23700623700624
157.894736842105
0.207583725435926
0
107.142857142857
4.75435816164818
0.413052457662123
76.9230769230769
6.73400673400673
1.26422250316056
1.11982082866741
2.48756218905473
6.26959247648903
181.818181818182
0.013046144212078
0.102997219075085
0.622406639004149
71.4285714285714
4.27960057061341
1.8348623853211
35.2941176470588
2.90135396518375
0.048661800486618
0.452079566003617
200
2.80636108512629
150
0.195605398709004
0
125
4.95049504950495
0.458996328029376
81.0810810810811
6.36942675159236
1.39664804469274
1.77935943060498
2.58620689655172
6.63716814159292
157.894736842105
0.013304477400128
0.112701453848755
0.656598818122127
52.6315789473684
4.12087912087912
3.83631713554987
35.2941176470588
8.24175824175824
0.053991793247426
0.453240670796193
176.470588235294
7.14285714285714
187.5
0.20800110933925
0
71.4285714285714
176.470588235294
2.06185567010309
166.666666666667
0.106307583274274
0.050031269543465
0.763067531476536
181.818181818182
0.525900604785696
1.3262599469496
0.271923861318831
1.47058823529412
0.905387052965142
1.06213489113117
66.6666666666667
1.46627565982405
2.95857988165681
0
0
0
0
0
0
1.72314761631246
69.7674418604651
75
187.5
1.87617260787993
150
0.101636345157028
0.042377071179354
0.941915227629513
176.470588235294
0.445699004605556
0.888362451880367
0.262766050626259
1.34831460674157
1.04456824512535
0.999333777481679
71.4285714285714
1.3531799729364
1.91815856777494
0
0
0
0
0
0
1.29421915444349
75
75
187.5
1.32333480370534
176.470588235294
0.102567609149031
0.044964028776979
0.62402496099844
153.846153846154
0.517196793379881
1.17302052785924
0.286000286000286
1.34589502018843
1.14155251141553
1.00200400801603
83.3333333333333
0.880669308674593
3.07692307692308
0
0
0
0
0
0
1.6025641025641
71.4285714285714
71.4285714285714
166.666666666667
0.878220140515222
166.666666666667
0.099242449303649
0.042135423250327
0.911992704058368
181.818181818182
0.490677134445535
0.899685110211426
0.292911540714704
2.17155266015201
0.634316523945449
1.07181136120043
68.9655172413793
1.54679040989946
3.15457413249211
0
0
0
0
0
0
1.52594099694812
71.4285714285714
76.9230769230769
166.666666666667
2.11416490486258
181.818181818182
0.115473441108545
0.042875211696358
0.688863375430539
187.5
0.372717107715244
1.06082036775106
0.23616468550736
1.17508813160987
0.81588251291814
0.904431715405487
71.4285714285714
1.30378096479791
2.46103363412633
0
0
0
0
0
0
1.8001800180018
74.0740740740741
4.47761194029851
200
1.66112956810631
4.96688741721854
0.095192765349833
0.045377197958026
0.908265213442325
200
0.503778337531486
0.834376303712975
0.263539333245487
1.90839694656489
0.989609104403761
1.03145951521403
66.6666666666667
1.36798905608755
1.41442715700141
0
0
0
0
0
0
1.22448979591837
76.9230769230769
68.1818181818182
166.666666666667
1.93548387096774
166.666666666667
0.105418511490618
0.045111425220294
0.97624471200781
187.5
0.529941706412295
1.2453300124533
0.250836120401338
2.01884253028264
1.08381502890173
1.03591160220995
75
1.51591712986357
2.98507462686567
0
0
0
0
0
0
1.7162471395881
75
76.9230769230769
166.666666666667
1.46627565982405
181.818181818182
0.089794818838953
0.041328006612481
0.96215522771007
187.5
0.395621785572992
1.08656283955089
0.248221082243919
1.70940170940171
0.68073519400953
0.813890396093326
83.3333333333333
1.36923779096303
2.69784172661871
0
0
0
0
0
0
1.69204737732657
74.0740740740741
125
4.23728813559322
0.368527731711811
100
6.9204152249135
1.21728545343883
1.16009280742459
2.56081946222791
6.68896321070234
200
0.013287329645361
0.106662874208917
0.541418516513265
66.6666666666667
4.27960057061341
2.05620287868403
39.4736842105263
7.12589073634204
0.0493705257961
0.561272217025257
187.5
6.32911392405063
130.434782608696
0.196811651249754
0
133.333333333333
4.3956043956044
0.396510705789056
80
6.32911392405063
0.874890638670166
1.59616919393456
1.37646249139711
6.30914826498423
222.222222222222
0.014486455164421
0.109739368998628
0.535762121618002
6.87285223367698
4.5766590389016
3.61663652802893
39.2156862745098
7.2463768115942
0.05056762155192
0.575705238917674
181.818181818182
7.90513833992095
166.666666666667
0.218746582084655
0
136.363636363636
4.52488687782805
0.397245762711864
96.7741935483871
6.04838709677419
1.01078167115903
1.69014084507042
2.360346184107
5.74712643678161
157.894736842105
0.014076708677822
0.111280091991543
0.664746288499889
65.2173913043478
4.6583850931677
3.74064837905237
35.2941176470588
6.5359477124183
0.049079754601227
0.471475719000471
181.818181818182
6.6006600660066
166.666666666667
0.211550666384599
0
32.1966714611455
