o
105.263157894737
1.86219739292365
0.158516287548546
45.4545454545455
1.33333333333333
0.404367165386171
0.762485703393061
0.783699059561129
2.17627856365615
200
0.009129057485675
0.045549785916006
0.262352426759948
53.5714285714286
1.37867647058824
1.76056338028169
18.1818181818182
2.51046025104602
0.018196540837587
0.210837022981235
176.470588235294
4.90998363338789
125
0.112258643915582
0
115.384615384615
1.4278914802475
0.182615047479912
68.1818181818182
3.35570469798658
0.496524329692155
0.768836494105587
1.04094378903539
2.92112950340798
187.5
0.008794881379037
0.094046835323991
0.471475719000471
63.8297872340426
4.31654676258993
3.16455696202532
35.2941176470588
7.40740740740741
0.028215908129003
0.279251605696733
200
3.59066427289048
166.666666666667
0.08047642040882
0
105.263157894737
2.22469410456062
0.161095449053564
43.4782608695652
3.05343511450382
0.412967169110056
0.814995925020375
0.572409845449342
2.47218788627936
200
0.009346638792913
0.056463148385154
0.302175664786462
45.4545454545455
2.30769230769231
1.95439739413681
26.0869565217391
3.6144578313253
0.02519314746389
0.250469630557295
200
3.7593984962406
176.470588235294
0.105170902716915
0
125
2.35478806907378
0.144675925925926
58.8235294117647
3.2626427406199
0.467398924982472
0.825763831544178
0.599520383693046
1.25628140703518
200
0.009404093915551
0.055762081784387
0.30810311184143
52.6315789473684
2.4390243902439
1.74927113702624
25.6410256410256
3.35570469798658
0.025472731440993
0.261460693742374
230.769230769231
3.87096774193548
187.5
0.108342361863489
0
125
3.08959835221421
0.227825030376671
76.9230769230769
4.6656298600311
0.741289844329133
1.21359223300971
0.935453695042095
3.45622119815668
200
0.007779780350868
0.050022510129558
0.353731871241599
49.1803278688525
2.62697022767075
2.21565731166913
26.3157894736842
1.83936235438381
0.026996139552044
0.356209926383282
200
3.32225913621262
181.818181818182
0.084107826233231
0
47.6190476190476
176.470588235294
0.505987518974532
3.47624565469293
0.059342485263283
0.024352230664329
0.627943485086342
181.818181818182
0.288600288600289
0.627549419516787
0.154095076662301
1.12233445566779
0.618429189857761
0.54127198917456
58.8235294117647
0.826104915324246
1.69491525423729
0
0
0
0
0
0
0.804289544235925
66.6666666666667
51.2820512820513
200
0.415886878768975
166.666666666667
0.052207053172884
0.019510037914507
0.66711140760507
187.5
0.198045946659625
0.447961773928625
0.090782545542577
0.510464522715671
0.650618087182824
0.530128998056194
42.8571428571429
0.562640660165041
0.987166831194472
0
0
0
0
0
0
0.91869545245751
51.2820512820513
42.8571428571429
200
0.327833023713255
200
0.049960863989875
0.019431247388926
0.707964601769911
83.3333333333333
0.243013365735115
0.648298217179903
0.124038700074423
1.08283703302653
0.868432479374729
0.522056904202558
50
0.850701829008932
1.63265306122449
0
0
0
0
0
0
0.726568176313877
52.6315789473684
46.1538461538462
214.285714285714
0.384714029238266
200
0.048938044435744
0.019204732045976
0.695410292072323
166.666666666667
0.24965672200724
0.489955903968643
0.124859533025347
1.05876124933827
0.564334085778781
0.493218249075216
51.2820512820513
0.708215297450425
1.60771704180064
0
0
0
0
0
0
0.674460431654676
56.6037735849057
74.0740740740741
166.666666666667
1.32187706543292
200
0.073118122326619
0.024407507749384
0.476871721506915
166.666666666667
0.291545189504373
0.501378791677112
0.122782245687274
1.12866817155756
0.876040297853701
0.543773790103317
51.2820512820513
0.790201501382853
1.72117039586919
0
0
0
0
0
0
1.32978723404255
74.0740740740741
44.7761194029851
250
0.3556609365738
157.894736842105
0.050013336889837
0.02059923164866
0.529240539825351
181.818181818182
0.258264462809917
0.475737392959087
0.124929727028546
0.764233855559801
0.714796283059328
0.492732200049273
51.2820512820513
0.686341798215511
1.37931034482759
0
0
0
0
0
0
0.600720865038046
50.8474576271186
46.5116279069768
181.818181818182
0.597728631201434
166.666666666667
0.050232324500816
0.029419263733893
0.871839581517001
200
0.3725782414307
0.637348629700446
0.169702455028849
1.48883374689826
0.697026022304833
0.752256770310933
73.1707317073171
0.987166831194472
2.31660231660232
0
0
0
0
0
0
0.707463742483198
62.5
66.6666666666667
200
0.716075904045829
166.666666666667
0.058539440948339
0.022859755400617
0.638977635782748
200
0.275558004960044
0.575539568345324
0.15008254539997
1.23456790123457
0.605510142294883
0.615763546798029
60.6060606060606
0.931098696461825
1.68634064080944
0
0
0
0
0
0
1.10071546505228
64.5161290322581
74.0740740740741
2.25733634311512
0.188590287600189
66.6666666666667
3.29489291598023
0.679809653297077
0.725689404934688
1.06382978723404
3.22061191626409
181.818181818182
0.009384355028919
0.050561229649105
0.232684402388893
48.3870967741936
1.94049159120311
1.62425554953979
2.55754475703325
2.56739409499358
0.017527101280355
0.278784499581823
200
5.75815738963532
157.894736842105
0.109493047191503
0
111.111111111111
2.93542074363992
0.202757502027575
66.6666666666667
3.8265306122449
0.611246943765281
1.05042016806723
0.851305334846765
2.86259541984733
250
0.009471969285561
0.086142537184862
0.481077613855035
63.8297872340426
3.2051282051282
1.75336060783168
33.3333333333333
5.19031141868512
0.031928820017242
0.343327992675669
187.5
3.003003003003
176.470588235294
0.074839095943721
0
100
2.05338809034908
0.186306474149977
54.0540540540541
2.86944045911047
0.483558994197292
0.916170407695832
1.08873162765378
3.003003003003
117.647058823529
0.009192133984545
0.050561229649105
0.30902348578492
47.6190476190476
1.34649910233393
1.29533678756477
20.1342281879195
3.01204819277108
0.017423272264764
0.214822771213749
230.769230769231
4.82315112540193
187.5
0.124013062709272
0
120
1.62074554294976
0.212539851222104
68.1818181818182
3.37837837837838
0.522193211488251
1.16686114352392
1.00468854655057
2.9382957884427
214.285714285714
0.009959762559261
0.080108948169511
0.343839541547278
65.2173913043478
2.85986653956149
2.22222222222222
30.6122448979592
3.97350993377483
0.029370588292884
0.344986200551978
200
1.54004106776181
187.5
0.088989084005695
0
120
1.81268882175227
0.213507935378265
65.2173913043478
3.90117035110533
0.595592614651578
1.21506682867558
1.15295926210607
3.78787878787879
200
0.009421666692838
0.082953131480713
0.397245762711864
58.8235294117647
3.08008213552361
2.48344370860927
31.9148936170213
5.0761421319797
0.029367425651467
0.316589278176446
200
3.04568527918782
157.894736842105
0.074794315632012
0
111.111111111111
1.05263157894737
0.183503073676484
66.6666666666667
3.08166409861325
0.530926466684364
0.506713959969597
0.724900326205147
2.21729490022173
222.222222222222
0.009248925583145
0.05952380952381
0.292740046838407
51.7241379310345
2.31660231660232
1.33809099018733
22.5563909774436
3.61881785283474
0.026397064646411
0.297914597815293
200
3.56718192627824
214.285714285714
0.101653564651667
0
100
2.06185567010309
0.158152775581211
58.8235294117647
2.96296296296296
0.521512385919166
0.778816199376947
0.814332247557003
1.49365197908887
200
0.008531003800562
0.050433730078677
0.28169014084507
50
2.49376558603491
1.24688279301746
24.0963855421687
3.84615384615385
0.020636427421685
0.210128178188695
200
6.0790273556231
95.2380952380952
0.154118825614549
0
111.111111111111
2.28571428571429
0.170212765957447
66.6666666666667
2.98953662182362
0.619578686493185
0.568020448736155
1.01112234580384
3.5778175313059
181.818181818182
0.009319867160827
0.049709201173137
0.252844500632111
41.6666666666667
2.1978021978022
1.3531799729364
21.7391304347826
3.03490136570561
0.017085547335509
0.280977802753582
214.285714285714
4.63678516228748
200
0.121310149615851
0
125
3.17796610169492
0.221729490022173
78.9473684210526
4.15512465373961
0.639522489874227
1.16144018583043
1.22699386503068
3.59281437125748
214.285714285714
0.009444862467061
0.083563131946185
0.413109336271
60
1.9280205655527
2.60642919200695
32.258064516129
4.53172205438066
0.030322939303583
0.326228795128317
214.285714285714
2.97914597815293
176.470588235294
0.076326167154306
0
90.9090909090909
1.91938579654511
0.165480721495946
62.5
2.97176820208024
0.600961538461538
0.928074245939675
1.10497237569061
3.16455696202532
105.263157894737
0.008942410873972
0.051870807109759
0.283795288998203
43.4782608695652
2.24719101123596
1.01677681748856
21.978021978022
3.13479623824451
0.017192765284368
0.224870699347875
200
4.94233937397035
200
0.121951219512195
0
105.263157894737
2.17627856365615
0.171218217618355
55.5555555555556
3.2626427406199
0.518672199170125
0.545107658762606
0.813338755591704
2.53485424588086
222.222222222222
0.007645143040626
0.053075739079667
0.366233290606116
54.0540540540541
2.40096038415366
1.26903553299492
29.4117647058823
4.62962962962963
0.02082443956227
0.234907211651398
181.818181818182
4.51467268623025
166.666666666667
0.122369065100343
0
60
214.285714285714
0.508560773012375
200
0.065132435953105
0.029027576197388
0.559284116331096
181.818181818182
0.298284862043251
0.653167864141084
0.17619592987402
1.11172873818788
0.666000666000666
0.570450656018255
66.6666666666667
0.872981230903536
2.00601805416249
0
0
0
0
0
0
0.989119683481701
63.8297872340426
48.3870967741936
187.5
0.37359900373599
187.5
0.041634284445431
0.025287220681575
0.638297872340425
187.5
0.271027193061704
0.510290865793502
0.113481615978212
0.84841628959276
0.8424599831508
0.543183052688756
49.1803278688525
0.547045951859956
1.09489051094891
0
0
0
0
0
0
0.638841567291312
60
58.8235294117647
214.285714285714
0.597847748106816
200
0.062346730953074
0.027058473360933
0.580720092915215
250
0.288392213410238
0.775494377665762
0.16416317819913
0.841042893187552
0.628930817610063
0.715051841258491
66.6666666666667
0.779727095516569
1.95503421309873
0
0
0
0
0
0
1.10334681868334
65.2173913043478
41.0958904109589
120
0.329706561160567
166.666666666667
0.040947805197641
0.024239877831016
0.633981403212172
187.5
0.2451781627983
0.416550958067204
0.123533045089561
0.862068965517241
0.562429696287964
0.47192071731949
43.4782608695652
0.592592592592593
1.28617363344051
0
0
0
0
0
0
0.662690523525514
48.3870967741936
41.6666666666667
200
0.391032325338895
187.5
0.040021878626983
0.02856870774212
0.774793388429752
187.5
0.276854928017719
0.623700623700624
0.114307487140408
0.689813750287422
0.697674418604651
0.587199060481503
42.2535211267606
0.541907514450867
1.14220445459737
0
0
0
0
0
0
0.534473543559594
53.5714285714286
57.6923076923077
200
0.623311863702473
200
0.06324710644488
0.027252411838448
0.599520383693046
181.818181818182
0.262846628991983
0.773993808049535
0.155981906098893
1.12739571589628
0.634920634920635
0.512032770097286
71.4285714285714
0.906618313689936
1.91204588910134
0
0
0
0
0
0
0.975609756097561
63.8297872340426
41.6666666666667
157.894736842105
0.392054364871929
3.95778364116095
0.0409696142028
0.02834734952282
0.747384155455904
187.5
0.271862256456729
0.470145745181006
0.121231714216439
0.917711838482716
0.602167804094741
0.499500499500499
39.2156862745098
0.549450549450549
1.10558319513543
0
0
0
0
0
0
0.538213132400431
53.5714285714286
62.5
230.769230769231
0.729571984435798
187.5
0.062249704313905
0.026351849899863
0.518134715025907
181.818181818182
0.284010224368077
0.755287009063444
0.164406083025072
1.21432908318154
0.582580833090591
0.641025641025641
62.5
0.979911807937286
1.56862745098039
0
0
0
0
0
0
1.03092783505155
68.1818181818182
31.1003008144293
