o
0
0
0
0
0
0
0
0
0
0
0
0
0
0
0
0
0
0
0
0
0
0
0
0
0
0
0
0
0
0
0
0
0
0
0
0
0
0
0
0
0
0
0
0
0
0
0
0
0
0
0
0
0
0
0
0
0
0
0
0
0
0
0
0
0
0
0
0
0
0
0
0
0
0
0
0
0
0
0
0
0
0
0
0
0
0
0
0
0
0
0
0
0
0
0
0
0
0
0
0
0
0
0
0
0
0
0
0
0
0
0
0
0
0
0
0
0
0
0
0
0
0
0
0
0
0
0
0
0
0
0
0
0
0
0
0
0
0
0
0
0
0
0
0
0
0
0
0
0
0
0
0
0
0
0
0
0
0
0
0
0
0
0
0
0
0
0
0
0
0
0
0
0
0
0
0
0
0
0
0
0
0
0
0
0
0
0
0
0
0
0
0
0
0
0
0
0
0
0
0
0
0
0
0
0
0
0
0
0
0
0
0
0
0
0
0
0
0
0
0
0
0
0
0
0
0
0
0
0
0
0
0
0
0
0
0
0
0
0
0
0
0
0
0
0
0
0
0
0
0
0
0
0
0
0
0
0
0
0
0
0
0
0
0
0
0
0
0
0
0
0
0
0
0
0
0
0
0
0
0
0
0
0
0
0
0
0
0
0
0
0
0
0
0
0
0
0
0
0
0
0
0
0
0
0
0
0
0
0
0
0
0
0
0
0
0
0
0
0
0
0
0
0
0
0
0
0
0
0
0
0
0
0
0
0
0
0
0
0
0
0
0
0
0
0
0
0
0
0
0
0
0
0
0
0
0
0
0
0
0
0
0
0
0
0
0
0
0
0
0
0
0
0
0
0
0
0
0
0
0
0
0
0
0
0
0
0
0
0
0
0
0
0
0
0
0
0
0
0
0
0
0
0
0
0
0
0
0
0
0
0
0
0
0
0
0
0
0
0
0
0
0
0
0
0
0
0
0
0
0
0
0
0
0
0
0
0
0
0
0
0
0
0
0
0
0
0
0
0
0
0
0
0
0
0
0
0
0
0
0
0
0
0
0
0
0
0
0
0
0
0
0
0
0
0
0
0
0
0
0
0
0
0
0
0
0
0
0
0
0
0
0
0
0
0
0
0
0
0
0
0
0
0
0
0
0
0
0
0
0
0
0
0
0
0
0
0
0
0
0
0
0
0
0
0
0
0
0
0
0
0
0
0
0
0
0
0
0
0
0
0
0
0
0
0
0
0
0
0
0
0
0
0
0
0
0
0
0
0
0
0
0
0
0
0
0
0
0
0
0
0
0
0
0
0
0
0
0
0
0
0
0
0
0
0
0
0
0
0
0
0
0
0
0
0
0
0
0
0
0
0
0
0
0
0
0
0
0
0
0
0
0
0
0
0
0
0
0
0
0
0
0
0
0
0
0
0
0
0
0
0
0
0
0
0
0
0
0
0
0
0
0
0
0
0
0
0
0
0
0
0
0
0
0
0
0
0
0
0
0
0
0
0
0
0
0
0
0
0
0
0
0
0
0
0
0
0
0
0
0
0
0
0
0
0
0
0
0
0
0
0
0
0
0
0
0
0
0
0
0
0
0
0
0
0
0
0
0
0
0
0
0
0
0
0
0
0
0
0
0
0
0
0
0
0
0
0
0
0
0
0
0
0
0
0
0
0
0
0
0
0
0
0
0
0
0
0
0
0
0
0
0
0
0
0
0
0
0
0
0
0
0
0
0
0
0
0
0
0
0
0
0
0
0
0
0
0
0
0
0
0
0
0
0
0
0
0
0
0
0
0
0
0
0
0
0
0
0
0
0
0
0
0
0
0
0
0
0
0
0
0
0
0
0
0
0
0
0
0
0
0
0
0
0
0
0
0
0
0
0
0
0
0
0
0
0
0
0
0
0
0
0
0
0
0
0
0
0
0
0
0
0
0
0
0
0
0
0
0
0
0
0
0
0
0
0
0
0
0
0
0
0
0
0
0
0
0
0
0
0
0
0
0
0
0
0
0
0
0
0
0
0
0
0
0
0
0
0
0
0
0
0
0
0
0
0
0
0
0
0
0
0
0
0
0
0
0
0
0
0
0
0
0
0
0
0
0
0
0
0
0
0
0
0
0
0
0
0
0
0
0
0
0
0
0
0
0
0
0
0
0
0
0
0
0
0
0
0
0
0
0
0
0
0
0
0
0
0
0
0
0
0
0
0
0
0
0
0
0
0
0
0
0
0
0
0
0
0
0
0
0
0
0
0
0
0
0
0
0
0
0
0
0
0
0
0
0
0
0
0
0
0
0
0
0
0
0
0
0
0
0
0
0
0
0
0
0
0
0
0
0
0
0
0
0
0
0
0
0
0
0
0
0
0
0
0
0
0
0
0
0
0
0
0
0
0
0
0
0
0
0
0
0
0
0
0
0
0
0
0
0
0
0
0
0
0
0
0
0
0
0
0
0
0
0
0
0
0
0
0
0
0
0
0
0
0
0
0
0
0
0
0
0
0
0
0
0
0
0
0
0
0
0
0
0
0
0
0
0
0
0
0
0
0
0
0
0
0
0
0
0
0
0
0
0
0
0
0
0
0
0
0
0
0
0
0
0
0
0
0
0
0
0
0
0
0
0
0
0
0
0
0
0
0
0
0
0
0
0
0
0
0
0
0
0
0
0
0
0
0
0
0
0
0
0
0
0
0
0
0
0
0
0
0
0
0
0
0
0
0
0
0
0
0
0
0
0
0
0
0
0
0
0
0
0
0
0
0
0
0
0
0
0
0
0
0
0
0
0
0
0
0
0
0
0
0
0
0
0
0
0
0
0
0
0
0
0
0
0
0
0
0
0
0
0
0
0
0
0
0
0
0
0
0
0
0
0
0
0
0
0
0
0
0
0
0
0
0
0
0
0
0
0
0
0
0
0
0
0
0
0
0
0
0
0
0
0
0
0
0
0
0
0
0
0
0
0
0
0
0
0
0
0
0
0
0
0
0
0
0
0
0
0
0
0
0
0
0
0
0
0
0
0
0
0
0
0
0
0
0
0
0
0
0
0
0
0
0
0
0
0
0
0
0
0
0
0
0
0
0
0
0
0
0
0
0
0
0
0
0
0
0
0
0
0
0
0
0
0
0
0
0
0
0
0
0
0
0
0
0
0
0
0
0
0
0
0
0
0
0
0
0
0
0
0
0
0
0
0
0
0
0
0
0
0
0
0
0
0
0
0
0
0
0
0
0
0
0
0
0
0
0
0
0
0
0
0
0
0
0
0
0
0
0
0
0
0
0
0
0
0
0
0
0
0
0
0
0
0
0
0
0
0
0
0
0
0
0
0
0
0
0
0
0
0.005575534554375
0.005583753510785
0.005585250470557
0.00560067208065
0.005613499343221
0.005627145349164
0.005639967062592
0.005649111112366
0.005649398339077
0.005655532807746
0.005673404780411
0.005680043168328
0.005681430811536
0.0056898033035
0.005708120943667
0.005717945199213
0.005743495491356
0.005750960410389
0.005759108029348
0.005761065566687
0.005761829035009
0.005771539384985
0.005774438868903
0.005793138606634
0.005794582065769
0.005797269486072
0.005797471143087
0.005802281457069
0.005803426342913
0.005825468950251
0.005829340235272
0.005830257872306
0.005850382322485
0.005857956276214
0.005869853605851
0.00589059978087
0.005900993137145
0.005943041886559
0.005945479948869
0.00599276074502
0.00599905214976
0.006027509553603
0.006033655731671
0.006042113531313
0.006057302077655
0.006065274483997
0.006083354118127
0.006142355224687
0.006143449546921
0.00614360051852
0.006146810420073
0.006159721580585
0.006160556421456
0.006172306097004
0.006173563566097
0.006178025997133
0.006180125950967
0.006183144747419
0.006193177595561
0.006202781327147
0.006240327492387
0.00625453453754
0.006255825737718
0.006271991169036
0.006296713745096
0.006562368752625
0.006582758439096
0.006612444620776
0.006647433425954
0.006737000956654
0.006761370935571
0.006834989679166
0.006889638328436
0.006928806513078
0.006954780020308
0.006962042941881
0.006975446428571
0.007096552140143
0.007112426119674
0.007128650760271
0.007128981090378
0.007138624958061
0.007175737396714
0.007178158299925
0.007193080256793
0.007193313096146
0.007198802119327
0.007206220409457
0.007210741119972
0.007260529583028
0.007287036362311
0.007356024216032
0.007360247304309
0.007397106252034
0.007411140426289
0.007499850003
0.007527796388163
0.007595552044723
0.007625671059053
0.007637493985473
0.007665772326562
0.007723975993883
0.007824787361403
0.007846029516763
0.007860399308285
0.007951843634947
0.007996929179195
0.008030967410334
0.008089960359194
0.008090549429212
0.008107867063412
0.008119387473409
0.008121233777836
0.00813696133316
0.008140869607692
0.008154611432765
0.008174409194575
0.00819531064325
0.008206138191367
0.008209776201501
0.008252935981976
0.008289262089889
0.008289399515899
0.008300477277443
0.008303165166562
0.008306751727804
0.008369741709771
0.008399408681629
0.00845558702913
0.008471417437566
0.008547812187471
0.008556515786772
0.008570816370259
0.008579861349441
0.008605926040672
0.008669568082118
0.008674230595746
0.008679500755117
0.008706478490645
0.008724480893387
0.008753041681984
0.008791904414415
0.008812047831796
0.008825813740027
0.008827527762575
0.008853396605608
0.008861398860424
0.008869887618524
0.008875634607874
0.00888825683507
0.008894897886572
0.008897034618362
0.008902341315766
0.008904164477726
0.008909400308265
0.008917981325747
0.008929687639526
0.008932878352063
0.008962741881997
0.008986986843051
0.008992886626678
0.008998389288317
0.009009901882169
0.0090239676581
0.009024049090827
0.009039466309909
0.009046417166481
0.009053132836618
0.009053870529651
0.009055182280819
0.00905903774901
0.009063717937098
0.009082074709147
0.009099346666909
0.009148210152684
0.009149214539932
0.009153234295338
0.009198954998712
0.009203611497151
0.009218034162035
0.009234377741456
0.009263118892131
0.009267582921698
0.009291607819817
0.009308646802014
0.009326531183257
0.00933698098057
0.009358213704168
0.009358826777475
0.009374619156097
0.009413182220381
0.009425248355294
0.009435475500788
0.009446884889708
0.009454297923836
0.009462349312087
0.00946414037213
0.009467455621302
0.00947256744468
0.009503806274413
0.00951918591922
0.009542166835245
0.009543988241806
0.009578544061303
0.009641713911065
0.009661462358943
0.009681385599907
0.009687669534217
0.009696499563658
0.009704121340333
0.009706476160895
0.009722141204379
0.009725923476434
0.009739089784669
0.00975210157789
0.009764290038471
0.009770491162591
0.009782534263326
0.009799502185289
0.009848432621948
0.00987225304559
0.009909133248115
0.009912964174547
0.009927134830345
0.009943323058566
0.009946290033817
0.010006203846385
0.0100450016072
0.010067350575349
0.010079425875902
0.010096318882136
0.010109076940185
0.010114803014211
0.010115314586284
0.010117259032183
0.010120842863794
0.01013243087149
0.010140959334753
0.010152696556205
0.01016549424633
0.010234890742541
0.010251048169675
0.010251153254741
0.010286055194972
0.010296964454879
0.010300888966718
0.010310553882955
0.010341261633919
0.010350573939325
0.010368496360658
0.010386912490262
0.010394578188017
0.010395442637948
0.010412978736698
0.01042263796967
0.010427963627263
0.010435145570281
0.010447683226245
0.010455876202426
0.010472958820326
0.010544741337495
0.010580219222142
0.010589069961985
0.010591425182173
0.010617063744851
0.010621123289999
0.010626653772994
0.010635469290083
0.010670194944462
0.010729843988069
0.010812681112409
0.010846222260787
0.010876540390033
0.010968520346605
0.010997833426815
0.011021712774165
0.011052288376308
0.011139827109883
0.01124732875942
0.011259232570708
0.011283370568456
0.011368545508288
0.011376952569485
0.011417219450375
0.011445445285049
0.011492403521273
0.011504434959677
0.011528573569592
0.011542812290787
0.011605505651881
0.011610356437943
0.011670245541966
0.011684290471461
0.011763045217146
0.011764567475677
0.011787448724598
0.011812651349596
0.011831799143378
0.011855645658463
0.011929615269908
0.011937447773666
0.011956573724234
0.011986814504046
0.012028628134961
0.012050080133033
0.01206098031648
0.012140784537497
0.012311480455525
0.012380681185079
0.012412337863837
0.012499531267578
0.012522854208931
0.012530386186502
0.012600171362331
0.012634877315341
0.012656465555429
0.012766500702158
0.012766989671505
0.012793286083463
0.012809181621386
0.012841091492777
0.012846617806697
0.01298718165171
0.01301846017653
0.013031693077565
0.013032202572557
0.013055000718025
0.013060115712625
0.013114238128336
0.013115786160223
0.013123876268095
0.013134218579666
0.013174709827016
0.013195223329155
0.013200100320763
0.013204109118758
0.013222441127081
0.013293099552023
0.013343652424542
0.013344186605106
0.013347392586858
0.013357376611234
0.01337014580144
0.013407881152542
0.013467469327839
0.013476180850347
0.013486085731047
0.013489724202589
0.013506577703342
0.013531433520067
0.013532532207427
0.013547657271366
0.01356907336798
0.013575889220744
0.013601556018009
0.013605812403059
0.013607478670277
0.013617484850548
0.013628248633768
0.013644333167327
0.013645357167224
0.013653554702967
0.01365392755226
0.013691503053205
0.013717985650987
0.013720055977828
0.013728532008072
0.013728908963605
0.013732113921617
0.013758754007237
0.013800908099753
0.01380929365463
0.013828963380905
0.013845142085771
0.013861166555777
0.013888503097136
0.013899699766485
0.013901438798916
0.013906851905934
0.013923310406282
0.013951379442642
0.013984644859944
0.014017283310322
0.01401973979363
0.014022295449765
0.014057579847054
0.014074397263937
0.014102582182798
0.014114027225959
0.01416751671767
0.014198696559656
0.014212418811558
0.014214439027164
0.014215651432227
0.014321107880906
0.014331780723755
0.014358120234899
0.014376284880461
0.0144015438455
0.01445180683715
0.01446006131066
0.014469267276305
0.014481210629209
0.014502421904458
0.014505366985785
0.014506208657305
0.014510418480469
0.014526438117374
0.014528231986808
0.014554769597997
0.014564096589089
0.014569825890581
0.014570250462606
0.014652014652015
0.014664261727743
0.014692054536907
0.014698317042699
0.014718869590816
0.014790055166906
0.014805821649073
0.014819864546438
0.014820523460889
0.014844063116956
0.014938081651554
0.014955283701732
0.014964907292399
0.014966475095786
0.014979029358898
0.014985538954909
0.014986886474335
0.014991155218421
0.015002625459455
0.015035559097265
0.015036463423803
0.015043701954177
0.015058426695579
0.015163462121672
0.015237398671299
0.015240998285388
0.01529402768219
0.015320739685312
0.015350254430467
0.015370191051475
0.015385562188442
0.015405472023663
0.015406421396438
0.015409745122816
0.015449264615004
0.015497148524672
0.015519756650216
0.015547263681592
0.015576809246394
0.015608537870215
0.015655822400351
0.015667841754798
0.015668823741402
0.015680617189093
0.015738489262416
0.015751504268658
0.015838322404891
0.015840329478853
0.015844596200466
0.015906976004327
0.015937524902383
0.015956088843503
0.015957234611242
0.015973420228739
0.015990405756546
0.016005377806943
0.016018966456284
0.01604634183522
0.01612461099376
0.016180182512459
0.016235347598792
0.016253687555364
0.016278161218909
0.016304702276137
0.016326797172199
0.016344943691669
0.016377870221756
0.01640393038172
0.016453051218349
0.016466055227149
0.01650846058605
0.016513094884243
0.016515822157627
0.016663333999867
0.016731641206686
0.016738642830839
0.016768394929237
0.016793598280336
0.016794867488496
0.016812091256031
0.016831333209904
0.016867388590898
0.016888040733954
0.01691246110134
0.016962952910843
0.017000731031434
0.01701027420562
0.01701519456875
0.017023015116438
0.017025623563463
0.017047101140451
0.017066011331832
0.017069798405681
0.017126220243192
0.017129740655727
0.017142808163405
0.017206225212282
0.017298344548427
0.017307326191177
0.017321266184558
0.017334928146723
0.017341842397336
0.017376496550766
0.017381177922428
0.017391001895619
0.017399171799422
0.017409773847038
0.017447591796142
0.017450484250938
0.017475490624399
0.01750118132974
0.017512828146617
0.017516202487301
0.017546322290848
0.017552481920944
0.017558029286793
0.017576236927674
0.01759308943447
0.017595101523736
0.01761105974552
0.017636062220028
0.017653341336182
0.017712281696128
0.017835485481915
0.017856345698853
0.017882049998212
0.017909271629923
0.017950098725543
0.017964932451854
0.017985611510791
0.018022239443473
0.018043050719016
0.01811988113358
0.018126121553771
0.018151126277386
0.018164974296561
0.018170750542851
0.01820415965048
0.018250173376647
0.018302112978944
0.018325422859133
0.018334998762388
0.018348960531386
0.018377116814143
0.018377454538772
0.018388606419463
0.018407731247124
0.018423670732157
0.018453248694433
0.018499334023975
0.018503441640145
0.018549090167127
0.01860188251051
0.018608113137328
0.018619893494209
0.018624401691096
0.018624401691096
0.018651844667438
0.018707673887829
0.018719755894383
0.018742385905726
0.018752226826936
0.018855828336539
0.018874690926936
0.018878610534265
0.018878966942929
0.018894483755468
0.018897518755787
0.018911456560384
0.018915391454026
0.019028771502512
0.019029314659233
0.019054878048781
0.019062142584827
0.019067231056706
0.019077416154756
0.019164063548035
0.01919680565154
0.019249278152069
0.019268750903223
0.019286031127654
0.019318818461063
0.019319751547995
0.019333945574943
0.019360709376392
0.019424830761162
0.019496597843676
0.019500780031201
0.019507056677753
0.019509530405603
0.019530487090348
0.019544037602728
0.01954728488213
0.019570620584379
0.019604767879548
0.019623426446492
0.019673808259065
0.019713756259118
0.019721143037451
0.019751330745909
0.0197778942476
0.019812573058863
0.019829466587349
0.01983418620334
0.01986570781517
0.019897131828447
0.019906043474799
0.019974831712043
0.019978423302833
0.019981217655404
0.02001441037547
0.02013004005878
0.020141392575883
0.020158851751804
0.020159258139301
0.020162916364223
0.020165762568312
0.020212228398181
0.020243324763659
0.020270407232481
0.020286856145903
0.020294266869609
0.020311992200195
0.020350848630388
0.020413579112826
0.020431931021801
0.020502516683923
0.020511558263081
0.020530297586664
0.020538519994249
0.020539363690513
0.020542739168841
0.020586297760211
0.020653475980008
0.02066798941799
0.020779004893456
0.02080862309341
0.020825090068515
0.020844406924512
0.02086158339418
0.020879878061512
0.020903665457738
0.020911971057832
0.020912189715385
0.020930573288402
0.020960845141276
0.020983276328766
0.020996273161514
0.021033369440618
0.021055291194677
0.021080368906456
0.021109961790969
0.021135840043963
0.02114366060196
0.021221284948804
0.021225113554358
0.021234127489702
0.021273653643645
0.021284973872695
0.021340617597473
0.021342439440828
0.021360446860548
0.021425204610704
0.021427500053569
0.021504451421444
0.021508151589452
0.021517407582735
0.021517870591526
0.021535015935912
0.021558461157043
0.021572645885018
0.021650176448938
0.021671289875173
0.021701859849389
0.021717413021761
0.021719299769776
0.021729446659641
0.021756393660187
0.021768944423885
0.021773210242118
0.021788391145198
0.021791952232041
0.021825007093127
0.021887106305675
0.021890939340207
0.021930786438002
0.021946187947154
0.022013340084091
0.022024491234253
0.022052175447108
0.02209163610657
0.022129768965212
0.022133197583055
0.02215575495735
0.022180326050793
0.022217778666489
0.022223703802476
0.022235069151065
0.022263781280613
0.022282632915905
0.022283129442699
0.022303506111161
0.022314953250173
0.022322175965713
0.022329154059999
0.022339379858815
0.022375869861941
0.022387391421152
0.022400931878766
0.0224335965542
0.022504275812404
0.022566231890599
0.022617782100287
0.022635701027661
0.022662375923492
0.022709724303947
0.022731147354663
0.022751057924194
0.022800337444994
0.02283313544616
0.022834178197927
0.022843045434817
0.022904784809547
0.022915807323892
0.022919483853224
0.022978469174384
0.022995906728602
0.023020787771358
0.023027149008681
0.023036166781848
0.023100023100023
0.023107496071726
0.02313743637205
0.023153507756425
0.023192170323299
0.023201317834853
0.023202932850712
0.023207779247604
0.023216939078752
0.023235820340637
0.023240140370448
0.02325256940892
0.023259059403638
0.023285055651283
0.023301332836238
0.023304047913123
0.023317089094598
0.023327423719325
0.023383061310387
0.023406595978747
0.023419752219022
0.023432374168151
0.023433746938967
0.023453807725684
0.023546586922226
0.023575453238089
0.023642338700144
0.023718039941179
0.023744509082275
0.023801023444008
0.023833925209143
0.023834493278673
0.023857807467494
0.023860084464699
0.02390000239
0.023979090233317
0.023991746839087
0.023992322456814
0.024006145573267
0.024037305898755
0.024111491536867
0.024148173190698
0.024155172830262
0.024177365150746
0.024213075060533
0.024227740763174
0.024261833709392
0.024264188484216
0.024265954865324
0.024321432045919
0.024338598583494
0.024415254651106
0.024468423499474
0.024481002741872
0.024484299442982
0.024495994904833
0.024515211688853
0.024532652961091
0.024551324543959
0.024593590910209
0.024600851189451
0.024634485816695
0.024642681123706
0.024650578056056
0.024659696192543
0.024676734774455
0.024685872275297
0.024716990459242
0.024759829652372
0.024769028806381
0.024812356553564
0.024837315582932
0.0248379324905
0.024903809037592
0.024904739371903
0.024920876218008
0.024941076706282
0.024983136382942
0.025059202365589
0.025062656641604
0.025065797719013
0.025077112119768
0.025098511658259
0.025157865606682
0.025161663689203
0.025194945893854
0.025278378139259
0.025278378139259
0.025302363240727
0.025311970030628
0.025313892264075
0.025315494348316
0.025319660716546
0.025320622380898
0.025324790437359
0.025326073192352
0.025374270489724
0.025396825396825
0.025420389694574
0.0254472351579
0.025456952293671
0.0254705687578
0.025470893136868
0.025477057909353
0.025509553327721
0.025571523551373
0.025636424231548
0.025672952261145
0.025707601737834
0.02573075339646
0.025737375817162
0.02576854691164
0.025792473756158
0.025823445105812
0.025838457960829
0.025898013622355
0.025920165889062
0.026025400791172
0.026071540306601
0.026094671468086
0.026116479498564
0.026297796244675
0.026381743833267
0.026404731727926
0.026431252312735
0.02645642626594
0.026583018767611
0.026584432156529
0.026603527627764
0.026635414447049
0.026673068203035
0.026700130830641
0.026715110066254
0.026719392935393
0.026742258116275
0.026756568737625
0.026789541363052
0.026811089066438
0.026842755140388
0.026849241508927
0.026869441384314
0.026877385367951
0.026931674342194
0.026941106740665
0.026946188461642
0.027031410499
0.027105412950966
0.027110556850838
0.027127471990885
0.027153252959705
0.027154727638082
0.027187211135882
0.027190168035239
0.027221995372261
0.027300027300027
0.027300027300027
0.02731717977436
0.027349305327645
0.027382256297919
0.027399512288681
0.027410777917877
0.027466490881125
0.02747139540953
0.027495944348209
0.027508046103485
0.027511073206966
0.027523945832875
0.027555800496005
0.027572135599763
0.027574036287432
0.027627362139463
0.027657161822054
0.027700063710147
0.027720796141265
0.027734635012203
0.027738481595518
0.02776852160391
0.02778163633838
0.027827248441674
0.027830346209507
0.02785360147067
0.027907236346385
0.027916585243293
0.027947012464368
0.027961860022929
0.027995520716685
0.028033191298498
0.028036335090277
0.028055212658512
0.028074903843454
0.028093044162266
0.028120694018728
0.028136518387215
0.028180921516134
0.028216704288939
0.028223075186272
0.028356727633631
0.028367184840577
0.028370403994553
0.028434940855323
0.028450311530911
0.028471372035418
0.028510334996436
0.028516026006616
0.028528228682281
0.02854451517141
0.028576327370406
0.028582861716115
0.028628685943315
0.028714179061621
0.028747197148278
0.028757944382136
0.028762907354676
0.02880018432118
0.028806821455321
0.028826751225137
0.028826751225137
0.028831737977165
0.028856697639522
0.028860861785333
0.028871694191015
0.028895888115121
0.028904240252045
0.02890841813136
0.028934347964469
0.028948587308939
0.028954454642847
0.029023363807865
0.029029261495588
0.029069767441861
0.029095987663301
0.029123103357894
0.029136680166662
0.029149419926544
0.029151969215521
0.029162170831997
0.029188558085231
0.029209872937053
0.029356505401597
0.029391881962202
0.02940225221252
0.029407440082341
0.029412629783229
0.029435139669738
0.029481132075472
0.029488086812928
0.029504617472635
0.029526832509043
0.029530756282668
0.029542097488922
0.029542097488922
0.029591051665976
0.029605068387708
0.029639289842615
0.029641925539483
0.029673590504451
0.029677113010446
0.02972563241283
0.02972563241283
0.029745084624766
0.029753049687593
0.029759247686219
0.029766777299856
0.029804482594182
0.029805370927841
0.029805370927841
0.029816924086111
0.029829820871926
0.029846737005477
0.029856985041651
0.029881966233378
0.029896706877738
0.029903411979307
0.029911462072266
0.029914593834602
0.029929366694601
0.029940119760479
0.029947292764734
0.029965240321227
0.029968832414289
0.030003900507066
0.030019212295869
0.030050785828049
0.030056656798064
0.03007247466394
0.03008242584682
0.030097817908202
0.030105973025048
0.030111412225233
0.030129557095511
0.030161363293621
0.030162273028896
0.030206917384081
0.030261764260857
0.030263595920467
0.030278257183517
0.03029201502484
0.030301193867038
0.030360531309298
0.030379439195553
0.030400680975254
0.030410850591491
0.030444180594879
0.030445570930569
0.030491523356507
0.030506871672844
0.030523167083817
0.030574494756474
0.030593202190473
0.030597882626522
0.030616150019135
0.030623181748584
0.030653220120774
0.030657918940462
0.030671083302662
0.030674376159875
0.030697445972495
0.03069933075459
0.030706872197998
0.030723382029894
0.030730463108079
0.030744635061182
0.030766390794696
0.030822340032055
0.030823290077983
0.030832793759443
0.030839449824215
0.03084610876338
0.03085372250162
0.03085372250162
0.030855626523497
0.030857530780387
0.030859435272335
0.030891847641408
0.030966942788573
0.030972217920525
0.03102506825515
0.031032289096805
0.031043367584516
0.031058794297605
0.031061206106633
0.03106940905984
0.031094527363184
0.031114844892498
0.031116781280144
0.031147796293412
0.031178873195523
0.031211960423234
0.031229505636926
0.031259768677712
0.031294007197622
0.03131850923896
0.031321942586879
0.031331265469812
0.031382886911767
0.031401117879797
0.031420850876642
0.031427763286087
0.03144159723314
0.031464350890441
0.031520882584712
0.031544746222517
0.031548727008865
0.031624553303185
0.031652581268002
0.031652581268002
0.031656589319067
0.031672631678966
0.031686682087519
0.031691703112125
0.031701749936597
0.031745023967493
0.031750063500127
0.031768219073639
0.031770237641378
0.031807627469067
0.031808639226414
0.031823823314133
0.031858294306923
0.031898944144949
0.031905559543751
0.031906068534235
0.031907086563926
0.031919307989403
0.031922364808785
0.031942758576631
0.03194377894905
0.031945819889468
0.031969309462916
0.031992321842758
0.032004096524355
0.032064642318915
0.032068755411603
0.032108913434369
0.032138839787884
0.032145038413321
0.032156408772268
0.032171926776695
0.032176067441037
0.032225838677452
0.032246622166328
0.032290354871
0.032371888252242
0.032400207361327
0.032412284255733
0.032460155159542
0.032462262619705
0.032469640885772
0.032474913129607
0.032486518094991
0.032487573503135
0.032547845332639
0.032549964195039
0.032556322437818
0.032586027111575
0.032589212970507
0.032608341213683
0.032621105855489
0.032636010574068
0.032672264514654
0.032676534980231
0.03270966897815
0.032741798179556
0.032743942370662
0.032781511227668
0.032889327413254
0.032915308910174
0.032915308910174
0.032916392363397
0.032934821987287
0.032960875440852
0.032975004946251
0.033000033000033
0.033005478909499
0.033038192150126
0.033055665741108
0.033066596124595
0.033083005260198
0.033090668431502
0.033115872437659
0.033121356650769
0.03313562410948
0.033191715347849
0.033232527998405
0.033242470580414
0.033275655530414
0.033277870216306
0.03330557868443
0.033345560038681
0.03338898163606
0.033407944409181
0.033544664721076
0.033561551886159
0.03357056532832
0.03357056532832
0.033607797008906
0.033617965440732
0.033641715727502
0.033651904697806
0.033657567904143
0.033676837071462
0.033687047330302
0.033688182185689
0.033838657282079
0.033893134945517
0.033904051534158
0.033933964505073
0.033976624082631
0.034011291748861
0.034018233773303
0.034054146092287
0.034055305816646
0.034064586455921
0.034091296492006
0.034119212528575
0.034136683279853
0.034144842421552
0.034157671813089
0.034233679093492
0.034234851078398
0.034247161766469
0.034287673581348
0.034293552812071
0.034308848251964
0.034320623262519
0.034341838662042
0.034399724802202
0.034411562284928
0.034428148454176
0.034438226431339
0.034486920835273
0.034508937814894
0.034537542308489
0.03453992815695
0.034568584070797
0.034586518175215
0.034619445742674
0.034674063800277
0.03470053438823
0.034754804851771
0.034808033694177
0.034821366390417
0.03482621717629
0.034831069313828
0.034841991568238
0.034877232142857
0.03491559155741
0.034944263899081
0.034950370473927
0.034974818130946
0.034990727457224
0.034999300014
0.035007264007282
0.035054509762681
0.035091413131207
0.035091413131207
0.035145678838787
0.035179061422641
0.035185250343056
0.03523608174771
0.03523856508563
0.035242290748899
0.035294532876857
0.035393845010353
0.035433349868897
0.035465394641179
0.035473572188719
0.035512624738094
0.035532814554241
0.035549235691433
0.035575794229606
0.035578325683993
0.035596055957
0.035733428622476
0.035737259666929
0.035764099996424
0.035787138102566
0.035797386790764
0.03581277083408
0.03584486343107
0.035853216929889
0.035906642728905
0.035991937805932
0.035993233272145
0.036006193065207
0.036058125698626
0.036071132272842
0.036097825106037
0.036102386367739
0.036110208355902
0.036112816438554
0.036161134013163
0.03623057135611
0.036237135816785
0.036252243107542
0.036267363000036
0.036372894918707
0.036394075044583
0.03646574043686
0.036491023208291
0.036542361732839
0.036547036035378
0.036652860755782
0.036667644470519
0.036717459151827
0.036722852631192
0.036753895912967
0.036771465342894
0.0368025909024
0.036825630638925
0.036837839829073
0.036838518354792
0.036849378166744
0.03686500036865
0.036920804873546
0.036960378474276
0.036983616257998
0.036990456462233
0.037061744866948
0.03706311849079
0.037102997922232
0.037290474148379
0.037306472673009
0.037321788460103
0.037362226788717
0.0373761913661
0.037381780120369
0.03738737054623
0.037399955120054
0.0374223486266
0.037423749111186
0.037498125093745
0.037505156959082
0.03753049352599
0.037533310813347
0.037558685446009
0.037607416182471
0.037618026558327
0.037637848620573
0.037664783427495
0.037693177534866
0.037702414839671
0.037737273104646
0.037765776653197
0.037832929782082
0.037834361166812
0.037876635797209
0.037885963250616
0.037891705505665
0.037911817113394
0.037973722184249
0.03797949107482
0.037983818893152
0.038048854729473
0.038103947568968
0.038118472211634
0.038220455587831
0.038230683946936
0.038277511961723
0.038327392587482
0.038327392587482
0.03841130828916
0.038452664769669
0.038476337052713
0.038497074222359
0.038510417067817
0.038514866738561
0.038613020310449
0.038629427898173
0.038642862663266
0.03866228494104
0.038744672607517
0.038812342324859
0.038828919779452
0.038875714341251
0.038887808671981
0.038924136857265
0.038940809968847
0.038963569062926
0.038978756577665
0.039024390243903
0.039035053478023
0.039041149371438
0.03906555199625
0.03906555199625
0.039085401602502
0.039099155458242
0.039204924138472
0.03920799843168
0.039254170755643
0.039360780917894
0.039390239098751
0.039461741841285
0.039464856545247
0.039466414081617
0.039473424516944
0.039474203607942
0.039478878799842
0.039513197407934
0.039553832766395
0.039555397333966
0.039613373474885
0.039627501486031
0.039704597792424
0.039717213440305
0.039753528125621
0.039851751484478
0.039858105145681
0.039891495133238
0.039897861474625
0.039934507407851
0.039934507407851
0.039952057530963
0.039990402303447
0.040080160320641
0.040101054657738
0.040117946763485
0.040118751504453
0.040123580628335
0.040139686107655
0.040202621210903
0.040217981459511
0.040244687701224
0.040270618556701
0.040325832728446
0.040373046953854
0.040433446546984
0.040435081476689
0.040449801795971
0.040507149511889
0.040535062829347
0.040546567733041
0.040576181781294
0.040600893219651
0.040658670461476
0.040660323656176
0.040680172483931
0.040683482506103
0.040731538430207
0.040784697581468
0.040819658747653
0.040822991508818
0.040843833602222
0.040861357414293
0.04086302713305
0.040864696988272
0.040875554374706
0.040958427196396
0.040959266009953
0.040980247520695
0.041023957991467
0.04104247896573
0.041084634346754
0.041088010518531
0.041092231513632
0.041101520756268
0.041225213340479
0.041232012534532
0.041242215531818
0.041277965821844
0.041288191577209
0.041308658294779
0.041315485043794
0.041390728476821
0.041395868692305
0.041449059106358
0.041454213820835
0.041475705605442
0.041504108906782
0.041512723649799
0.041567942802511
0.041666666666667
0.041677085938151
0.041699678912472
0.041713594460435
0.041717944974031
0.041754525146663
0.04178505766338
0.04180602006689
0.041846256852325
0.041846256852325
0.041860270417347
0.041877800577914
0.041923447784346
0.041923447784346
0.041966552657532
0.041995632454225
0.0419991600168
0.042007981516488
0.042011511154056
0.042029168242761
0.042045072317524
0.042063642290786
0.04206983592764
0.042096400757735
0.04210703608573
0.04214252602301
0.042172739541161
0.04217629692113
0.042183413481819
0.042240432542029
0.042261854450173
0.042319085907744
0.042421414329954
0.042433114802792
0.042443920969419
0.04245112813873
0.042500743763016
0.042545044565934
0.042547759860443
0.042549570249341
0.042564058908658
0.04261121527186
0.042653017701002
0.042660296062455
0.042662116040956
0.042680324370465
0.042705842159207
0.042725913266396
0.042749658002736
0.042810051800163
0.042811884579159
0.042833890173906
0.042879807898461
0.042909246942716
0.04293688278231
0.04294979169351
0.042973785990546
0.043003354261632
0.043044077134986
0.043060758730569
0.04306632213609
0.04306632213609
0.043070031871824
0.043136916573203
0.043202142826284
0.043242308274416
0.043248853905372
0.043265694630727
0.043275056257573
0.043303165461395
0.043318171973143
0.043375479841246
0.043383947939263
0.043431996351712
0.043455588388667
0.043459365493264
0.043461254291799
0.04352462405606
0.043529360553694
0.043539784478067
0.043546420484236
0.043555904002788
0.043574883437187
0.043620501635769
0.043634776917203
0.043634776917203
0.043639537420903
0.043641441913241
0.043662402305375
0.043672890053499
0.043717758153362
0.043725404459991
0.043750273439209
0.04381161007667
0.043814489451662
0.043819289251128
0.043862534815887
0.043875043875044
0.043888523151196
0.043954111907169
0.043971506463812
0.044017959327406
0.044027649363801
0.044034434928114
0.044041222584339
0.044052863436123
0.044087822943303
0.044103378318779
0.044107268877911
0.044137444000618
0.044161808867691
0.04418522446094
0.044338033164849
0.044353765634702
0.044357700496806
0.044387234231435
0.044404973357016
0.044412861964825
0.04445432318293
0.044466183467473
0.04449190247375
0.04451566951567
0.044523597506679
0.044583147570219
0.044595076703532
0.044601043664422
0.044620945071617
0.044634886627388
0.044700728621877
0.044716719581452
0.044720719109163
0.044730721059224
0.04478079799382
0.044818931516673
0.044929685042908
0.04501665616278
0.04502375002814
0.045083630133898
0.045085662759243
0.045097862361324
0.04510599909788
0.045110068567304
0.045114138771091
0.045140613009525
0.045146726862303
0.04516711833785
0.045212044488652
0.04523044913836
0.045240680419834
0.045330915684497
0.045339136742837
0.045367933944288
0.045411198401526
0.045458678061642
0.045469012867731
0.045483489493314
0.045607954027182
0.045630846452202
0.045637093829865
0.045668356395853
0.045682960255825
0.045815866034408
0.045820064606291
0.045837917125046
0.045913682277319
0.045933717645438
0.045943214187265
0.045985468591925
0.045987583352495
0.046012975659136
0.046095694662119
0.046129716763539
0.04617657923901
0.046208585555196
0.046217128067662
0.046257748172819
0.04631130458945
0.046317739694303
0.04636713497473
0.04636713497473
0.046383264918018
0.046392948271863
0.046401559092386
0.046472720513059
0.046496489515042
0.046541934282789
0.046557102285954
0.046559269950647
0.046565774155995
0.046578788019936
0.046590723786894
0.046604837582141
0.046615700167817
0.046666822222741
0.046676624346527
0.046680982167865
0.046700602437772
0.046735523671543
0.046798951703482
0.046827440880356
0.046831826909568
0.046858160348625
0.046910916170193
0.046917519001595
0.046921921921922
0.046972614965475
0.0470455400828
0.047067683328627
0.04709206498705
0.047098718914846
0.047125353440151
0.047189844745411
0.04719429892869
0.047207666525044
0.047227732124303
0.047270148900969
0.047274618257458
0.047320477936827
0.047364183204661
0.047373158368469
0.047442831388177
0.047494656851104
0.047533035459645
0.047566950482805
0.047571476142905
0.047578266247978
0.04760544606303
0.047609979051609
0.047614512903533
0.047641734159123
0.047641734159123
0.047646274061368
0.047653085537289
0.047653085537289
0.047662170535246
0.047664442326025
0.04767125899795
0.047821720625508
0.047828582360819
0.047867502752381
0.047938638542665
0.047947832757959
0.04802151363811
0.048053820278712
0.048078078799971
0.048116248857239
0.048204386599181
0.048227634434531
0.048250904704463
0.048257890165042
0.048278858687781
0.048280024140012
0.048297512678097
0.048318515655199
0.048323185464386
0.04836642402844
0.048372273013109
0.048383975227405
0.048414427499395
0.048433186419335
0.048437878420925
0.048441398018747
0.048442571331686
0.048476622148969
0.048550759819391
0.048567265662943
0.048645230335166
0.048645230335166
0.048648780131838
0.048709206039942
0.048763836738675
0.04876621476641
0.048799531524497
0.048835278605265
0.048854365137525
0.048859139101969
0.04889258299516
0.048906930111997
0.048976393378392
0.049007596177408
0.049026817669265
0.04904124368594
0.049065305922183
0.049099032749055
0.049118326047448
0.049137634514275
0.049202912812439
0.049235617045371
0.049261083743842
0.049287791414067
0.049290220820189
0.049333991119882
0.049368088467615
0.049416880806484
0.049529470034671
0.049529470034671
0.049544193420531
0.049581040210224
0.049593334655822
0.049603174603175
0.049617941847772
0.049625328767803
0.049647502730613
0.04971908715756
0.049788399302963
0.049804517269716
0.049825610363727
0.049825610363727
0.049845479015053
0.049870337123479
0.04987158067975
0.049882775477628
0.050055060566623
0.050067591248185
0.050075112669004
0.050085144746068
0.050115265109753
0.050127825956188
0.050135365486814
0.050165546302799
0.050180650341229
0.050188205771644
0.050268938822702
0.050289162685441
0.050329659268207
0.050334725927417
0.050352467270896
0.050366415674029
0.050448996064978
0.050466818067121
0.050499949500051
0.050499949500051
0.050505050505051
0.05050760139401
0.050533124463086
0.050553561498408
0.050556117290192
0.05067139599696
0.050738241412553
0.050751116524564
0.050810426299477
0.050818172578514
0.0508608193678
0.050862112812166
0.050887995521856
0.050887995521856
0.051116904360272
0.051124744376278
0.051127358249399
0.051200655368389
0.051225571805445
0.051250512505125
0.051308363263212
0.051371622315833
0.051382180659747
0.051413881748072
0.051506567087304
0.051591600887376
0.051606244355567
0.051620896138757
0.051631557207765
0.051639555899819
0.051725029741892
0.051845707175446
0.051915688921192
0.051929168614011
0.051939957409235
0.051962898490478
0.052031843488215
0.05218117303277
0.052186619350799
0.052224775433466
0.052257525083612
0.052309462781817
0.052377959354704
0.05243288590604
0.052441134826158
0.052567944067708
0.052609427609428
0.052623270009999
0.052642661612971
0.052659294365456
0.052678712532266
0.052756528620417
0.052784375824756
0.052792735719565
0.052809463455851
0.052862504625469
0.052907253584467
0.05291285253188
0.052924053982535
0.052926855086271
0.052943667937315
0.052952078369076
0.052984343126606
0.052996979172187
0.05302086370987
0.053022269353128
0.053050397877984
0.05307010560951
0.053103924380012
0.053103924380012
0.053174518770605
0.053216965568623
0.053265153936295
0.05331342965293
0.053330489040585
0.053353251880702
0.05335609860207
0.053373185311699
0.053414523408915
0.053443069769928
0.053490238031559
0.053570471955858
0.053623615840416
0.053650946939214
0.053676865271068
0.053697041293025
0.053798149343663
0.053931614712545
0.053953438182848
0.053972366148532
0.053972366148532
0.053986935161691
0.054001512042337
0.054036528693397
0.054048211004216
0.05405697605276
0.054068667207353
0.054118411083451
0.054169713713063
0.054185857491195
0.054204948911836
0.054209356534938
0.054212295348585
0.054312404953291
0.054318305268876
0.05432420686658
0.054387730128083
0.054395126196693
0.054421768707483
0.054516709371422
0.054534547635927
0.054567281458038
0.054573237284436
0.054576215685204
0.054582173462147
0.054614964500273
0.054626898284715
0.054710581026371
0.054719562243502
0.05472555135993
0.054737533526739
0.054748022227697
0.054749520941692
0.054758514949075
0.054761513608236
0.054838090537688
0.054881729872126
0.05495713343592
0.055120714364458
0.055163283318623
0.055181547290586
0.055193729992273
0.05536178929303
0.05537711817477
0.055386319579064
0.055404731564076
0.055429299927942
0.055530875166593
0.055564816358282
0.055586436909394
0.055586436909394
0.055635918549015
0.055645206165489
0.055663790704147
0.05570720294134
0.055732040349997
0.055738253163146
0.055738253163146
0.055760008921602
0.05576622797234
0.055784893450854
0.05580668564094
0.055853440571939
0.055997312129018
0.056023978262697
0.056078959174518
0.056123021663486
0.056126171633833
0.056126171633833
0.056170308374993
0.056186088324531
0.056189245378435
0.056220835441615
0.056325335135744
0.056328507857827
0.056369785794814
0.056417489421721
0.05642863188782
0.056529112492934
0.056593095642332
0.056615523976674
0.056618729475711
0.056666855556185
0.056673278549164
0.056673278549164
0.056692556267362
0.056724714958307
0.056840788950151
0.056863414079381
0.056931397665813
0.056944365355048
0.056960583276373
0.05696382796924
0.05697031846408
0.056993046848285
0.05700929251468
0.057080883612078
0.057172260019439
0.057191878753217
0.057280329934701
0.05734931467569
0.057365764111978
0.05738880918221
0.05739539688917
0.057398691309838
0.057415169087673
0.05751754285057
0.05758710048949
0.057663475954331
0.057696745903531
0.057803468208093
0.05784024524264
0.057888795623607
0.057947499565394
0.057991185339828
0.057991185339828
0.058008005104705
0.058051782189713
0.058166589111215
0.058273360333324
0.058275058275058
0.05830223880597
0.058341355269683
0.058366894297555
0.058377116170461
0.058424865622809
0.058459020226821
0.058479532163743
0.058489793531029
0.058513750731422
0.058572014291572
0.058585740230828
0.058599472604747
0.058602906704173
0.058654466537627
0.058785491740638
0.058814880164682
0.058889346917143
0.058903222006244
0.058944886531094
0.058983130824584
0.059019683064302
0.05903710482038
0.059108641683414
0.059112135721464
0.059192612761927
0.05923117929278
0.059252236771938
0.059297912713473
0.059566356921611
0.05959120433824
0.059651634454784
0.059683676514473
0.059740725252405
0.059747864013862
0.059751434034417
0.059862316671655
0.060052846504924
0.060056453065882
0.060063667487537
0.06006727534839
0.060146758089739
0.060235520886667
0.060237335100295
0.060244593047774
0.060346388268662
0.060371890847621
0.06040106305871
0.060408360517096
0.060488749092669
0.060532687651332
0.060543682266756
0.060595043325456
0.060598715307236
0.060609733923268
0.060617081893678
0.060805058980907
0.060847607167848
0.060875388080599
0.060877241043436
0.060923601803339
0.061014674029104
0.061061244428162
0.061087354917532
0.061087354917532
0.061102285225468
0.061139642944485
0.061150859169571
0.061152728940529
0.061283897655891
0.061421288618635
0.061561191824674
0.061583938908733
0.06163708086785
0.061720775212937
0.061739828363277
0.061755079355277
0.061766522544781
0.061812337742614
0.061823802163833
0.061827624582664
0.061858220957565
0.061892678096181
0.061950192045595
0.061950192045595
0.061954030109659
0.061957868649319
0.061973227565692
0.061988594098686
0.061996280223187
0.062034739454094
0.062063615205586
0.062167790867552
0.062220009955202
0.06223162611239
0.062235499128703
0.062336367036529
0.062375249500998
0.062435613273811
0.06244341065909
0.062449259976269
0.062515628907227
0.062548866301798
0.062570391690652
0.062586055826762
0.062597809076682
0.062599768380857
0.062613486945088
0.062635056841314
0.062664494297531
0.062713618262206
0.062772668780013
0.062823935919585
0.062829856747927
0.062873310279786
0.062964362171011
0.062980224209598
0.062996094242157
0.063047727129437
0.063055678163819
0.063221115852695
0.063233108855797
0.063255107849959
0.063263111279813
0.06328112640405
0.063343257110281
0.063391442155309
0.063391442155309
0.063393451456465
0.063401489935014
0.063403499873193
0.063407520131888
0.063471913678197
0.063475942617748
0.063540475282755
0.063570770159881
0.063609185166338
0.063625373799071
0.063639545613644
0.063653723742839
0.063714558776681
0.063751115644524
0.063832503510788
0.063852882957666
0.063861038380484
0.063885517153261
0.063885517153261
0.063934531040215
0.063979526551504
0.064053292339226
0.064057395426302
0.06408202499199
0.064160143718722
0.064254963695946
0.064333504889346
0.064362489541096
0.064395646854273
0.064432989690722
0.0644371415684
0.064491164710435
0.064566115702479
0.064595310380466
0.064729108680174
0.064754257592437
0.064783622700181
0.06495193556768
0.064960374171755
0.065044880967868
0.065091453492157
0.065155069064373
0.065163560536948
0.065167807103291
0.065203925276302
0.065321052975374
0.065342394145322
0.065368021963655
0.065447167773815
0.065449309509785
0.065468591443255
0.065500753258663
0.065502898503259
0.065547981122182
0.065563022455335
0.065575920521984
0.065595277140046
0.065638332786347
0.065664193315385
0.065700863966361
0.065703022339028
0.065776491481944
0.065897858319605
0.066106961063
0.066111331482216
0.066120074054483
0.066141940604537
0.066172578083642
0.066334991708126
0.0663525977042
0.06635700066357
0.066361404207313
0.066427527567424
0.066511473229132
0.066524747205961
0.066546882278565
0.066595631326585
0.066613375965894
0.066617813603358
0.066637790290874
0.066675556740899
0.0666800026672
0.066728947017216
0.06682258603408
0.066938884798179
0.067064583193616
0.067078078883821
0.067154657175475
0.067335532960743
0.067362748400135
0.067376364371379
0.067426336727126
0.067430883344572
0.067471830510762
0.067494600431966
0.067499156260547
0.067540186410915
0.067581266472934
0.067645268213489
0.067672734655208
0.067681895093063
0.06771397616468
0.067736909842173
0.067755267972085
0.067773636055574
0.067805804176838
0.067810402115685
0.067856415824116
0.067971723762915
0.068059620227319
0.06809206046575
0.068161679503783
0.068212824010914
0.068245410496144
0.068336351522192
0.068362045392398
0.068450954890821
0.068488459694542
0.068511921074267
0.06852131012745
0.068554192088846
0.068565943295965
0.068771061137473
0.068799449604403
0.068799449604403
0.068813652628682
0.068825492962593
0.068851556045167
0.068865780593623
0.068875266891659
0.068889501240011
0.068894247330348
0.068934615517182
0.068936991589687
0.068936991589687
0.068977409898258
0.068984547461369
0.069025021570319
0.069065543200497
0.069127609567261
0.069244884534155
0.069256873744719
0.069290465631929
0.069319284624983
0.069357747260369
0.069362558091142
0.069386622259228
0.069415521310565
0.069454090845951
0.069497532837584
0.069507193994579
0.069512025580426
0.069514441625248
0.069628185489486
0.069652434352581
0.069676700111483
0.069679127617322
0.069715560513107
0.069739870283841
0.069783670621075
0.069827526010754
0.069864114297691
0.069871436556736
0.069905627403006
0.06995942353435
0.069979006298111
0.069979006298111
0.070003500175009
0.070023107625517
0.070067264573991
0.070145903479237
0.070155745755577
0.070246917916477
0.070274068868588
0.070333380222254
0.070392791778122
0.070392791778122
0.070452303790334
0.070452303790334
0.070511916513891
0.070541760722348
0.07055171440666
0.070576610911144
0.070586574433543
0.070586574433543
0.070683866407493
0.070713856380158
0.070751379651903
0.070766400113226
0.070896845090394
0.070916956244238
0.070927016100433
0.070957212800681
0.070987435223965
0.070992474797672
0.071164247082266
0.071225071225071
0.071265678449259
0.071316502638711
0.071377587437545
0.071387778412336
0.071451537994355
0.071479628305933
0.071576837735309
0.071592210767469
0.071615282701329
0.071664038985237
0.071669175087795
0.071669175087795
0.071777203560149
0.071870058933448
0.072025352924229
0.072030540949363
0.072072072072072
0.072155278158597
0.072249114948342
0.072353664713118
0.072382468966017
0.072442770211533
0.072453267642371
0.072568940493469
0.072632190586868
0.072637466405172
0.072700836059615
0.072716695753345
0.072827907654213
0.072843822843823
0.07290223809871
0.072960747118051
0.072966070777089
0.072966070777089
0.073035349108969
0.073040683660799
0.073099415204678
0.073110103816348
0.073147538585327
0.07327617791456
0.073292289651129
0.073324534389207
0.073464590067588
0.073469987510102
0.073534818736672
0.073545635066559
0.073556454578889
0.07356186552891
0.073588932224594
0.073686537469604
0.073686537469604
0.073773515308005
0.073773515308005
0.07377895824111
0.0738061849583
0.073838883556081
0.073942620526472
0.073959026699209
0.073969968192914
0.074043908037466
0.074071330691456
0.074112502779219
0.074250074250074
0.074255587732977
0.074349442379182
0.07436602959768
0.074388157405341
0.074413066934554
0.074437993151705
0.074476800476652
0.074710496824804
0.074738415545591
0.074771945566024
0.074797112831445
0.074833495472574
0.074883929908642
0.074883929908642
0.074940047961631
0.074951281666917
0.07496813854112
0.075035641929917
0.075041272699985
0.075080711765148
0.075117370892019
0.075219075557561
0.075227563379222
0.075244544770504
0.07526719855487
0.075278530563083
0.075312547070342
0.075349432995517
0.075363629512397
0.075392038600724
0.075431847325941
0.075437537718769
0.075511591029223
0.075522996752511
0.075574365175333
0.075620084694495
0.075700227100681
0.075717422578936
0.075748967920312
0.075849514563107
0.075855268148373
0.075982068231897
0.076005168351448
0.076057195010648
0.076155662173483
0.07621370322384
0.076376689834263
0.076464291176021
0.076475986540226
0.076634224844816
0.076690057134093
0.076692997929289
0.076695938950033
0.076716532412735
0.076763644737852
0.076799016972583
0.076804915514593
0.076840325802981
0.076928994538041
0.076940832499808
0.077118840132644
0.077148588180836
0.077202192542268
0.077291698871541
0.077309625048319
0.077327559542221
0.077423350882626
0.077453334366045
0.077489345215033
0.077513371056507
0.077594568380213
0.077597578955537
0.077669902912621
0.077694040867066
0.077712154180914
0.07778469197262
0.077839184245349
0.077863427548081
0.077972709551657
0.077984870935039
0.078076202373517
0.078118896961175
0.07814636814754
0.07814942169428
0.078161638267938
0.07825644637477
0.078277886497065
0.078333072223093
0.078339208773991
0.078468298807282
0.078486774978416
0.078610172156277
0.07864108210129
0.078727759407967
0.078814627994956
0.078864353312303
0.078945290913397
0.078995181293941
0.079013906447535
0.079013906447535
0.079145231499802
0.079189103579348
0.0792455820588
0.079264426125555
0.079295852826897
0.079396585946804
0.07943442688061
0.079440737210041
0.079510217062893
0.079516539440204
0.079636855936928
0.079655886570018
0.079668578712556
0.079833945393581
0.079840319361278
0.079897730904442
0.079910500239732
0.07992966189753
0.079948832747042
0.079968012794882
0.079980804606894
0.080006400512041
0.080121785113372
0.080321285140562
0.080379390724218
0.080456995735779
0.080463469584809
0.080508815715321
0.080541237113402
0.080742834073476
0.080795023026582
0.080821142810959
0.080945442771572
0.081024145195268
0.0810635538262
0.081076698556835
0.081083272520879
0.081096423647717
0.081122738703659
0.081214976041582
0.081221572449643
0.081228169929332
0.081277685211525
0.081307423367754
0.081314034802407
0.081360344967863
0.081366965012205
0.0814332247557
0.08148631029987
0.081492950859751
0.081499592502038
0.081506235226995
0.081625989715125
0.081625989715125
0.081712698153293
0.081786210844852
0.081833060556465
0.081853155439142
0.081859855926654
0.081879963972816
0.081913499344692
0.081933633756657
0.0820008200082
0.0820008200082
0.082020997375328
0.082122033341546
0.082145644227215
0.082270670505965
0.08231807704972
0.082345191040843
0.082379108658044
0.082379108658044
0.082392683529703
0.082392683529703
0.082426640290142
0.082440230832646
0.082504847159771
0.082600256060794
0.082685629237639
0.082716406799289
0.082733515347067
0.082754054948693
0.082774604751262
0.082781456953642
0.082798592423929
0.082815734989648
0.082822594003644
0.082877507044588
0.08289124668435
0.08289124668435
0.082904990880451
0.082925615722697
0.083008217813564
0.083056478405316
0.083090984628168
0.08311170212766
0.083139341536415
0.083166999334664
0.083187754762499
0.083208520552505
0.083263946711074
0.083263946711074
0.083381972817477
0.08348639171815
0.083503820299779
0.083510793770095
0.083580592586402
0.083647009619406
0.083654007026937
0.083857442348008
0.083892617449665
0.083906695754321
0.083913736678694
0.083963056255248
0.084076004708256
0.084203435500169
0.084260195483654
0.084267295862476
0.084274397438058
0.084274397438058
0.084295709348394
0.084370385994516
0.084388185654009
0.084516565246788
0.084523708900347
0.084537999830924
0.08461668641056
0.084645336041984
0.084702693545655
0.084724222655257
0.084724222655257
0.084738581476146
0.084742171941867
0.084760128835396
0.084788875699508
0.084788875699508
0.084832032575501
0.084940117217362
0.084954549316116
0.084990651028387
0.085019554497535
0.085055711491027
0.085164367228752
0.085222430543719
0.085266030013643
0.085273300929479
0.085316952478458
0.085349720479666
0.085462780958892
0.085506626763574
0.085792724776939
0.085947571981092
0.085977130083398
0.08607703894986
0.086102979163079
0.086199465563314
0.086206896551724
0.086236633321835
0.086333419666753
0.086348329159831
0.086355785837651
0.086445366528354
0.086497707810743
0.086565096952909
0.086572591117652
0.086587583340549
0.086643850452714
0.086677645835139
0.086685159500694
0.086741553541224
0.086775425199584
0.086960302621853
0.086986778009743
0.087039777178171
0.087066300988203
0.087070091423596
0.087092840968472
0.087130783305742
0.087206767245138
0.087214372928659
0.087320991966469
0.087420229041
0.08749289120259
0.087512032904524
0.087558007179757
0.087581012436504
0.087619381407167
0.087673154480098
0.087773194066532
0.08781944322473
0.087896633558935
0.087958483595743
0.087966220971147
0.08798169980644
0.088059175766115
0.08807468733486
0.088113490175346
0.088136788295435
0.088144557073601
0.088206756637559
0.088233996558874
0.08825346394846
0.088354833009366
0.088358736470069
0.088374353762538
0.08841732979664
0.088479915059282
0.088487744447394
0.088754770568918
0.088770528184643
0.088794175102113
0.088873089228582
0.088892839681764
0.08894027660426
0.0889838049475
0.08899172376969
0.088999644001424
0.08911067545892
0.089158345221113
0.089198109000089
0.089285714285714
0.089329581490911
0.089345543890999
0.089405453732678
0.089477451682176
0.089637863033345
0.089657954902049
0.089831117499102
0.089863407620417
0.089871483778197
0.089903802930864
0.089903802930864
0.089919971225609
0.089936145336811
0.089944234574564
0.090065747996037
0.090081974596883
0.090203860725239
0.090297530362545
0.0903342366757
0.090440444966989
0.090481360839667
0.090497737556561
0.090538705296514
0.090546903295907
0.090567404791016
0.090587915572063
0.090596122485958
0.09062896501722
0.090694721567205
0.090876045074518
0.090876045074518
0.090917356123284
0.090917356123284
0.090933891061199
0.091074681238616
0.091149393856531
0.091190953857377
0.091240875912409
0.091265857442731
0.091307523739956
0.091378443825102
0.091474570069521
0.091524803221673
0.091650627806801
0.091734703238235
0.091802074726889
0.091818933063998
0.091827364554637
0.091827364554637
0.091873765446277
0.091877986034546
0.0920725531719
0.092102233479162
0.092106475085199
0.092140422003133
0.092140422003133
0.0921786422086
0.092302012183866
0.09232331625352
0.092378752886836
0.092395823708768
0.092489826119127
0.092524056254626
0.092609742544916
0.092772984506912
0.092885008359651
0.092910898448388
0.092988655384043
0.093023255813954
0.093135885256589
0.093214019388516
0.093292284728053
0.093318402388951
0.093344534677495
0.093423019431988
0.093484154435823
0.093519124660993
0.09354099434077
0.093580385551189
0.093606664794533
0.093659267584528
0.093738282714661
0.093760255027894
0.09379103357719
0.093799831160304
0.093817431278732
0.094002632073698
0.094037991348505
0.09405568096313
0.094064528266391
0.094144228958765
0.094330723516649
0.094348523445608
0.094393052671323
0.094477774103642
0.094513491800955
0.094585008276188
0.094647674033411
0.094652153336488
0.094670074789359
0.094759783947693
0.094773254987443
0.094791222332812
0.094948727687049
0.094980291589495
0.095047999239616
0.095138426410427
0.095319797922028
0.095401640908224
0.09541074324969
0.095474508306282
0.095565749235474
0.095648015303683
0.095702938080199
0.095822154082024
0.095849707658392
0.095868085514332
0.095895665515919
0.095904862376523
0.096098404766481
0.096116878123799
0.096153846153846
0.096158469157171
0.096223237911956
0.096302003081664
0.096357679707073
0.096385542168675
0.096459920902865
0.096758587324625
0.096763268663216
0.096767950454809
0.096777315397271
0.096796050721131
0.096805421103582
0.096852300242131
0.096918007365769
0.096955594337793
0.09706853038245
0.097087378640777
0.097167565466647
0.097257342929391
0.09727626459144
0.09736150326161
0.097389949357226
0.097423157484534
0.097489641725567
0.097599063048995
0.097665787674578
0.097713504006254
0.09773260359656
0.09776126698602
0.097924010967489
0.098072868141029
0.098135426889107
0.098241477551822
0.098275269028549
0.098280098280098
0.098309083759339
0.098309083759339
0.098362268233906
0.09836710603974
0.098376783079193
0.098405825624877
0.098434885323359
0.098531875061583
0.098570724494825
0.098794704603833
0.098853301700277
0.098902185738305
0.098941327792619
0.099000099000099
0.099039318609488
0.099137503717656
0.099216192082548
0.099250657535606
0.099354197714854
0.099403578528827
0.099522292993631
0.099631363953373
0.099651220727454
0.099690958030107
0.099690958030107
0.099710838568152
0.09979541939025
0.099840255591054
0.0999900009999
0.100060036021613
0.100070049034324
0.100130169219986
0.100130169219986
0.100140196274785
0.100150225338007
0.100200400801603
0.100265704115907
0.10048231511254
0.100593501659793
0.100593501659793
0.100613743837408
0.100684655658478
0.100765820233777
0.100821696829158
0.100892902184331
0.100908173562059
0.100908173562059
0.100938730190774
0.101107122996815
0.101183851057371
0.10136847440446
0.101450745662981
0.101471334348047
0.10148163182464
0.101543460601137
0.101667344448963
0.101667344448963
0.101843364904776
0.101916021198532
0.102077272495279
0.102265173595132
0.102317491175116
0.102343670044008
0.102385584109757
0.102564102564103
0.102616726526424
0.102627257799672
0.102701037280476
0.102722136620442
0.102817191034341
0.102923013585838
0.102954802841553
0.102954802841553
0.103188525435972
0.103220478943022
0.103263114415531
0.103289779476321
0.103401923275773
0.103412616339193
0.10386373078521
0.10391769718383
0.104058272632674
0.104144969797959
0.104155817102385
0.10417751849151
0.10436234606554
0.104444096297457
0.104525974704714
0.104525974704714
0.104668201800293
0.10472300764478
0.104755918709407
0.10479434110558
0.104854776135053
0.104865771812081
0.104871270515442
0.10492078480747
0.104937299963272
0.105042016806723
0.105141415203449
0.105224391013837
0.10527423939362
0.105390736154292
0.105407399599452
0.105451861225351
0.105474106106951
0.105540897097625
0.105552037154317
0.105797714769361
0.105797714769361
0.10588173010747
0.105943426210404
0.105999576001696
0.105999576001696
0.106055785343091
0.106185293336873
0.106247343816405
0.106281220108407
0.106303816307005
0.106303816307005
0.106360348861944
0.106428267347808
0.106450926123057
0.10653030787259
0.106564364876385
0.106575722050517
0.106609808102345
0.106723585912487
0.106723585912487
0.106820488169631
0.106849022331446
0.106883283454468
0.106986198780357
0.107032002568768
0.107043459644616
0.107250107250107
0.107307651035519
0.107353730542136
0.107550010755001
0.107677398514052
0.107723796186578
0.107857412500674
0.107944732297064
0.107979699816435
0.108096422008432
0.108160726840084
0.108213396818526
0.108236822166901
0.108342361863489
0.1083834606839
0.108406959726814
0.108459869848156
0.108483402039488
0.108530497069677
0.108554059921841
0.1085776330076
0.108589423390162
0.108790252393386
0.108808008269409
0.109033418742845
0.109033418742845
0.109075043630017
0.109134562916075
0.109158388822181
0.109385254867644
0.109673173941654
0.109805644010102
0.109817702613661
0.11005943209333
0.110071546505228
0.110144289018614
0.110198909030801
0.110460620788689
0.110485029278533
0.110582771204246
0.110729708780866
0.110791048083315
0.110852455381887
0.110901630253965
0.110975474420153
0.111037086386853
0.111148160497944
0.111333778668448
0.111358574610245
0.111408199643494
0.111457868925546
0.111488934723229
0.111594688092847
0.111632060727841
0.111744328975304
0.111794298490777
0.112120192846732
0.112157918349035
0.112157918349035
0.112170499158721
0.112195669247167
0.112321689318207
0.112346927311538
0.112384805574286
0.112612612612613
0.112625295641401
0.112726862811408
0.112726862811408
0.112834978843442
0.112866817155756
0.112917795844625
0.112981584001808
0.113134970019233
0.11316057485572
0.113199003848766
0.113288773082588
0.113288773082588
0.113314447592068
0.113455865668255
0.113791533909877
0.113888730710096
0.113986093696569
0.11401858502936
0.114038088721633
0.114207400639561
0.114364135407136
0.114377216058561
0.114390299702585
0.114409930781992
0.114442664225223
0.114665749340672
0.114665749340672
0.115114538966271
0.115300357431108
0.115767538782126
0.115767538782126
0.115774240231549
0.115861429730043
0.115874855156431
0.115888283694519
0.115901715345387
0.115915150110119
0.116198001394376
0.116279069767442
0.116333178222429
0.116360251338143
0.116373792621901
0.116441546343735
0.116536534203473
0.116726975604062
0.116740602381508
0.1170138076293
0.117027501462844
0.117109731818714
0.117240166481036
0.117302052785924
0.117329578786812
0.117495006462225
0.117522623104948
0.117716303708064
0.117744024490757
0.117841150129625
0.117841150129625
0.11795234725171
0.118035882908404
0.118133490844654
0.11839924224485
0.118427285646613
0.118609892064998
0.118616926635431
0.118701406611668
0.118708452041785
0.118722545411374
0.119061793070604
0.119317503877819
0.119395856963763
0.119445771619685
0.119460040616414
0.11968880909635
0.11983223487118
0.119968808109891
0.120084058841189
0.120163422254266
0.120177863237592
0.120177863237592
0.120192307692308
0.120322464204067
0.120525491141376
0.120692776537324
0.12070006035003
0.12071463061323
0.12122681537156
0.121270919233568
0.121477162293489
0.121521448535667
0.121735954714225
0.122018180708926
0.122129946262824
0.122369065100343
0.12240651202644
0.122428991185113
0.122534003185884
0.122564039710749
0.122639195486878
0.122782245687274
0.122880314573605
0.123426314490249
0.123456790123457
0.123487280810077
0.123563573458544
0.124208172897777
0.124316260566882
0.124424536518601
0.124595066035385
0.124750499001996
0.125
0.125031257814454
0.125203455615375
0.125234815278647
0.125297581756672
0.125580811252041
0.125596583772921
0.125754527162978
0.125786163522013
0.125833647917453
0.125881168177241
0.125881168177241
0.125944584382872
0.126008064516129
0.126071608673727
0.126087504728281
0.126278570526582
0.126278570526582
0.126326427488631
0.126454223571067
0.12647021626407
0.126710593005575
0.126710593005575
0.126774847870183
0.126943827356395
0.126968004062976
0.127242651736862
0.127258844489692
0.127323656735422
0.127510360216768
0.12758356723654
0.127681307456588
0.127730233746328
0.127762872109365
0.127877237851662
0.128008192524322
0.128188693757211
0.128369704749679
0.128915817970865
0.128915817970865
0.129098889749548
0.129433083096039
0.129500129500129
0.129533678756477
0.129853265809635
0.129971406290616
0.13024225058609
0.130276185513288
0.130471655032944
0.130650640188137
0.131027253668763
0.131319763624425
0.131492439184747
0.131518379693562
0.131578947368421
0.131630906936949
0.131648235913639
0.131682907558599
0.131856540084388
0.131873928524331
0.131873928524331
0.132082948091401
0.132205182443152
0.13238019592269
0.132573246718812
0.132661183337755
0.132775675496249
0.132802124833997
0.132925694536754
0.132996409096954
0.133244503664224
0.133368898372899
0.133413381362151
0.133431182867436
0.133511348464619
0.133671968988103
0.133725595078898
0.1339405304045
0.134138162307176
0.134336378291241
0.134408602150538
0.134517083669626
0.134825401105568
0.135007425408398
0.135098621994056
0.135189941868325
0.135244793075467
0.135263086703639
0.135336310732169
0.1356300013563
0.135648399348888
0.135722041259501
0.135777325186694
0.136128505309012
0.136202669572324
0.136444262518761
0.136518771331058
0.136612021857924
0.136911281489595
0.136986301369863
0.137014455025005
0.137080191912269
0.137343771459964
0.137513751375137
0.137551581843191
0.137551581843191
0.137684152554041
0.137760022041604
0.137854976564654
0.137854976564654
0.138007176373171
0.138255219134522
0.138350857775318
0.138657792567942
0.13883104262113
0.138850319355734
0.138908181691902
0.138908181691902
0.138927479855515
0.139275766016713
0.139392249790912
0.139977603583427
0.139987401133898
0.140193466984438
0.140567894292944
0.140755858962629
0.140864910550782
0.140864910550782
0.140964195094446
0.141043723554302
0.141763538417919
0.141783638168155
0.141843971631206
0.141904356463743
0.142186833499218
0.142328494164532
0.142450142450142
0.142450142450142
0.142551674982181
0.142673705236125
0.142959256611866
0.143143429716576
0.143184421534937
0.143410296859315
0.143513203214696
0.143698807299899
0.143864192202561
0.14446691707599
0.144654997830175
0.14494854326714
0.145053669857847
0.14519056261343
0.145285485979951
0.145602795573675
0.145645208272648
0.14600671630895
0.146060030672606
0.146198830409357
0.146305779078274
0.146370023419204
0.146370023419204
0.146477222791856
0.146520146520146
0.146584579302257
0.146627565982405
0.146907595122668
0.14695077149155
0.147102088849662
0.147362216327734
0.147449130050133
0.1474600014746
0.147492625368732
0.147710487444609
0.147950880307738
0.148126203525404
0.14819205690575
0.148544266191325
0.148610491900728
0.148610491900728
0.148809523809524
0.14883167137967
0.148875986303409
0.148920327624721
0.148942508191838
0.148986889153754
0.149276011344977
0.149476831091181
0.149566257852228
0.149566257852228
0.149745432764301
0.15001500150015
0.150127608467197
0.150308131669923
0.150330727600722
0.150715900527506
0.150829562594269
0.151194436044753
0.151217299259035
0.151308821304282
0.15135462388376
0.151377535573721
0.151388994020135
0.151641519448025
0.151768098345728
0.152045005321575
0.152068126520681
0.15220700152207
0.152392563242914
0.152415790275873
0.15255530129672
0.15271838729383
0.152788388082506
0.153139356814701
0.153621629925493
0.153775180685837
0.153798831128883
0.153834320436889
0.154035736290819
0.154130702836005
0.154178230033919
0.154392465647676
0.154583397743082
0.15460729746444
0.154798761609907
0.155327741534638
0.155933260564478
0.155981906098893
0.155981906098893
0.15605493133583
0.156347717323327
0.156568028808517
0.156887354879197
0.157109190887667
0.157158573000157
0.157183275699466
0.157207986165697
0.157245066436041
0.157430730478589
0.157455518815935
0.15748031496063
0.157604412923562
0.157977883096366
0.158002844051193
0.158052789631737
0.158177791838026
0.158679784195494
0.158881474420083
0.159033078880407
0.15921031682853
0.159261028826246
0.159642401021711
0.159667890787163
0.159744408945687
0.159744408945687
0.159948816378759
0.16010246557797
0.160307790958641
0.160359204618345
0.160823415889354
0.160849284220685
0.160901045856798
0.161082474226804
0.161264312207709
0.16134236850597
0.161524794055888
0.161759948236817
0.161812297734628
0.162100826714216
0.162127107652399
0.162258640272594
0.162548764629389
0.162628069604814
0.162892979312592
0.163185378590078
0.163318634656214
0.163692912096906
0.164095831965868
0.164527805199079
0.165152766308836
0.165453342157512
0.165453342157512
0.16553550736633
0.165727543917799
0.165837479270315
0.16594756057086
0.166112956810631
0.16627868307283
0.166333998669328
0.166944908180301
0.167252048837598
0.167420056922819
0.167644593461861
0.167644593461861
0.167799312022821
0.168067226890756
0.168279343710559
0.168463611859838
0.16849199663016
0.16860563142809
0.16860563142809
0.169204737732656
0.169204737732656
0.169721656483367
0.169865806013249
0.169981302056774
0.170096955264501
0.170386777986028
0.170444861087438
0.170561146170902
0.170648464163822
0.170677590032429
0.170677590032429
0.170765027322404
0.171086398631309
0.171408981830648
0.171438367906738
0.171703296703297
0.171762281003092
0.171850833476542
0.171850833476542
0.172176308539945
0.172324659658797
0.172384071711774
0.172458394412348
0.17247326664367
0.172562553925798
0.172651933701657
0.172651933701657
0.172741406115046
0.172830971310059
0.172980453208787
0.173100225030292
0.173550850399167
0.173822353554667
0.17415534656914
0.174337517433752
0.174733531364669
0.174978127734033
0.175438596491228
0.175500175500175
0.175947919415853
0.176211453744493
0.176273576590869
0.176678445229682
0.176897222713603
0.177053824362606
0.177273533061514
0.177304964539007
0.177809388335704
0.177872643187478
0.178475816526861
0.178699070764832
0.178954903364352
0.179243592041584
0.179372197309417
0.179759122775481
0.180147721131328
0.180766449746927
0.180897250361794
0.180929980097702
0.181028240405503
0.181620050853614
0.181653042688465
0.181851245681033
0.182049881667577
0.182199143664025
0.182381907714755
0.182748538011696
0.183016105417277
0.18308311973636
0.184026499815973
0.184060371801951
0.184467810367091
0.18450184501845
0.184621065263547
0.18470631695604
0.184877056757256
0.185116623472788
0.185185185185185
0.185219485089831
0.185322461082283
0.185425551641016
0.185873605947955
0.186098446077975
0.186480186480187
0.186636804777902
0.186915887850467
0.187406296851574
0.187599662320608
0.188359389715577
0.188359389715577
0.188679245283019
0.188786105342647
0.189000189000189
0.189000189000189
0.189035916824197
0.189250567751703
0.18957345971564
0.189717321191425
0.189717321191425
0.190258751902588
0.19040365575019
0.190476190476191
0.19104021396504
0.191131498470948
0.191901746305891
0.192049164586134
0.192344681669552
0.192418703097941
0.192529842125529
0.19293845263361
0.193124758594052
0.193836014731537
0.193911188675587
0.194024058983314
0.194250194250194
0.194817845314631
0.19485580670304
0.195007800312013
0.195274360476469
0.195427008012507
0.195733020160501
0.196734212079481
0.197452858130122
0.198137507430156
0.198452073824171
0.199163513244374
0.199282582702272
0.2000400080016
0.200080032012805
0.200120072043226
0.200220242266493
0.200280392549569
0.200662185211197
0.200662185211197
0.200803212851406
0.201328769881216
0.201572263656521
0.20165355918532
0.201938610662359
0.202285829877617
0.202634245187437
0.202675314146737
0.202757502027575
0.202798620969377
0.202839756592292
0.203458799593082
0.203748981255094
0.203832042397065
0.203915171288744
0.204373594931535
0.205592105263158
0.205867215645908
0.206611570247934
0.207168013258753
0.207339829981339
0.207425845260319
0.207598090097571
0.207684319833852
0.208203206329377
0.208289939595917
0.208289939595917
0.208507089241034
0.208528829110625
0.208942749686586
0.209030100334448
0.209336403600586
0.209380234505863
0.209555741827326
0.210393435724805
0.210393435724805
0.210415570752236
0.211104074308634
0.211327134404057
0.211954217888936
0.212021626205873
0.212044105173876
0.212381862588935
0.212947189097104
0.213356091316407
0.213583938487826
0.214892016761577
0.215238915195867
0.215563699073076
0.216169476869866
0.216403375892664
0.217226023677637
0.217391304347826
0.218007412252017
0.218102508178844
0.218292949137743
0.218340611353712
0.218388294387421
0.218579234972678
0.218722659667542
0.219346347883308
0.21953896816685
0.220215811495265
0.220264317180617
0.220264317180617
0.22075055187638
0.220945647370747
0.221680336954112
0.221827861579414
0.222419928825623
0.222766763198931
0.222791578478333
0.222866057499443
0.223264121455682
0.223413762287757
0.224416517055655
0.224441701268096
0.224668613794653
0.224668613794653
0.224971878515186
0.225047822662316
0.2255299954894
0.225682690137666
0.225912120185248
0.226295541977823
0.226963231956423
0.227040526734022
0.227272727272727
0.228076177443266
0.228440890919475
0.228519195612431
0.22878059940517
0.229042601923958
0.229858636938283
0.229964355524894
0.230680507497116
0.230866905229135
0.232045480914259
0.232774674115456
0.232828870779977
0.232991612301957
0.233481204763017
0.233590282644242
0.233644859813084
0.234466588511137
0.235404896421846
0.236406619385343
0.236826524570752
0.237416904083571
0.237812128418549
0.238208670795617
0.238407438312075
0.238549618320611
0.238891543239369
0.239005736137667
0.239721922569819
0.240009600384015
0.240587032358956
0.241021932995903
0.241545893719807
0.241954996370675
0.242424242424242
0.242483026188167
0.243220235923629
0.243249817562637
0.243457090687766
0.243486729973216
0.243605359317905
0.24443901246639
0.2460024600246
0.247647350173353
0.248077400148846
0.248756218905473
0.249221183800623
0.253100480890914
0.254129606099111
0.25419420437214
0.25419420437214
0.254258835494533
0.254971953085161
0.255004462578095
0.255362614913177
0.255819902788437
0.256344527044348
0.258064516129032
0.258097819073429
0.259268861809697
0.259672812256557
0.25997660210581
0.260247234873129
0.260382762661112
0.261096605744125
0.261848651479445
0.262054507337526
0.262329485834208
0.262398320650748
0.26281208935611
0.262846628991983
0.262881177707676
0.263365815117198
0.263921879123779
0.264131008980454
0.264200792602378
0.26567481402763
0.265745415891576
0.266028198989093
0.266063589197818
0.266524520255863
0.266595574513463
0.266808964781217
0.267415429870303
0.267665952890792
0.268024658268561
0.268384326355341
0.268456375838926
0.269396551724138
0.269687162891046
0.269759913676828
0.270343336036767
0.27122321670735
0.271665308340125
0.271812992661049
0.271886895051658
0.272182906913446
0.272257010618023
0.272257010618023
0.272553829381303
0.272776868521549
0.272963013511669
0.273672687465791
0.273747604708459
0.274725274725275
0.275141009767506
0.275178866263071
0.275785990071704
0.276243093922652
0.27693159789532
0.27708506511499
0.277315585135885
0.277546489036914
0.278009452321379
0.278241513633834
0.278590332915448
0.278629144608526
0.278862242052426
0.278940027894003
0.279407655769768
0.279955207166853
0.280898876404494
0.281293952180028
0.281531531531531
0.281809215161336
0.282007896221094
0.282286520818631
0.282565696524442
0.282965478211658
0.283607487237663
0.284495021337127
0.284575981787137
0.284819139846198
0.285143997718848
0.287852619458837
0.288517022504328
0.288683602771363
0.28872527789808
0.288933834151979
0.289184499710815
0.289519397799653
0.289687137891078
0.290107339715695
0.291120815138282
0.29120559114735
0.292911540714704
0.293255131964809
0.293427230046948
0.293944738389183
0.294637595757219
0.295420974889217
0.296208530805687
0.297000297000297
0.297000297000297
0.29753049687593
0.29753049687593
0.298151460942159
0.299356383774884
0.299580587177951
0.302206104563312
0.30229746070133
0.302480338777979
0.302755071147442
0.302938503483793
0.303306035790112
0.303490136570561
0.303859009419629
0.303951367781155
0.305157155935307
0.305157155935307
0.305530094714329
0.305810397553517
0.307976593778873
0.309119010819165
0.309405940594059
0.310077519379845
0.310269934843314
0.310269934843314
0.311235605353252
0.311623558741041
0.311817898347365
0.312402374258044
0.314267756128221
0.314663310258024
0.314663310258024
0.314762354422411
0.315258511979823
0.315258511979823
0.31675641431739
0.318572793883402
0.320615581917281
0.322164948453608
0.322268772155978
0.322788896061975
0.323729362253156
0.325256139209628
0.327332242225859
0.327385824193812
0.327546675401245
0.328623069339468
0.328839197632358
0.329978551394159
0.33003300330033
0.330360092500826
0.331840053094408
0.33311125916056
0.333778371161549
0.333834084460023
0.337268128161889
0.337381916329285
0.337495781302734
0.337609723160027
0.337723741979061
0.3385240352065
0.339731612026499
0.339847068819031
0.341238696468179
0.342700479780672
0.343053173241852
0.343288705801579
0.343583576705033
0.344708721130645
0.344827586206897
0.345065562456867
0.345303867403315
0.345482812230092
0.345841258862182
0.346500346500346
0.348310693138279
0.349711488022381
0.349895031490553
0.350631136044881
0.350631136044881
0.350877192982456
0.351123595505618
0.351308624626735
0.352360817477096
0.352609308885755
0.353731871241599
0.355366027007818
0.355745286374956
0.355998576005696
0.35644270183568
0.35650623885918
0.357909806728704
0.358937544867193
0.359518245550962
0.360100828231905
0.360165676211057
0.360750360750361
0.362187613183629
0.362713093942691
0.363438124659277
0.364298724954463
0.364564345607
0.366032210834553
0.366166239472721
0.367376928728876
0.367444424030865
0.367849917233769
0.368731563421829
0.369276218611521
0.369822485207101
0.373412994772218
0.373412994772218
0.374041518608565
0.374251497005988
0.374812593703148
0.375586854460094
0.376222723852521
0.376293508936971
0.377429703717682
0.378071833648393
0.378357926598562
0.378644452858766
0.379939209726444
0.380372765310004
0.381533765738268
0.382848392036753
0.382995021064726
0.383288616328095
0.384615384615385
0.385059684251059
0.38550501156515
0.385802469135802
0.387221684414327
0.388198757763975
0.388500388500388
0.388500388500388
0.389408099688473
0.390167772142021
0.390701308849385
0.392772977219167
0.3933910306845
0.393545848091303
0.396432111000991
0.396510705789056
0.396510705789056
0.397614314115308
0.399520575309628
0.40290088638195
0.403063280935107
0.40371417036738
0.40453074433657
0.40453074433657
0.405268490374873
0.40551500405515
0.40551500405515
0.406338886631451
0.40650406504065
0.407000407000407
0.407996736026112
0.41101520756268
0.412881915772089
0.413393964448119
0.414421881475342
0.414765657403567
0.4149377593361
0.4149377593361
0.415282392026578
0.417362270450751
0.417710944026733
0.419023674837628
0.419991600167997
0.420698359276399
0.421585160202361
0.422208148617268
0.42247570764681
0.422654268808115
0.422922393740749
0.424538314582891
0.425170068027211
0.42571306939123
0.426803243704652
0.428173838578463
0.428724544480172
0.428816466552316
0.4293688278231
0.430477830391735
0.431313349148156
0.431778929188256
0.432152117545376
0.435729847494553
0.436871996505024
0.439367311072056
0.439367311072056
0.442282176028306
0.442673749446658
0.443262411347518
0.443951165371809
0.445632798573975
0.445632798573975
0.447027268663388
0.447828034034931
0.448430493273543
0.449842555105713
0.450856627592426
0.452693526482571
0.453514739229025
0.453926463912846
0.454132606721163
0.455166135639508
0.455580865603645
0.455788514129444
0.455788514129444
0.457247370827618
0.460617227084293
0.461041954817888
0.461254612546125
0.462748727440999
0.465766185374942
0.471809389006841
0.476758045292014
0.477326968973747
0.485672656629432
0.486854917234664
0.487804878048781
0.488519785051295
0.491279783836895
0.493827160493827
0.493827160493827
0.495049504950495
0.498753117206983
0.499251123315027
0.5
0.500125031257814
0.500625782227785
0.502765208647562
0.502765208647562
0.503271263210871
0.505561172901921
0.506329113924051
0.506842372022301
0.508646998982706
0.508646998982706
0.509424350483953
0.512163892445583
0.514668039114771
0.514933058702369
0.516929439131559
0.517330574236937
0.5175983436853
0.520562207183758
0.524383848977451
0.524658971668416
0.526592943654555
0.526870389884089
0.527009222661397
0.528541226215645
0.530785562632696
0.531632110579479
0.53276505061268
0.533049040511727
0.536768652710682
0.537923614846692
0.539956803455724
0.541418516513265
0.541711809317443
0.542740841248304
0.543183052688756
0.545851528384279
0.580720092915215
0.584795321637427
0.585137507314219
0.5941770647653
0.597371565113501
0.597728631201434
0.600240096038415
0.603864734299517
0.612369871402327
0.618811881188119
0.624609618988132
0.625586487331874
0.643500643500644
0.645577792123951
0.65402223675605
0.659195781147001
0.664451827242525
0.665335994677312
0.665335994677312
0.66577896138482
0.66711140760507
0.667556742323098
0.683060109289617
0.684462696783025
0.68870523415978
0.689179875947622
0.689655172413793
0.692041522491349
0.699790062981106
0.701262272089762
0.711237553342817
0.715307582260372
0.717102904266762
0.720980533525595
0.722543352601156
0.723589001447178
0.726216412490922
0.727008360596147
0.754716981132076
0.757002271006813
0.772200772200772
0.774593338497289
0.78125
0.789265982636148
0.790513833992095
0.813008130081301
0.825763831544178
0.834028356964137
0.836820083682008
0.838926174496644
0.841750841750842
0.848176420695505
0.863557858376511
0.867302688638335
0.870322019147084
0.884173297966401
0.903342366757001
0.91491308325709
0.920810313075506
0.921658986175115
0.92378752886836
0.928505106778087
0.936329588014981
0.938967136150235
0.969932104752667
0.970873786407767
0.987166831194472
1.04931794333683
1.06609808102345
1.06951871657754
1.07642626480086
1.07874865156419
1.09051254089422
1.12107623318386
1.12612612612613
1.13250283125708
1.17370892018779
1.194743130227
1.23456790123457
1.23609394313968
1.26422250316056
1.31578947368421
1.3262599469496
1.3550135501355
1.39082058414465
1.43061516452074
1.43266475644699
1.45985401459854
1.47275405007364
1.53139356814701
1.54083204930663
1.5748031496063
1.58730158730159
1.58730158730159
1.6
1.60771704180064
1.61812297734628
1.61812297734628
1.6260162601626
1.62866449511401
1.64203612479475
1.6750418760469
1.69491525423729
1.70068027210884
1.70940170940171
1.71526586620926
1.73010380622837
1.73310225303293
1.73913043478261
1.76056338028169
1.7636684303351
1.82815356489945
1.83823529411765
1.85873605947955
1.86567164179105
1.87265917602996
1.88323917137476
1.90476190476191
1.90839694656489
1.953125
1.953125
1.96270853778214
1.97628458498024
2.00803212851406
2.00803212851406
2.02429149797571
2.04918032786885
2.06611570247934
2.08550573514077
2.09205020920502
2.16450216450216
2.2075055187638
2.2075055187638
2.2075055187638
2.28310502283105
2.34741784037559
2.35849056603774
2.37247924080664
2.37529691211401
2.39234449760766
2.43605359317905
2.4390243902439
2.48756218905473
2.52525252525252
2.52525252525252
2.56081946222791
2.57400257400257
2.6246719160105
2.63157894736842
2.69541778975741
2.73972602739726
2.77777777777778
2.82485875706215
2.88600288600289
2.91545189504373
3.32225913621262
3.6231884057971
3.63636363636364
3.690036900369
3.7037037037037
3.78787878787879
3.84615384615385
3.87596899224806
3.87596899224806
3.90625
3.98406374501992
4.04858299595142
4.18410041841004
4.19287211740042
4.21940928270042
4.31034482758621
4.3859649122807
4.3859649122807
4.42477876106195
4.60829493087558
4.65116279069768
4.67289719626168
4.69483568075117
4.69483568075117
4.76190476190476
4.80769230769231
4.83091787439614
4.92610837438424
5.0251256281407
5.05050505050505
5.10204081632653
5.15463917525773
5.23560209424084
5.31914893617021
5.3475935828877
5.3475935828877
5.37634408602151
5.37634408602151
5.40540540540541
5.40540540540541
5.43478260869565
5.43478260869565
5.4945054945055
5.4945054945055
5.52486187845304
5.52486187845304
5.54016620498615
5.61797752808989
5.61797752808989
5.61797752808989
5.61797752808989
5.71428571428571
5.74712643678161
5.78034682080925
5.78034682080925
5.78034682080925
5.78034682080925
5.78034682080925
5.83090379008746
5.83090379008746
5.93471810089021
5.93471810089021
5.98802395209581
5.98802395209581
6.02409638554217
6.06060606060606
6.06060606060606
6.09756097560976
6.09756097560976
6.13496932515337
6.13496932515337
6.17283950617284
6.2111801242236
6.2111801242236
6.25
6.28930817610063
6.28930817610063
6.45161290322581
6.45161290322581
6.45161290322581
6.49350649350649
6.49350649350649
6.49350649350649
6.49350649350649
6.57894736842105
6.57894736842105
6.57894736842105
6.57894736842105
6.62251655629139
6.62251655629139
6.64451827242525
6.66666666666667
6.66666666666667
6.71140939597315
6.71140939597315
6.71140939597315
6.80272108843537
6.84931506849315
6.84931506849315
6.9204152249135
6.94444444444444
6.94444444444444
6.94444444444444
6.94444444444444
6.99300699300699
7.01754385964912
7.01754385964912
7.01754385964912
7.04225352112676
7.04225352112676
7.06713780918728
7.09219858156028
7.09219858156028
7.14285714285714
7.14285714285714
7.2463768115942
7.2463768115942
7.2992700729927
7.2992700729927
7.2992700729927
7.35294117647059
7.35294117647059
7.35294117647059
7.35294117647059
7.38007380073801
7.40740740740741
7.46268656716418
7.5187969924812
7.54716981132075
7.57575757575758
7.57575757575758
7.57575757575758
7.69230769230769
7.69230769230769
7.75193798449612
7.75193798449612
7.8125
7.8125
7.8740157480315
7.8740157480315
7.8740157480315
7.90513833992095
8
8
8.06451612903226
8.06451612903226
8.06451612903226
8.06451612903226
8.09716599190283
8.09716599190283
8.13008130081301
8.19672131147541
8.26446280991736
8.33333333333333
8.33333333333333
8.33333333333333
8.33333333333333
8.33333333333333
8.36820083682008
8.40336134453782
8.40336134453782
8.40336134453782
8.43881856540084
8.43881856540084
8.47457627118644
8.51063829787234
8.54700854700855
8.54700854700855
8.54700854700855
8.62068965517241
8.7719298245614
8.81057268722467
8.81057268722467
8.84955752212389
8.84955752212389
8.88888888888889
8.88888888888889
9.00900900900901
9.00900900900901
9.09090909090909
9.09090909090909
9.1743119266055
9.1743119266055
9.34579439252336
9.34579439252336
9.38967136150235
9.38967136150235
9.43396226415094
9.43396226415094
9.47867298578199
9.61538461538462
9.70873786407767
9.70873786407767
9.70873786407767
9.80392156862745
9.9009900990099
9.9009900990099
10.1522842639594
10.2040816326531
10.2564102564103
10.3092783505155
10.3626943005181
10.4166666666667
10.5263157894737
10.5263157894737
10.5263157894737
10.6382978723404
10.6382978723404
10.752688172043
10.752688172043
10.8695652173913
10.8695652173913
10.989010989011
11.1111111111111
11.1731843575419
11.2359550561798
11.7647058823529
11.7647058823529
11.7647058823529
11.7647058823529
11.9760479041916
12.1951219512195
12.1951219512195
12.1951219512195
12.3456790123457
12.5
12.7388535031847
12.987012987013
12.987012987013
12.987012987013
13.5135135135135
13.5135135135135
13.5135135135135
13.7931034482759
13.7931034482759
13.8888888888889
13.986013986014
14.1843971631206
14.2857142857143
14.2857142857143
14.4927536231884
14.4927536231884
14.7058823529412
14.9253731343284
14.9253731343284
14.9253731343284
15.625
16.5289256198347
16.6666666666667
16.6666666666667
16.6666666666667
16.9491525423729
16.9491525423729
18.018018018018
18.1818181818182
18.5185185185185
18.5185185185185
18.8679245283019
18.8679245283019
18.8679245283019
18.8679245283019
19.2307692307692
19.2307692307692
19.4174757281553
19.6078431372549
19.6078431372549
20
20
20.2020202020202
20.4081632653061
20.4081632653061
20.8333333333333
20.8333333333333
21.2765957446808
22.2222222222222
22.4719101123595
22.4719101123595
22.7272727272727
22.7272727272727
22.7272727272727
23.2558139534884
23.5294117647059
23.8095238095238
23.8095238095238
23.8095238095238
23.8095238095238
23.8095238095238
24.0963855421687
25
25
25
25
25.3164556962025
25.6410256410256
26.3157894736842
26.3157894736842
26.3157894736842
27.027027027027
27.027027027027
27.7777777777778
27.7777777777778
28.5714285714286
28.5714285714286
28.5714285714286
29.4117647058823
29.4117647058823
29.4117647058823
29.8507462686567
30.3030303030303
30.3030303030303
30.3030303030303
31.25
31.25
32.258064516129
32.258064516129
33.3333333333333
34.4827586206897
35.0877192982456
35.0877192982456
35.7142857142857
35.7142857142857
35.7142857142857
37.037037037037
37.037037037037
37.037037037037
37.037037037037
37.037037037037
38.4615384615385
38.4615384615385
38.4615384615385
38.4615384615385
38.4615384615385
38.4615384615385
38.4615384615385
39.2156862745098
39.2156862745098
39.2156862745098
40
41.6666666666667
41.6666666666667
41.6666666666667
41.6666666666667
43.4782608695652
43.4782608695652
43.4782608695652
44.4444444444444
45.4545454545455
45.4545454545455
47.6190476190476
47.6190476190476
47.6190476190476
47.6190476190476
47.6190476190476
47.6190476190476
47.6190476190476
48.7804878048781
50
50
52.6315789473684
52.6315789473684
52.6315789473684
52.6315789473684
54.0540540540541
55.5555555555556
55.5555555555556
55.5555555555556
55.5555555555556
55.5555555555556
55.5555555555556
58.8235294117647
58.8235294117647
58.8235294117647
58.8235294117647
58.8235294117647
62.5
62.5
62.5
62.5
62.5
62.5
62.5
62.5
62.5
66.6666666666667
66.6666666666667
66.6666666666667
66.6666666666667
66.6666666666667
66.6666666666667
66.6666666666667
66.6666666666667
66.6666666666667
71.4285714285714
71.4285714285714
71.4285714285714
71.4285714285714
71.4285714285714
71.4285714285714
71.4285714285714
71.4285714285714
71.4285714285714
71.4285714285714
71.4285714285714
71.4285714285714
74.0740740740741
76.9230769230769
76.9230769230769
83.3333333333333
83.3333333333333
83.3333333333333
83.3333333333333
83.3333333333333
83.3333333333333
83.3333333333333
86.9565217391304
86.9565217391304
90.9090909090909
90.9090909090909
90.9090909090909
90.9090909090909
90.9090909090909
90.9090909090909
90.9090909090909
90.9090909090909
90.9090909090909
90.9090909090909
90.9090909090909
90.9090909090909
90.9090909090909
95.2380952380952
95.2380952380952
95.2380952380952
100
100
100
100
100
100
100
100
100
100
100
100
100
105.263157894737
111.111111111111
111.111111111111
111.111111111111
111.111111111111
111.111111111111
111.111111111111
111.111111111111
111.111111111111
111.111111111111
111.111111111111
111.111111111111
111.111111111111
111.111111111111
117.647058823529
117.647058823529
117.647058823529
125
125
125
125
125
125
133.333333333333
133.333333333333
133.333333333333
133.333333333333
142.857142857143
142.857142857143
142.857142857143
142.857142857143
142.857142857143
142.857142857143
142.857142857143
142.857142857143
142.857142857143
142.857142857143
142.857142857143
142.857142857143
153.846153846154
153.846153846154
153.846153846154
153.846153846154
166.666666666667
166.666666666667
166.666666666667
166.666666666667
166.666666666667
166.666666666667
166.666666666667
166.666666666667
166.666666666667
166.666666666667
166.666666666667
166.666666666667
166.666666666667
166.666666666667
166.666666666667
166.666666666667
166.666666666667
166.666666666667
166.666666666667
166.666666666667
166.666666666667
166.666666666667
166.666666666667
200
200
200
200
200
200
200
200
200
200
200
200
200
200
200
200
200
200
200
200
200
200
200
200
200
200
200
200
200
200
200
200
200
200
200
200
200
200
200
200
200
200
200
200
200
200
200
200
200
200
200
200
200
200
200
200
200
200
200
200
222.222222222222
222.222222222222
222.222222222222
222.222222222222
222.222222222222
222.222222222222
250
250
250
250
250
250
250
250
250
250
250
250
250
250
250
250
250
250
250
250
250
250
250
250
250
250
250
250
250
250
250
250
250
250
250
250
250
250
250
250
250
250
250
250
250
250
250
250
250
285.714285714286
333.333333333333
333.333333333333
333.333333333333
333.333333333333
333.333333333333
333.333333333333
333.333333333333
333.333333333333
333.333333333333
7.94051933176431
