o
0
0
0
0
0
0
0
0
0
0
0
0
0
0
0
0
0
0
0
0
0
0
0
0
0
0
0
0
0
0
0
0
0
0
0
0
0
0
0
0
0
0
0
0
0
0
0
0
0
0
0
0
0
0
0
0
0
0
0
0
0
0
0
0
0
0
0
0
0
0
0
0
0
0
0
0
0
0
0
0
0
0
0
0
0
0
0
0
0
0
0
0
0
0
0
0
0
0
0
0
0
0
0
0
0
0
0
0
0
0
0
0
0
0
0
0
0
0
0
0
0
0
0
0
0
0
0
0
0
0
0
0
0
0
0
0
0
0
0
0
0
0
0
0
0
0
0
0
0
0
0
0
0
0
0
0
0
0
0
0
0
0
0
0
0
0
0
0
0
0
0
0
0
0
0
0
0
0
0
0
0
0
0
0
0
0
0
0
0
0
0
0
0
0
0
0
0
0
0
0
0
0
0
0
0
0
0
0
0
0
0
0
0
0
0
0
0
0
0
0
0
0
0
0
0
0
0
0
0
0
0
0
0
0
0
0
0
0
0
0
0
0
0
0
0
0
0
0
0
0
0
0
0
0
0
0
0
0
0
0
0
0
0
0
0
0
0
0
0
0
0
0
0
0
0
0
0
0
0
0
0
0
0
0
0
0
0
0
0
0
0
0
0
0
0
0
0
0
0
0
0
0
0
0
0
0
0
0
0
0
0
0
0
0
0
0
0
0
0
0
0
0
0
0
0
0
0
0
0
0
0
0
0
0
0
0
0
0
0
0
0
0
0
0
0
0
0
0
0
0
0
0
0
0
0
0
0
0
0
0
0
0
0
0
0
0
0
0
0
0
0
0
0
0
0
0
0
0
0
0
0
0
0
0
0
0
0
0
0
0
0
0
0
0
0
0
0
0
0
0
0
0
0
0
0
0
0
0
0
0
0
0
0
0
0
0
0
0
0
0
0
0
0
0
0
0
0
0
0
0
0
0
0
0
0
0
0
0
0
0
0
0
0
0
0
0
0
0
0
0
0
0
0
0
0
0
0
0
0
0
0
0
0
0
0
0
0
0
0
0
0
0
0
0
0
0
0
0
0
0
0
0
0
0
0
0
0
0
0
0
0
0
0
0
0
0
0
0
0
0
0
0
0
0
0
0
0
0
0
0
0
0
0
0
0
0
0
0
0
0
0
0
0
0
0
0
0
0
0
0
0
0
0
0
0
0
0
0
0
0
0
0
0
0
0
0
0
0
0
0
0
0
0
0
0
0
0
0
0
0
0
0
0
0
0
0
0
0
0
0
0
0
0
0
0
0
0
0
0
0
0
0
0
0
0
0
0
0
0
0
0
0
0
0
0
0
0
0
0
0
0
0
0
0
0
0
0
0
0
0
0
0
0
0
0
0
0
0
0
0
0
0
0
0
0
0
0
0
0
0.00309869978557
0.003106641689267
0.00310894037985
0.003111649080663
0.003112297934057
0.005621040679471
0.005762227446642
0.005848124214158
0.005945515297811
0.005960825455109
0.005993335411023
0.006001104203173
0.006006474980028
0.006037699395023
0.006044085560075
0.006060385682945
0.006105863460681
0.006127075546842
0.006167566617429
0.006184636126933
0.006196439525848
0.006205475711768
0.006210100106814
0.00628343968055
0.006287489154081
0.006302269447228
0.006329073866621
0.006353119063804
0.006403586008165
0.006426033145479
0.006444253980938
0.006453194976833
0.006474419568286
0.006528991988927
0.006559914983502
0.00659935326338
0.006606678030153
0.006610171732262
0.006671069572585
0.006674097161506
0.006683598449405
0.006720543019876
0.006784168464471
0.006789742057699
0.006811548298986
0.006862782103237
0.006864548724567
0.006873301005908
0.006899263848547
0.00693880666403
0.006963400367668
0.007014368934763
0.007025900983977
0.007151950336857
0.00715840109953
0.007166275507462
0.007171131891458
0.007190390761786
0.007193985827848
0.007193985827848
0.007224807097651
0.007243857209087
0.00724792618712
0.007248057520584
0.007249055810481
0.007277172963847
0.007288762550338
0.007291446404223
0.008966237632196
0.009130752373996
0.009163131225202
0.009213872406295
0.0094036222753
0.009411233248005
0.009411366106847
0.009415929870154
0.009464095587365
0.00946517053871
0.009479391802222
0.009498660688843
0.009502271042779
0.009752196682303
0.00978736939979
0.009891196834817
0.009947180471695
0.010056365931044
0.010088119725805
0.010120177103099
0.010231225700839
0.010238663240127
0.010320023942456
0.010332926904875
0.01036892640136
0.010418945811063
0.010483828694239
0.010528587747883
0.010577813037155
0.010628799795927
0.010637618875391
0.010641580913261
0.010687128956242
0.01074552448905
0.010764030914297
0.010771567370768
0.010808357021649
0.010821105484136
0.010872401496043
0.010980202694542
0.01102785083729
0.011108951037298
0.011182305120378
0.011185619767227
0.011204795652539
0.011215288681531
0.011220951761128
0.011263417546152
0.011279806889706
0.01130991427085
0.01131208922976
0.01135022246436
0.011350351293373
0.011387251971418
0.011416437386549
0.011460267253432
0.011479342922411
0.01148514396628
0.01148936659122
0.011491743182523
0.011495838506461
0.011531365313653
0.011536553569987
0.011549944849013
0.011562230816814
0.014295312567009
0.0143297270187
0.014375974870796
0.01440040321129
0.014467487937732
0.014550639864388
0.014731554252632
0.014766904413828
0.014810974932425
0.014894694509816
0.015020314976005
0.015094909241858
0.015153926003379
0.015296133137543
0.015302921327682
0.015329311943833
0.015370545423804
0.015482991933361
0.015696739002472
0.015778470277307
0.015942479533842
0.016369827134626
0.016859852476291
0.01688903901368
0.017185083347654
0.017536783403188
0.017631708865223
0.017651004342147
0.01766004415011
0.017738988522875
0.017844556072056
0.017848378028647
0.017934002869441
0.018121851328332
0.018163984451629
0.018176200083611
0.018184463194647
0.018322736683951
0.01843012219171
0.018456313904987
0.018478481807935
0.018484288354898
0.018491808128999
0.018564241557911
0.01859150739942
0.018602401570043
0.018662635537391
0.018708023871439
0.018723436124998
0.018723611410169
0.018762430109948
0.018818570165039
0.018848364904345
0.018852984427435
0.018912529550828
0.018942981625308
0.018999667505819
0.019060325931574
0.019062505957033
0.019183548189073
0.019194779020107
0.019224299514587
0.019230769230769
0.019237798426348
0.019329647813817
0.019379281610031
0.019390554860727
0.019507246942239
0.019530296372248
0.019538500615463
0.019580775594521
0.019584035094591
0.019674775953489
0.019692792437968
0.019717060186326
0.019722115394097
0.019734570033056
0.019792769701228
0.019815517531779
0.01988862370724
0.019917144678139
0.019975230713915
0.020096866898451
0.020206510537695
0.020260961179998
0.020358720657994
0.020395676116663
0.020475439710068
0.020606872391943
0.020667348689174
0.02080667478127
0.020873776274866
0.020922034040149
0.020931887637627
0.020945478918376
0.020977774048396
0.021091261890199
0.021120216271015
0.021158647539249
0.021275011435319
0.021281123643328
0.02134904623136
0.021404338659446
0.021421532924896
0.021471207111264
0.021527134953609
0.021561947475096
0.021562877350354
0.021571249838216
0.021572645885018
0.02159733920781
0.021697621940635
0.021764680276847
0.021861746316296
0.022316696236289
0.022730372323499
0.023389077300901
0.023445834261398
0.023625023625024
0.023636191736787
0.023789133123989
0.023885160149999
0.024062755666779
0.024194328849318
0.024451671271732
0.02446363480686
0.024623264059884
0.02476718842877
0.025572831423895
0.02566010623284
0.025688450472668
0.026381743833267
0.026413100898046
0.026523088348407
0.026793130241406
0.026992738953222
0.027036526347095
0.027148092846478
0.027480832119597
0.027642636001769
0.027990035547345
0.028170204374833
0.028190454712035
0.02843453658814
0.028948587308939
0.029041907472483
0.029082871642746
0.029360815056226
0.02962962962963
0.029672269780277
0.030012905549386
0.030274590536163
0.030575429584786
0.03069933075459
0.030870867162659
0.03096838128271
0.031095494262881
0.031253906738342
0.031263677859063
0.03128225983045
0.031349927895166
0.031420850876642
0.031431714600032
0.031508964300344
0.031636559207821
0.031721862707778
0.031767209885956
0.031959092361777
0.032134708698866
0.032298698362456
0.032430679422734
0.032466478361092
0.033060037027242
0.03313562410948
0.033186207812033
0.033266799733866
0.033327223342387
0.033603279680097
0.033862720530968
0.033959893365935
0.034073872154832
0.034088972217488
0.03421376762009
0.034258894465476
0.034295316974467
0.034594893793676
0.034618846500035
0.034629636042525
0.034645232815965
0.034654237346872
0.034707760655283
0.034789869190092
0.034829249603817
0.03486750348675
0.034870543108709
0.034944263899081
0.034950370473927
0.03496381245411
0.0350532809871
0.035145678838787
0.035214367461925
0.03521498749868
0.035227392820657
0.035378818701244
0.035629665259295
0.035703447167824
0.035759623808758
0.035773695601624
0.036024352462265
0.036041231168457
0.036046427799005
0.036245673172765
0.036248957842462
0.036323350465847
0.036423238025861
0.036593175372793
0.036681094563862
0.03680326813021
0.037024010070531
0.037207917844917
0.037474236462432
0.037486879592143
0.037674716497758
0.037831498505656
0.037893141341417
0.03814901003319
0.038178139197496
0.038295102056447
0.038575782123983
0.038869669996502
0.038925652004671
0.039304313648423
0.039414303450722
0.039419741406496
0.039664438847352
0.039793867764978
0.039794659556688
0.040067313085985
0.040532598342217
0.040657017401204
0.040781371069695
0.041243916522313
0.041455073064566
0.041554124246832
0.041644976574701
0.041686641515726
0.041725778185763
0.041737969030427
0.041790296293201
0.041895345427123
0.042043304603742
0.042044188442053
0.042048608191069
0.042060988433228
0.042141638045471
0.042650288955708
0.042658476239229
0.042854081851296
0.04286051046868
0.043017228399974
0.04311552805743
0.043203076059015
0.043248853905372
0.043412198827871
0.043465032381449
0.044255620463799
0.044387234231435
0.044435557332978
0.044436544614291
0.044472115983279
0.044581160001783
0.044646843468167
0.044708722671793
0.045177320984866
0.045179362067408
0.045242727231598
0.045259108395565
0.045276526384896
0.045518685420365
0.046281297727588
0.046285582041194
0.04638972003804
0.046405865701425
0.047028946316458
0.047116471918583
0.04728355950636
0.047542074736142
0.047890426703702
0.048409740039696
0.048480147379648
0.048782867456949
0.049152125829442
0.049465769687376
0.05049357469262
0.050566343042071
0.050622658702035
0.050644450634322
0.050784622416332
0.05088152237515
0.051806760782282
0.051981806367771
0.052106401271396
0.052424639580603
0.052808069072954
0.052849932616336
0.053087009608749
0.053166037535223
0.053401687493325
0.053616428073562
0.053924344145164
0.054115482439526
0.054614964500273
0.054622422504438
0.054745025045849
0.055335749661069
0.055435445423804
0.055567903978662
0.056053811659193
0.056265121251336
0.056824639163541
0.056908718415661
0.057015793374765
0.057082512772212
0.057100439673386
0.057120009139202
0.057195149851293
0.057416817385812
0.057441553219599
0.05753574408101
0.058190282222869
0.058247903075489
0.058288645371882
0.058319239517117
0.05857887645715
0.058626956674679
0.058654466537627
0.058802775491003
0.058889346917143
0.058920575064813
0.059026650532716
0.05916459590581
0.059407116972613
0.05958410296133
0.059596531481868
0.059619626781136
0.059623181492965
0.059642739987475
0.059747864013862
0.059787157718522
0.059794307581918
0.059808612440191
0.059862316671655
0.060353672520973
0.060508879678093
0.060674089130237
0.060762570256722
0.06096259944524
0.061404316723466
0.061419402389215
0.061682704169751
0.061747452917567
0.061871616395978
0.0619060884638
0.062123377026775
0.062150403977626
0.062247121070651
0.06226843924157
0.062353858144973
0.062383031815346
0.062400549124832
0.062402496099844
0.06245706077072
0.062519537355424
0.062745098039216
0.062837752921956
0.062932662051605
0.063019914292917
0.063245106409892
0.063251106894371
0.063321196770619
0.063443725415556
0.063669935056666
0.063671962051511
0.063885517153261
0.06392022755601
0.063930443677279
0.064088185343032
0.064205457463885
0.064259092661612
0.064358347277642
0.064403941521221
0.064649599172485
0.064884505580068
0.064913988964622
0.065246468534891
0.065269890999282
0.065526505471463
0.065659881812213
0.065715975553657
0.065873983070386
0.065954359583169
0.065991355132478
0.066058924560708
0.066258075202915
0.066319594124084
0.066458430251878
0.066482731110594
0.066551311060828
0.066588979523889
0.066640010662402
0.066648893628366
0.066742307949009
0.06678911337452
0.067024128686327
0.067168189145621
0.067260803766605
0.067435430575224
0.067444526876644
0.067455900704914
0.067686476242047
0.067890967106827
0.068073519400953
0.068282690337999
0.068516615279205
0.069204152249135
0.06924728204418
0.069773932458833
0.06992029086841
0.070003500175009
0.070929531510444
0.070962248084019
0.071551230681168
0.071782355896921
0.07356186552891
0.073708262696248
0.073898906296187
0.074021984529405
0.074189479931746
0.074305245950364
0.074493444576877
0.074677021880367
0.075654410652141
0.075941676792224
0.076074553062001
0.07621370322384
0.076254384627116
0.076271832812143
0.07627765064836
0.077095058206769
0.07710100231303
0.077978789769183
0.078143314839416
0.078511423412107
0.078702974972454
0.078895463510848
0.078932828163233
0.079164027865738
0.079377678996666
0.079592486469277
0.079624173899196
0.079643198470851
0.079687624511913
0.079744816586922
0.079948832747042
0.080044825102057
0.080311609043087
0.080411707944677
0.080671184252985
0.080886516217747
0.080912695201877
0.081070125658695
0.081109579041285
0.081400081400081
0.081413335504356
0.081466395112016
0.08147967082213
0.081556090201036
0.081606006202057
0.081739414745791
0.081752779594506
0.081766148814391
0.081799591002045
0.081883316274309
0.081886668850311
0.081933633756657
0.082061381913672
0.082108547499795
0.082128777923785
0.082142270412354
0.082176021037061
0.082274054876795
0.082392683529703
0.082535490260812
0.082596844800529
0.082743783873237
0.082802020369297
0.082836315440689
0.083008217813564
0.083326389467544
0.083598060524996
0.083675006275626
0.083759108803082
0.083850410867013
0.083966581300642
0.084203435500169
0.084423807513719
0.084430935494765
0.084555870291295
0.084559445290039
0.08467400508044
0.084788875699508
0.084889643463498
0.08495094083167
0.085244224703776
0.085429926103114
0.085660442007881
0.085881140501546
0.085954959601169
0.086606330922791
0.086798021005121
0.086865879082696
0.086880973066898
0.08697921196834
0.087282883826482
0.087317179655097
0.087366765682335
0.087458457232815
0.087512032904524
0.08757334267449
0.087577177387573
0.087650100797616
0.087777046302392
0.08825346394846
0.088652482269504
0.088762648677437
0.089269773254776
0.089621796020792
0.090260853867678
0.090301607368611
0.09032607713847
0.090342397687235
0.090727635637815
0.090991810737034
0.091033227127902
0.091157702825889
0.091174325309993
0.09197093718385
0.092030185900976
0.092089511004697
0.092263689624948
0.092400092400092
0.09256687957049
0.09354536950421
0.094401963560842
0.094908176339392
0.094984802431611
0.095129375951294
0.09573042312847
0.095803793830236
0.096394833236939
0.096609023282775
0.096721152916143
0.097499146882465
0.097503900156006
0.097876088871489
0.098000784006272
0.098116169544741
0.098212531919073
0.098599881680142
0.09917191451381
0.099299935455042
0.09932459276917
0.100190361687206
0.100406646920026
0.100421771440048
0.100553041729512
0.100775975007558
0.100989699050697
0.101301727194449
0.101538305325684
0.101569244832665
0.10160536476326
0.101936799184506
0.102046022756263
0.102155480641536
0.102506278509559
0.103199174406605
0.103359173126615
0.103723680116171
0.104564228577404
0.104575163398693
0.105097214923804
0.10529640939244
0.105602196525688
0.106055785343091
0.106157112526539
0.106157112526539
0.106394297265667
0.106518960374947
0.106587081645705
0.106883283454468
0.107020547945205
0.107261611069398
0.107376785139053
0.10756157900398
0.107688994184794
0.10801468999784
0.108195834460373
0.10919414719371
0.109805644010102
0.109926349345938
0.110132158590308
0.110144289018614
0.110448420587586
0.111074086415639
0.111308993766696
0.11134617525888
0.111594688092847
0.111694404110354
0.111894371713103
0.112220850634048
0.112246043326973
0.112258643915582
0.112593593424534
0.112618953769919
0.112695103397757
0.113096584483149
0.113468739362306
0.113610543058396
0.113726828158763
0.113986093696569
0.114942528735632
0.114995400183993
0.115021854152289
0.115433452614568
0.115460108532502
0.115794349235757
0.115942028985507
0.116198001394376
0.116495806150979
0.117260787992495
0.117495006462225
0.117757889778615
0.118301194842068
0.118413262285376
0.118581762124985
0.118821292775665
0.119118522930316
0.119789171058936
0.120177863237592
0.1203514261644
0.120670930372873
0.120787534726416
0.120955548835803
0.120992135511192
0.121418164157358
0.121536217792902
0.121787845573012
0.122033070962231
0.122144863808477
0.122249388753056
0.122699386503067
0.122948300239749
0.123039064903107
0.123046634674542
0.123228589032656
0.123639960435213
0.123747061007301
0.123908060219317
0.124131082423039
0.124146492861577
0.124347177319075
0.124455507156192
0.124610591900312
0.124843945068664
0.124937531234383
0.124984376952881
0.125078173858662
0.125132953763374
0.125258345337258
0.125281884239539
0.125517760763148
0.125857403561765
0.126079556199962
0.126127262407769
0.126262626262626
0.126310471138057
0.126334407175794
0.126486213002783
0.126550240445457
0.126598303582732
0.126774847870183
0.126984126984127
0.127307447485678
0.127477850723437
0.128008192524322
0.12853470437018
0.128766417718259
0.128799587841319
0.128865979381443
0.129048909536714
0.129065565307176
0.129148908691721
0.129668049792531
0.129836406128278
0.12993762993763
0.129954515919428
0.130039011703511
0.130157490563582
0.130165961601041
0.130191381330556
0.130403599139336
0.130616509926855
0.13080444735121
0.130992926381975
0.131199160325374
0.131787032156036
0.132240148108966
0.132318888521336
0.132327643244674
0.132810943621754
0.133173525103209
0.133502436419465
0.133618385889898
0.133654103180968
0.134048257372654
0.13412017167382
0.134825401105568
0.135208220659816
0.1354096140826
0.135593220338983
0.135611608353675
0.136444262518761
0.136630687252357
0.136705399863295
0.136892539356605
0.136939404313591
0.13696753869333
0.137098985467507
0.137277781591049
0.13745704467354
0.137570504883753
0.137741046831956
0.137978613314936
0.138159712627798
0.138197899391929
0.138927479855515
0.139014387989157
0.139528394028185
0.139958012596221
0.140291806958474
0.140686550365785
0.140745953553835
0.140785583556244
0.140874832711136
0.141143260409315
0.141422712487626
0.141562853907135
0.143020594965675
0.143041052782148
0.143204926249463
0.143358899003656
0.143472022955524
0.143575017946877
0.143636885952313
0.143771116382719
0.143895244262177
0.143947027493882
0.143967751223726
0.144300144300144
0.144927536231884
0.145391102064554
0.14543339150669
0.145443967711439
0.145868280942309
0.14609203798393
0.146220207632695
0.146284376828555
0.146305779078274
0.146477222791856
0.146584579302257
0.146778218112432
0.146842878120411
0.146929180135175
0.147015583651867
0.147253718156383
0.147950880307738
0.147961825848931
0.148115233651781
0.148356946814035
0.148687829901123
0.149231457991345
0.149476831091181
0.149543891132047
0.1499700059988
0.15001500150015
0.150217815832958
0.151011778918756
0.151148730350665
0.151687523701176
0.151710536296746
0.151998784009728
0.152253349573691
0.152311324346965
0.152601861742713
0.152636800732657
0.152660102282269
0.153174542391055
0.153244962071872
0.153444836581249
0.153869826127096
0.15389350569406
0.154012012937009
0.154130702836005
0.154655119084442
0.154978690430066
0.155642023346304
0.155666251556663
0.15616459748575
0.156372165754496
0.156384392837595
0.156396621832968
0.156580286541924
0.156666144446185
0.156702969521272
0.156936597614564
0.157405949944908
0.15752993068683
0.158793171893609
0.159121648500278
0.159337157425112
0.159362549800797
0.159795461808885
0.159936025589764
0.160012801024082
0.160333493666827
0.160359204618345
0.161186331399097
0.161524794055888
0.161563938928831
0.161733786187935
0.16246953696182
0.162561976753637
0.16260162601626
0.163185378590078
0.163625951075841
0.163706310878284
0.164149704530532
0.164812525751957
0.165645188007288
0.166251039068994
0.166292508522491
0.166875260742595
0.166889185580774
0.166944908180301
0.167028561884082
0.167266036631262
0.167420056922819
0.167518217606165
0.167757087736957
0.168236877523553
0.168378514901499
0.168918918918919
0.169004563123204
0.16923337282112
0.16946280291476
0.169981302056774
0.170024653574768
0.170415814587594
0.170706725844998
0.170721297481861
0.170940170940171
0.172087420409568
0.172577444128052
0.172711571675302
0.172711571675302
0.172890733056708
0.172935581495893
0.172950536146662
0.173055291165527
0.173641257162702
0.173671413685307
0.173686495874946
0.173852573018081
0.174003828084218
0.174064403829417
0.174978127734033
0.175070028011204
0.175116014359513
0.175561797752809
0.176133861734918
0.176382397036776
0.176553672316384
0.176553672316384
0.176725280551383
0.177147918511957
0.177179305457123
0.177746178457163
0.177999288002848
0.178428048889285
0.178826895565093
0.178874877023522
0.17940437746681
0.179759122775481
0.180147721131328
0.18018018018018
0.18034265103697
0.180799132164166
0.181422351233672
0.181900864029104
0.182149362477231
0.182631723130308
0.183116645303058
0.183217295712715
0.183621006243114
0.184060371801951
0.18470631695604
0.184774575018478
0.184842883548983
0.185116623472788
0.185202333549403
0.185219485089831
0.185322461082283
0.185563184264242
0.185597624350408
0.186254423542559
0.18628912071535
0.186462800671266
0.186654223051796
0.186741363211951
0.187090739008419
0.18772292096865
0.187758167480285
0.187863986473793
0.187899285982713
0.188857412653447
0.18910741301059
0.189717321191425
0.19146084625694
0.191717791411043
0.192901234567901
0.19293845263361
0.193087468623286
0.193442305832286
0.193648334624322
0.194118217994759
0.195694716242661
0.19588638589618
0.196540880503145
0.197277569540343
0.19782393669634
0.197980597901406
0.198767640628106
0.199322304165836
0.200883889112093
0.201409869083585
0.201450443190975
0.20165355918532
0.202839756592292
0.202963263649279
0.203915171288744
0.204081632653061
0.205107168495539
0.205634382068682
0.205655526992288
0.205697829887895
0.205930807248764
0.206825232678387
0.206910821435961
0.20703933747412
0.207210940737671
0.208528829110625
0.208702911405614
0.208768267223382
0.209929673559358
0.209995800083998
0.210061968280643
0.210526315789474
0.210881484605652
0.211059518784297
0.211394144382201
0.211461196870374
0.212179079142796
0.212539851222104
0.213424394408281
0.213538330130258
0.213903743315508
0.21551724137931
0.215563699073076
0.216731686172518
0.21767522855899
0.218150087260035
0.21944261575598
0.219876868953386
0.220628792057363
0.22082367229767
0.220970058557065
0.220994475138121
0.22237046920169
0.222990299921953
0.223089793641941
0.223413762287757
0.223663609930664
0.223964165733483
0.224315836698071
0.225199864880081
0.226372382569326
0.226449275362319
0.226500566251416
0.226808800181447
0.227272727272727
0.227764491515773
0.227790432801822
0.227842333105491
0.228623685413809
0.22878059940517
0.228911525695319
0.228937728937729
0.229147571035747
0.229305205228159
0.229305205228159
0.229357798165138
0.229463056447912
0.229489386115892
0.229858636938283
0.230255583697905
0.231749710312862
0.232018561484919
0.2322340919647
0.232558139534884
0.23296447291788
0.233208955223881
0.234055002925687
0.234631628343501
0.235183443085607
0.235654530458348
0.236211172788473
0.236322816967978
0.236406619385343
0.237276070708269
0.237388724035608
0.237473284255521
0.237896990603069
0.238549618320611
0.238777459407832
0.239005736137667
0.23995200959808
0.240326844508532
0.241109101868595
0.241633442068382
0.241837968561064
0.243664717348928
0.24375380865326
0.24390243902439
0.243932186852055
0.244140625
0.244200244200244
0.244558571777941
0.245519273262951
0.245941957697983
0.246609124537608
0.246609124537608
0.246852628980499
0.246974561620153
0.247096614776378
0.247249350970454
0.247279920870425
0.247586036147561
0.247954376394743
0.24823135161971
0.248632521133764
0.248632521133764
0.24906600249066
0.249252243270189
0.249625561657514
0.250563768479078
0.250909547108267
0.250941028858218
0.251067034898318
0.251698968034231
0.252397778899546
0.252429635239177
0.252908447142135
0.253036437246964
0.253453301229248
0.254000508001016
0.25516713447308
0.258197779499096
0.258531540847983
0.258732212160414
0.25879917184265
0.259235255994815
0.259403372243839
0.260314981127164
0.260756192959583
0.261677351825199
0.261917234154007
0.263713080168776
0.264550264550265
0.264725347452018
0.266915788068864
0.267308206361935
0.267737617135207
0.267952840300107
0.268817204301075
0.269251480883145
0.269469145782808
0.269541778975741
0.270416441319632
0.270672621464339
0.2710027100271
0.272257010618023
0.272702481592582
0.272702481592582
0.272776868521549
0.273074822501365
0.273522975929978
0.273522975929978
0.274423710208562
0.275103163686382
0.276281254316895
0.276395798783858
0.276625172890733
0.277623542476402
0.277893566763929
0.278396436525612
0.278784499581823
0.278940027894003
0.280741156653565
0.280780569984557
0.282246683601468
0.282885431400283
0.282885431400283
0.283808712927487
0.284050560999858
0.284333238555587
0.285673475217826
0.285714285714286
0.286123032904149
0.286656155940949
0.287108814240597
0.287894054987764
0.28947749312491
0.289687137891078
0.28989708653428
0.291502696399942
0.291885580852306
0.292226767971946
0.292997363023733
0.293384186592343
0.293772032902468
0.294204177699323
0.294247462115639
0.294637595757219
0.295290122545401
0.295420974889217
0.295683027794205
0.295945546019532
0.297132669737038
0.297265160523187
0.297309350379069
0.297441998810232
0.298329355608592
0.29868578255675
0.299490865528601
0.299580587177951
0.300075018754689
0.300390507659958
0.301204819277108
0.301477238468496
0.301704631166088
0.301841231512224
0.302846759539673
0.303812851283609
0.303812851283609
0.30441400304414
0.30441400304414
0.304738686576261
0.305530094714329
0.306278713629403
0.306936771025169
0.30750307503075
0.308166409861325
0.308594352723345
0.309119010819165
0.309214594928881
0.309310238168883
0.311332503113325
0.311915159076731
0.312793243665937
0.313971742543171
0.314267756128221
0.314663310258024
0.315407664406245
0.315457413249211
0.315756236185665
0.315955766192733
0.317007449675067
0.317662007623888
0.317965023847377
0.31862354628007
0.318877551020408
0.319948808190689
0.320307495195388
0.320821302534488
0.322788896061975
0.324569944823109
0.326690623979092
0.330742516950554
0.332225913621262
0.332723340542339
0.333333333333333
0.334728033472803
0.335232986925913
0.335457900033546
0.337097589752233
0.337097589752233
0.337609723160027
0.337780780273602
0.337837837837838
0.3382949932341
0.339155502798033
0.340078217990138
0.342172797262618
0.344589937973811
0.346260387811634
0.346620450606586
0.346740638002774
0.346800762961678
0.347463516330785
0.348068221371389
0.348310693138279
0.348918353105373
0.349040139616056
0.349040139616056
0.349162011173184
0.349406009783368
0.350385423966363
0.352112676056338
0.352236703064459
0.353107344632768
0.353356890459364
0.353481795687522
0.353606789250354
0.354672814328782
0.354735721887194
0.355113636363636
0.355618776671408
0.356379187455453
0.356887937187723
0.356887937187723
0.357270453733476
0.357653791130186
0.358294518093873
0.358294518093873
0.358680057388809
0.358937544867193
0.359518245550962
0.361859960195404
0.361925443358668
0.364830353885443
0.364963503649635
0.367647058823529
0.367782272894446
0.367849917233769
0.369139904023625
0.372995151063036
0.373134328358209
0.373412994772218
0.374251497005988
0.375657400450789
0.376364320662401
0.377216144851
0.377358490566038
0.377643504531722
0.377786173026067
0.377928949357521
0.378286362776622
0.378644452858766
0.379650721336371
0.380372765310004
0.382336073408526
0.382409177820268
0.382555470543229
0.382995021064726
0.384172109104879
0.385356454720616
0.385579332947754
0.386398763523957
0.386922035209905
0.387221684414327
0.388651379712398
0.388651379712398
0.388878086719813
0.388953714507973
0.389483933787731
0.389939559368298
0.390015600624025
0.390167772142021
0.390777647518562
0.390930414386239
0.391849529780564
0.392464678178964
0.392927308447937
0.39424403705894
0.395100750691426
0.395961195802811
0.396825396825397
0.397535281256211
0.397772474144789
0.398883127243718
0.40048057669203
0.400560785099139
0.400801603206413
0.401606425702811
0.401767778224186
0.404940271309982
0.405022276225192
0.406669377795852
0.408163265306122
0.408830744071954
0.411522633744856
0.41262636682484
0.414250207125104
0.414593698175788
0.4149377593361
0.415800415800416
0.41649312786339
0.41649312786339
0.417188151856487
0.417362270450751
0.417536534446764
0.417710944026733
0.418585182084554
0.419639110365086
0.420521446593776
0.424268137462876
0.424268137462876
0.424448217317487
0.425350914504466
0.426621160409556
0.427259132663961
0.427533133817871
0.427899015832263
0.429000429000429
0.4293688278231
0.429922613929493
0.432152117545376
0.433275563258232
0.434404865334492
0.434971726837756
0.434971726837756
0.434971726837756
0.434971726837756
0.435445242760723
0.435729847494553
0.437732545414752
0.438404208680403
0.43859649122807
0.440140845070423
0.441696113074205
0.442086648983201
0.443458980044346
0.443655723158829
0.443951165371809
0.445037828215398
0.447027268663388
0.449034575662326
0.449034575662326
0.450856627592426
0.451263537906137
0.452796015395064
0.452898550724638
0.453103760761214
0.453309156844968
0.45662100456621
0.457247370827618
0.457247370827618
0.45766590389016
0.458295142071494
0.458715596330275
0.459453250631748
0.461041954817888
0.461254612546125
0.461680517082179
0.463606861381548
0.464900046490005
0.465983224603914
0.466744457409568
0.467289719626168
0.469153178512784
0.470145745181006
0.474158368895211
0.475059382422803
0.475737392959087
0.477668975400048
0.477783086478739
0.478011472275335
0.478697941598851
0.478812544888676
0.479271507308891
0.480769230769231
0.481463649494463
0.482392667631452
0.48344210780759
0.48390999274135
0.484027105517909
0.485201358563804
0.486026731470231
0.486854917234664
0.487567040468064
0.488519785051295
0.488878024932779
0.488997555012225
0.489236790606654
0.489356496207487
0.490196078431372
0.490196078431372
0.490918016691213
0.491159135559921
0.491883915395967
0.492853622474125
0.493583415597236
0.493827160493827
0.495294700346706
0.497512437810945
0.498753117206983
0.499001996007984
0.5
0.500125031257814
0.500751126690035
0.50314465408805
0.503524672708963
0.505050505050505
0.505305709954522
0.505561172901921
0.506072874493927
0.507743082000508
0.508001016002032
0.508388408744281
0.509164969450102
0.509424350483953
0.510594842992086
0.510855683269476
0.512295081967213
0.514800514800515
0.515331100231899
0.516795865633075
0.516929439131559
0.520291363163371
0.520833333333333
0.521376433785193
0.522193211488251
0.522466039707419
0.523149359142035
0.523423187647213
0.523971705527902
0.524383848977451
0.526592943654555
0.528262017960909
0.529240539825351
0.52952078369076
0.529661016949153
0.530503978779841
0.531208499335989
0.533617929562433
0.53633681952266
0.536480686695279
0.537345513164965
0.539519827353655
0.539665407447383
0.540686672073533
0.540832882639264
0.542005420054201
0.542593597395551
0.542740841248304
0.542740841248304
0.547045951859956
0.548245614035088
0.54839594187003
0.54839594187003
0.549148819330038
0.550206327372765
0.552791597567717
0.555555555555556
0.557413600891862
0.557880055788006
0.558971492453885
0.563063063063063
0.564334085778781
0.564971751412429
0.564971751412429
0.566411781365052
0.567054153671676
0.567214974475326
0.568343279340722
0.568504832291074
0.5720823798627
0.5720823798627
0.573558933180384
0.574052812858783
0.575043128234618
0.576867608883761
0.580046403712297
0.580720092915215
0.581226387678001
0.582750582750583
0.58411214953271
0.58411214953271
0.586510263929619
0.588928150765607
0.589622641509434
0.590667454223272
0.593647966755714
0.595238095238095
0.595415302173266
0.598086124401914
0.598444045481747
0.600240096038415
0.604777744179014
0.605143721633888
0.605693519079346
0.605877006967585
0.606796116504854
0.609013398294763
0.615006150061501
0.616142945163278
0.616712920135677
0.622277535780958
0.622277535780958
0.629326620516048
0.634517766497462
0.639386189258312
0.639386189258312
0.641025641025641
0.641848523748395
0.645994832041344
0.647458724506313
0.647668393782383
0.651465798045603
0.6521030322791
0.6538084341288
0.656383327863472
0.664451827242525
0.664451827242525
0.666444518493835
0.668449197860963
0.67272115708039
0.678886625933469
0.683526999316473
0.683994528043776
0.687521485046408
0.687994496044032
0.687994496044032
0.688231245698555
0.693000693000693
0.69468565474123
0.702740688685875
0.707463742483198
0.715819613457409
0.724900326205147
0.741289844329133
0.749344323716748
0.753579502637528
0.76219512195122
0.764233855559801
0.765696784073507
0.766871165644172
0.768344218209758
0.774893452150329
0.78125
0.793650793650794
0.79428117553614
0.808080808080808
0.811688311688312
0.820008200082001
0.820008200082001
0.823723228995058
0.824402308326463
0.829187396351575
0.841396718552798
0.849617672047578
0.855066267635742
0.860585197934596
0.871839581517001
0.88261253309797
0.884173297966401
0.886524822695036
0.890471950133571
0.896860986547085
0.900900900900901
0.912408759124088
0.91491308325709
0.91743119266055
0.91869545245751
0.944733112895607
0.946969696969697
0.958772770853308
0.960614793467819
0.961076405574243
0.983284169124877
0.992063492063492
0.998003992015968
1.03199174406605
1.04493207941484
1.06269925611052
1.06837606837607
1.32100396301189
1.53609831029186
1.54320987654321
1.64744645799012
1.64744645799012
1.84842883548983
1.85873605947955
2.27272727272727
2.44498777506112
2.52525252525252
2.52525252525252
2.58064516129032
2.64550264550265
2.65957446808511
2.8169014084507
2.93255131964809
2.98507462686567
3.03030303030303
3.07219662058372
3.17460317460317
3.18979266347687
3.23624595469256
3.2520325203252
3.26797385620915
3.38983050847458
3.40715502555366
3.41296928327645
3.45423143350604
3.47222222222222
3.52112676056338
3.5650623885918
3.57142857142857
3.6231884057971
3.6231884057971
3.64963503649635
3.74531835205992
3.76647834274953
3.78787878787879
3.80952380952381
3.90625
3.92156862745098
3.93700787401575
3.99201596806387
4.00801603206413
4.04858299595142
4.07331975560081
4.08163265306122
4.149377593361
4.15800415800416
4.15800415800416
4.17536534446764
4.17536534446764
4.19287211740042
4.25531914893617
4.25531914893617
4.26439232409382
4.36681222707424
4.42477876106195
4.43458980044346
4.50450450450451
4.60829493087558
4.65116279069768
4.69483568075117
4.78468899521531
4.85436893203883
4.87804878048781
4.90196078431373
4.93827160493827
4.97512437810945
4.97512437810945
5
5.20833333333333
5.26315789473684
5.46448087431694
5.68181818181818
5.71428571428571
5.81395348837209
5.81395348837209
5.84795321637427
6.36942675159236
6.36942675159236
6.41025641025641
6.41025641025641
6.41025641025641
6.55737704918033
6.6006600660066
6.62251655629139
6.66666666666667
6.80272108843537
6.80272108843537
7.04225352112676
7.06713780918728
7.09219858156028
7.19424460431655
7.2463768115942
7.2463768115942
7.5187969924812
7.57575757575758
7.8125
7.8125
7.8740157480315
7.8740157480315
7.8740157480315
7.93650793650794
8
8
8.06451612903226
8.13008130081301
8.13008130081301
8.13008130081301
8.19672131147541
8.29875518672199
8.33333333333333
8.40336134453782
8.40336134453782
8.47457627118644
8.62068965517241
8.62068965517241
8.62068965517241
8.69565217391304
8.7719298245614
8.88888888888889
8.92857142857143
9.00900900900901
9.00900900900901
9.09090909090909
9.09090909090909
9.09090909090909
9.09090909090909
9.1324200913242
9.1743119266055
9.1743119266055
9.1743119266055
9.21658986175115
9.25925925925926
9.25925925925926
9.34579439252336
9.38967136150235
9.52380952380952
9.52380952380952
9.52380952380952
9.56937799043062
9.61538461538462
9.66183574879227
9.70873786407767
9.75609756097561
9.80392156862745
9.80392156862745
9.85221674876847
9.9009900990099
9.9009900990099
9.9009900990099
10
10
10
10.0502512562814
10.1010101010101
10.1010101010101
10.2040816326531
10.2040816326531
10.2040816326531
10.2040816326531
10.5263157894737
10.5263157894737
10.5263157894737
10.5820105820106
10.5820105820106
10.6382978723404
10.6382978723404
10.6382978723404
10.6951871657754
10.752688172043
10.8108108108108
10.8695652173913
10.989010989011
11.0497237569061
11.0497237569061
11.2359550561798
11.2359550561798
11.2359550561798
11.2359550561798
11.3636363636364
11.4285714285714
11.5606936416185
11.5606936416185
11.5606936416185
11.6279069767442
11.6959064327485
11.7647058823529
11.7647058823529
11.7647058823529
11.7647058823529
11.8343195266272
11.9047619047619
11.9047619047619
11.9760479041916
11.9760479041916
12.0481927710843
12.0481927710843
12.0481927710843
12.1951219512195
12.1951219512195
12.1951219512195
12.2699386503068
12.3456790123457
12.4223602484472
12.4223602484472
12.5
12.5
12.5
12.5786163522013
12.8205128205128
12.8205128205128
12.8205128205128
12.987012987013
12.987012987013
13.0718954248366
13.0718954248366
13.1578947368421
13.1578947368421
13.2450331125828
13.3333333333333
13.3333333333333
13.3333333333333
13.5135135135135
13.5135135135135
13.6986301369863
13.6986301369863
13.8888888888889
13.8888888888889
13.8888888888889
14.0845070422535
14.0845070422535
14.1843971631206
14.2857142857143
14.2857142857143
14.4927536231884
14.4927536231884
14.4927536231884
14.5985401459854
14.7058823529412
14.7058823529412
14.7058823529412
14.7058823529412
14.7058823529412
14.8148148148148
14.8148148148148
14.9253731343284
15.1515151515152
15.2671755725191
15.3846153846154
15.3846153846154
15.3846153846154
15.625
15.625
15.748031496063
15.748031496063
15.748031496063
15.8730158730159
15.8730158730159
16
16
16
16.1290322580645
16.1290322580645
16.3934426229508
16.3934426229508
16.5289256198347
16.5289256198347
16.6666666666667
16.6666666666667
16.8067226890756
16.8067226890756
16.9491525423729
16.9491525423729
16.9491525423729
16.9491525423729
17.0940170940171
17.2413793103448
17.2413793103448
17.3913043478261
17.3913043478261
17.5438596491228
17.5438596491228
17.5438596491228
17.8571428571429
18.1818181818182
18.1818181818182
18.5185185185185
18.5185185185185
18.5185185185185
18.5185185185185
18.6915887850467
18.6915887850467
18.6915887850467
18.6915887850467
18.8679245283019
19.0476190476191
19.0476190476191
19.2307692307692
19.2307692307692
19.2307692307692
19.4174757281553
19.4174757281553
19.6078431372549
19.6078431372549
19.6078431372549
19.8019801980198
19.8019801980198
20
20
20.2020202020202
20.2020202020202
20.4081632653061
20.4081632653061
20.4081632653061
20.8333333333333
20.8333333333333
21.2765957446808
21.2765957446808
21.2765957446808
21.505376344086
21.505376344086
21.7391304347826
21.7391304347826
21.7391304347826
21.978021978022
21.978021978022
21.978021978022
21.978021978022
22.4719101123595
22.4719101123595
22.7272727272727
22.7272727272727
22.7272727272727
22.7272727272727
22.9885057471264
22.9885057471264
23.2558139534884
23.2558139534884
23.2558139534884
23.2558139534884
23.2558139534884
23.5294117647059
23.8095238095238
23.8095238095238
24.0963855421687
24.6913580246914
25
25.3164556962025
25.6410256410256
26.3157894736842
26.3157894736842
26.6666666666667
27.027027027027
27.027027027027
27.027027027027
27.027027027027
27.3972602739726
27.7777777777778
27.7777777777778
28.169014084507
28.169014084507
28.5714285714286
28.5714285714286
30.3030303030303
30.3030303030303
31.7460317460317
32.258064516129
32.258064516129
33.3333333333333
33.3333333333333
33.3333333333333
33.3333333333333
33.8983050847458
33.8983050847458
34.4827586206897
35.7142857142857
35.7142857142857
36.3636363636364
36.3636363636364
37.037037037037
37.037037037037
37.037037037037
37.037037037037
37.037037037037
37.037037037037
37.7358490566038
37.7358490566038
37.7358490566038
38.4615384615385
38.4615384615385
38.4615384615385
39.2156862745098
40
40
40
40
40.8163265306122
41.6666666666667
42.5531914893617
43.4782608695652
43.4782608695652
43.4782608695652
44.4444444444444
45.4545454545455
45.4545454545455
46.5116279069768
47.6190476190476
47.6190476190476
47.6190476190476
47.6190476190476
47.6190476190476
47.6190476190476
47.6190476190476
48.7804878048781
48.7804878048781
48.7804878048781
50
50
50
52.6315789473684
52.6315789473684
52.6315789473684
52.6315789473684
54.0540540540541
55.5555555555556
55.5555555555556
55.5555555555556
55.5555555555556
57.1428571428571
57.1428571428571
58.8235294117647
58.8235294117647
60.6060606060606
62.5
62.5
62.5
62.5
62.5
62.5
62.5
62.5
62.5
64.5161290322581
66.6666666666667
66.6666666666667
68.9655172413793
68.9655172413793
71.4285714285714
71.4285714285714
74.0740740740741
74.0740740740741
76.9230769230769
76.9230769230769
76.9230769230769
76.9230769230769
80
80
80
80
83.3333333333333
83.3333333333333
83.3333333333333
83.3333333333333
83.3333333333333
83.3333333333333
83.3333333333333
83.3333333333333
83.3333333333333
86.9565217391304
86.9565217391304
86.9565217391304
90.9090909090909
90.9090909090909
90.9090909090909
90.9090909090909
90.9090909090909
90.9090909090909
90.9090909090909
90.9090909090909
90.9090909090909
90.9090909090909
90.9090909090909
95.2380952380952
95.2380952380952
100
100
100
100
100
105.263157894737
105.263157894737
105.263157894737
111.111111111111
111.111111111111
111.111111111111
111.111111111111
111.111111111111
111.111111111111
111.111111111111
111.111111111111
111.111111111111
111.111111111111
111.111111111111
111.111111111111
111.111111111111
111.111111111111
111.111111111111
111.111111111111
111.111111111111
117.647058823529
117.647058823529
117.647058823529
117.647058823529
117.647058823529
117.647058823529
117.647058823529
117.647058823529
117.647058823529
117.647058823529
117.647058823529
117.647058823529
117.647058823529
125
125
125
125
125
125
125
125
125
125
133.333333333333
133.333333333333
133.333333333333
133.333333333333
133.333333333333
133.333333333333
133.333333333333
133.333333333333
133.333333333333
133.333333333333
133.333333333333
133.333333333333
133.333333333333
142.857142857143
142.857142857143
142.857142857143
142.857142857143
142.857142857143
142.857142857143
142.857142857143
142.857142857143
142.857142857143
142.857142857143
142.857142857143
142.857142857143
142.857142857143
142.857142857143
142.857142857143
142.857142857143
142.857142857143
142.857142857143
142.857142857143
153.846153846154
153.846153846154
153.846153846154
153.846153846154
153.846153846154
153.846153846154
153.846153846154
153.846153846154
153.846153846154
166.666666666667
166.666666666667
166.666666666667
166.666666666667
166.666666666667
166.666666666667
166.666666666667
166.666666666667
166.666666666667
166.666666666667
166.666666666667
166.666666666667
166.666666666667
166.666666666667
166.666666666667
166.666666666667
166.666666666667
166.666666666667
166.666666666667
166.666666666667
166.666666666667
166.666666666667
166.666666666667
166.666666666667
166.666666666667
166.666666666667
166.666666666667
166.666666666667
166.666666666667
166.666666666667
166.666666666667
166.666666666667
166.666666666667
166.666666666667
166.666666666667
166.666666666667
181.818181818182
181.818181818182
181.818181818182
181.818181818182
181.818181818182
181.818181818182
181.818181818182
181.818181818182
181.818181818182
181.818181818182
181.818181818182
181.818181818182
181.818181818182
200
200
200
200
200
200
200
200
200
200
200
200
200
200
200
200
200
200
200
200
200
200
200
200
200
200
200
200
200
200
200
200
200
200
200
200
200
200
200
200
200
200
200
200
200
200
200
200
200
200
200
200
200
200
200
200
200
200
200
200
222.222222222222
222.222222222222
222.222222222222
222.222222222222
222.222222222222
222.222222222222
222.222222222222
222.222222222222
222.222222222222
222.222222222222
222.222222222222
222.222222222222
222.222222222222
222.222222222222
222.222222222222
222.222222222222
222.222222222222
222.222222222222
222.222222222222
222.222222222222
222.222222222222
222.222222222222
222.222222222222
222.222222222222
222.222222222222
222.222222222222
222.222222222222
222.222222222222
222.222222222222
222.222222222222
222.222222222222
222.222222222222
222.222222222222
250
250
250
250
250
250
250
250
250
250
250
250
250
250
250
250
250
250
250
250
250
250
250
250
250
250
250
250
250
250
250
250
250
250
250
250
250
250
250
250
250
250
250
250
250
250
250
250
250
250
250
250
250
250
250
250
250
250
250
250
250
250
250
250
250
250
250
250
250
250
250
250
250
250
250
250
250
250
250
250
250
250
250
250
250
250
250
250
250
250
250
250
250
250
250
250
250
250
250
250
285.714285714286
285.714285714286
285.714285714286
285.714285714286
285.714285714286
333.333333333333
333.333333333333
333.333333333333
333.333333333333
333.333333333333
333.333333333333
333.333333333333
333.333333333333
333.333333333333
25.1013916375141
