o
103.448275862069
5
0.501378791677112
86.9565217391304
6.96864111498258
1.58856235107228
1.02933607822954
2.94985250737463
7.2202166064982
181.818181818182
0.016016400794414
0.141476066965338
0.707714083510262
50.8474576271186
4.95867768595041
1.83150183150183
35.7142857142857
8.40336134453782
0.062079668908433
0.767459708365311
166.666666666667
7.61421319796954
150
0.236053190652294
0
76.9230769230769
142.857142857143
1.10823790173624
142.857142857143
0.134174158057158
0.048473097430926
0.69492703266157
153.846153846154
0.588062334607468
1.42045454545455
0.366300366300366
2.35849056603774
0.843170320404722
1.14942528735632
64.5161290322581
1.7636684303351
3.38409475465313
0
0
0
0
0
0
2.07612456747405
78.9473684210526
83.3333333333333
153.846153846154
2.41545893719807
166.666666666667
0.133111480865225
0.051332067142344
1.08420672208168
150
0.603257590991353
1.38185168125288
0.302206104563312
2.26073850791258
0.913798355162961
1.13722517058378
75
1.70551449687322
3.17124735729387
0
0
0
0
0
0
2.2075055187638
68.9655172413793
63.8297872340426
166.666666666667
1.49700598802395
142.857142857143
0.136724090784796
0.054764512595838
0.800961153384061
153.846153846154
0.506713959969597
1.48038490007402
0.359453630481668
2.21238938053097
0.837871805613741
1.11982082866741
66.6666666666667
1.58478605388273
3.06278713629403
0
0
0
0
0
0
1.39925373134328
85.7142857142857
90.9090909090909
142.857142857143
2.39520958083832
153.846153846154
0.123670541676973
0.050420168067227
1.0006671114076
130.434782608696
0.603257590991353
1.39082058414465
0.294117647058823
2.37341772151899
1.16550116550117
1.08538350217077
63.8297872340426
1.63132137030995
3.21888412017167
0
0
0
0
0
0
2.09424083769633
86.9565217391304
111.111111111111
5.10204081632653
0.519885625162464
83.3333333333333
7.35294117647059
1.66666666666667
1.96463654223969
3.01204819277108
8.06451612903226
181.818181818182
0.015416238437821
0.139593318133172
0.746083063914449
58.8235294117647
4.91803278688525
3.94736842105263
35.2941176470588
8.87573964497041
0.060097357719506
0.70044361428905
130.434782608696
8.08625336927224
150
0.225665713855875
0
120
4.90998363338789
0.462748727440999
81.0810810810811
7.38916256157635
1.67597765363129
1.90234622701332
2.9126213592233
7.85340314136126
176.470588235294
0.016754909188392
0.141090156610074
0.533902829684997
66.6666666666667
5.18134715025907
4.10958904109589
37.5
8.15217391304348
0.065051933126613
0.720634158059092
153.846153846154
8.26446280991736
142.857142857143
0.279485746226942
0
120
5.73613766730402
0.431530494821634
83.3333333333333
2.81954887218045
1.24326564442603
1.83823529411765
2.94985250737463
7.04225352112676
157.894736842105
0.015011483785096
0.153444836581249
0.681818181818182
65.2173913043478
5.39568345323741
4.3731778425656
44.7761194029851
9.3167701863354
0.062479173608797
0.713436385255648
153.846153846154
7.09219858156028
90.9090909090909
0.274838532362237
0
30.0136252263371
