o
0.0972668
0
0
0
16.9492
0.0373288
0
0.00652231
0
0
0
0.0357475
0.22007
0.113585
0.0240767
19.2308
0.0264901
0
0.0258298
0.0278319
0.0781494
0
3.64964
0
0.0246111
58.8235
4.9505
250
100
0.0521241
0
0
0.0124387
0.071398
0.117014
0.00840301
0
0
0.0123953
0.0070923
0.0105225
4
0
0
0
0.035685
0
0.00671087
0
0
0
0.0320523
0.417711
0.1294
0.0252532
17.5439
0.026372
0
0.0170256
0.0335796
0.0779059
0
7.14286
0
0.0231492
0.166251
0.0519696
0.0368067
0.0433351
0
0
0.0119106
0.0347596
0.0379824
0.00806224
0
0
0.0139844
0.00608376
0.0116919
0.0540394
0
0
0
0
10.101
0.022301
0
0.00651512
0
0.016608
0
250
0.768049
250
0.0248948
0.030525
0.0163988
0
1.24224
0.0531491
0.0765521
0
0.0472367
0
0.0185839
0.102197
3.07692
83.3333
250
0.0469087
0
0
0.00978177
0.0600781
0.0215587
0.00991277
0
0
0.0132144
0.00641034
0.0113164
3.367
0
0
29.4118
0.0357424
0
0.00667165
0
0.0121736
0
0.186811
0.825764
200
0.0293608
25
0.0276748
0
0.0203095
0.0341157
0.0815062
0
5
0
0.0231583
0.13887
0.0521485
0.0367269
0.097229
0.0419657
0
0
0.0100642
0.0356354
0.081248
0.00865636
0
0
0.0134034
0.00656409
0.0108091
0.104319
0
0
0
0
0.0072759
0
0.015345
0
0.0293936
0.218245
0.114129
0.0250219
12.6582
0.0256437
0
0.016198
0.0414525
0.0820546
0
4.87805
0
0.0239975
0.107354
0.0521458
0.0367242
0.0971157
0.0408647
0
0
0.0104771
0.0365457
0.0379925
0.00812922
0
0
0.013427
0.0058237
0.00904986
0.14892
0
0
0
0
0.00722345
0
0.0170187
0
0.431034
0.117744
0.0584146
0.0202454
13.1579
0.0280552
0
0.0296252
0.0154223
0.083682
0
3.84615
0
0.0233945
0.0691754
0.0520806
0.0367471
0.0971912
0.0415541
0
0
0.0126339
0.0244864
0.0278149
0.00894398
0
0
0.0117577
0.00660594
0.00953662
0.350263
0
0
0
0
0.0557072
0.0131575
0.00958957
0.00616671
0.0123899
0
250
0.745712
76.9231
0.0279705
10.101
0.02696
0
0.103595
0.0421408
0.0800833
0
5.68182
0
0.0128761
0.0494438
0.213538
0.137874
0.132732
0.0522439
0
0
0.0112193
0.306091
1.53139
0.0106544
0
0
0.0132151
0.00697691
0.00906199
0.0525403
0
0
0
0
0.0558784
0.013195
0.00948821
0.00586497
0.0176109
0
142.857
0.815661
76.9231
0.029268
16.6667
0.0261623
0
0.0880514
0.0442635
0.0594601
0
5.52486
0
0.0154433
0.956938
0.0411489
0.0556731
0.219202
0.0361441
0
0
0.0117485
0.103423
1.55763
0.010674
0
0
0.0095949
0.00702129
0.010085
0.0327901
0
0
0
0
0.0828157
0.0100772
0
0.0484919
0.0198815
0
0
100
0.928505
333.333
0.0432152
35.7143
0.0368732
0
0.0217585
0.0269208
0.0903587
0
6.57895
0
0.0160906
0.0579475
0.0864379
0.317662
0.907441
0.0343749
0
0
0.0136649
1.39665
200
0.0105199
0
0
0.00825621
0.0070057
0.010219
0.0507048
0
0
0
0
0.032987
0.0139251
0
7.87402
0.0222361
0
0.00675895
0
1.05597
333.333
0.0419129
32.2581
0.0361389
0
0
0.0353982
0.0945537
0
5.55556
0
0.0176785
0.221141
0.0594212
0.0887233
0.310945
0.046215
0
0
0.0140048
1.52439
90.9091
0.0108068
0
0
0.0105479
0.00723139
0.012022
0.0493852
0
0
0
0
0.0196661
0.0112869
0
0.0317028
0.0139616
0
0.00639955
0
0.980392
250
0.0405433
8.92857
0.0380156
0
0
0.0354459
0.0929627
0
3.34448
0
0.0174441
0.0497512
0.0864753
0.31746
0.907441
0.0364884
0
0
0.012133
1.4771
200
0.0106415
0
0
0.0142633
0.00693472
0.0097995
3.46021
0
0
0
0
0.0196754
0.0115564
0
0.0298143
0.013836
0
0.00643306
0
125
0.0412541
18.5185
0.0367661
0
0.0367918
0.0182389
0.0895335
0
7.04225
0
0.0160416
0.783699
0.0591506
0.0887469
0.310945
0.0472746
0
0
0.0109572
1.5748
111.111
0.0104814
0
0
0.0146111
0.00706434
0.0109978
3.14465
0
0
0
0
0.101916
0.0110273
0
0.0706065
0.0185815
0
0.00715461
0.022312
0
142.857
0.86881
250
0.0267709
0.0339755
0.0247415
0
0.978474
0.0488974
0.0618009
0
0.0215234
0
0.0201005
250
7.0922
71.4286
38.4615
0.0424286
0
0
0.00772965
0.130276
142.857
0.0109632
0
0
0.0140398
0.00722643
0.0106392
2.44499
0
0
0
0
0.0623752
0.0129287
0
6.53595
0.0213652
0.00713491
0.0220284
0
142.857
0.931099
250
0.0268803
0.0348371
0.0246221
0
0.275406
0.0521241
0.027549
0
0.0327482
0
0.0225246
250
6.09756
125
55.5556
0.0454194
0
0
0.0138945
0.210659
200
0.0106586
0
0
0.01369
0.00722836
0.0115592
0.020191
0
0
0
0
0.032282
0.0123445
0
0.0369686
0.0197048
0.0243694
0
333.333
1.16414
9.34579
0.0364153
28.5714
0.0361285
0
0.083382
0.0345125
0.0865426
0
6.62252
0
0.0110261
2.60417
0.10853
0.101194
0.186881
0.0518888
0
0
0.00886666
0.0924642
0.0883002
0.0080933
0
0
0.0140148
0.00717252
0.00952935
2.87356
0
0
0
0
0.108932
0.012553
0
0.0498355
0.0188907
0
0.0247353
0
250
0.894454
250
0.0359544
29.4118
0.0356341
0
0.0427405
0.0357436
0.0818934
0
4.20168
0
0
0.0567988
0.0861846
0.320102
0.915751
0.0361781
0
0
0.0137474
1.63132
66.6667
0.0101823
0
0
0.00981576
0.00720046
0.0120327
0.0427625
0
0
0
0
27.7778
0.0130086
0
8.92857
0.0203153
0
0.00689294
0
0.0155761
0
0.0983671
0.0701656
0.186811
0.0257985
10.8696
0.0252659
0
0.0280867
0.02405
0.0681942
0.365764
0
0.0183358
0.104037
0.114103
0.101554
0.132083
0.027555
0
0
1.5015
166.667
0.0101936
0
0
0.0176019
5.34759
0
0
0
0
7.24638
0.0131227
0
8.13008
0.0216169
0
0.00663953
0
0.0150507
0
25
0.429923
250
0.0268694
0.0769053
0.0226398
0
0.062692
0.0364857
0.0214731
0.0442439
0
0.0149506
0.0818398
0.0740192
0.117454
0.115554
0.0300481
0
0
1.43678
250
0.0100259
0
0
0.0171913
4.1841
0
0
0
0
50
0.013575
0
0.452284
0.022485
0
0
0
0.01136
0
1.12233
0.892857
333.333
0.0264313
0.0802311
0.0225616
0
0.0637105
0.0358012
0.0162406
0
0.0375178
0
0.0175073
0.398406
0.0738825
0.117813
0.115594
0.0306918
0
0
1.49254
71.4286
0.0105189
0
0
5.40541
0
0
0
0
15.625
0.0140414
0
0.21322
0.0236961
0
0
0
0.01091
0
0.0538097
0.102659
13.6986
0.0267974
0.886525
0.0192541
0
0.984252
0.0485484
0.0280828
0.041724
0
0.0142213
0.0475941
0.0962742
0.0754717
0.115821
0.0331444
0
0
1.30719
200
0.00994629
0
0
7.87402
0
0
0
0
22.2222
0.0131659
0
8.92857
0.0222653
0
0.0067974
0
0.0142994
0
0.0914578
0.0708416
0.182149
0.0261219
6.75676
0.0258639
0
0.0459538
0.0174444
0.032514
3.38983
0
0.0160632
0.0801154
0.0824402
0.0580552
0.0389408
0.0410711
0
0
1.5873
250
0.010001
0
0
0.0219255
0.0098706
0.0132335
0.127763
0
0
0
0.305623
0.0135102
0
0.0167163
0.0214892
0
0.00629632
0
0.0131461
0.0581666
0.111582
333.333
0.0262653
0.0325733
0.0198397
0
0.044082
0.0347947
0.0332491
0
0
0.0132596
0.0382307
0.0851644
0.188359
0.0811754
0.0451855
0
0
0.0447087
0.0653979
0.00840633
0
0
0.0213607
0.0096568
0.0134365
0.0356506
0
0
0
0.0258451
0.0130644
0
0.0440606
0.0144523
0
0.00689907
0
0.0139024
0.0234434
0.0561419
0.0592979
0.0230351
0.0300147
0.01924
0
0.0471365
0.0341472
0.0346368
0
0
0.00945457
1.17096
0.0796178
250
142.857
0.0420221
0
0
0.0489932
0.0652529
0.00851216
0
0
0.0106516
0.0156067
7.46269
0
0
0
4.34783
0.00934187
0
10.8696
0.0213374
0
0.00585278
0
0.0168245
0.0492174
0.0261869
0.0180695
0.0181775
0.0687238
0.0151586
0
0.0314653
0.0300942
0
0.039265
0
0.0161441
0.0436205
0.0570646
0.0880824
0.183284
0.0286582
0
0
0.0451304
0.0664055
0.00841822
0
0
0.0100581
0.0158624
3.80228
0
0
0
62.5
0.0194651
0
0
0.0200473
0
0.00556725
0
0.0115721
0
333.333
0.829187
55.5556
0.0295212
0.0637471
0.0203737
0
0.772798
0.0227345
0.0511561
0
0.108589
0
0.0086037
0.233536
0.106895
0.07818
0.0393623
0.0277077
0
0
0.0116482
1.2987
200
0.0102718
0
0
0.0141737
0.00695899
0
0
0.0200993
0
3.48432
0.0150026
0
0.00676274
0
0.0151174
0
0.0274153
0.0522193
0.0917431
0.0236821
15.1515
0.0275421
0
0.310849
0.0269542
0.0315557
0
0.045529
0
0.0111119
0.0336033
0.145455
250
333.333
0.046594
0
0
0.011707
0.0270709
0.0274296
0.00795096
0
0
0.0141507
0.00685796
0
0
0.019673
0
0
0.0201029
0
0.00560821
0
0.0113366
0
250
0.804505
250
0.0258358
0.095511
0.0207866
0
0.17507
0.0345949
0.0264908
0
1.44509
0
0.0111401
250
5.20833
90.9091
200
0.0459622
0
0
0.0145484
0.106758
0.122865
0.00904912
0
0
0.0117565
0.00657484
0
0
0
10.4167
0.023161
0
0.00625098
0
0.0142056
0
0.0426694
0.0401477
0.0219669
0.0231691
8.84956
0.0234417
0
0.320718
0.0266674
0.0315976
0
0.0458863
0
0.0182392
0.0214105
0.057468
1.25945
0.148677
0.0472992
0
0
0.0138546
0.0269957
0.0530673
0.00857155
0
0
0.0125995
0.00703992
0
0
0
20.4082
0.0141691
0
0.18379
0.0237248
0
0
0
0.0163119
0
0.0561956
0.101916
66.6667
0.0278002
0.0647165
0.0224815
0
0.0637959
0.0375869
0.0212481
0
4.4843
0
0.0143256
0.0460723
0.0961723
0.0755801
0.115835
0.0316676
0
0
1.51745
200
0.010484
0
0
0
0
0
0
19.2308
0.0140536
0
0.0830841
0.0200517
0
0.00572836
0
0.0123458
0
125
0.763942
100
0.0266141
0.0964785
0.0208581
0
0.410004
0.0301559
0.0327751
0
0.110436
0
0.0101305
333.333
5.98802
166.667
250
0.0486287
0
0
0.0133901
0
0.0525127
0.00860763
0
0
0.0131251
0.00693987
0
0
0
20.4082
0.014025
0
11.3636
0.0213101
0
0.0064645
0
0.00824613
0
111.111
0.863558
90.9091
0.0265146
26.3158
0.0175389
0
0.073888
0.0221587
0.011655
0
0.0856531
0
0.0218022
0.0204253
0.0357117
0.0517143
0.109445
0.0269107
0
0
0.0916338
200
0.00968326
0
0
0
0
71.4286
0.0194556
0
0.0220604
0.0195542
0
0
0
0.00983681
0
250
0.900901
333.333
0.0259612
0.0256075
0.0183966
0
0.230468
0.0250432
0.0237795
0
0.144718
0
0.0148262
0.0306824
0.075375
0.022779
0.0841468
0.0443951
0
0
0.0115109
1.53374
166.667
0.00983923
0
0
0.0125089
0
0
0
29.4118
0.0131903
0
0.291715
0.0240906
0
0.00612078
0
0.016637
0
0.0683574
0.048391
0.11956
0.0214234
0.0996413
0.0265308
0
1.21507
0
125
7.19424
166.667
250
0.0739809
0
0
0.0142017
1.66945
200
0.0108075
0
0
0.0104744
0.00712992
0.0102268
0.301114
0
0
0
0
20
0.0129044
0
9.09091
0.0230484
0
0.00638566
0
0.0164476
0
0.0767636
0.0479294
0.0529521
0.0191461
0.0658068
0.0230755
0
45.4545
166.667
142.857
0.0809454
0
0
0.00990374
1.77305
40
0.0107745
0
0
0.00961982
0.00703849
0.00942285
0.087184
0
0
0
0
20.4082
0.0131316
0
0.0720305
0.0162504
0
0.00674504
0
0.013062
0
0.426257
0.134174
250
0.026688
0.247097
0.0250407
0
15.1515
166.667
100
0.0789391
0
0
0.0122894
1.76056
71.4286
0.0107408
0
0
0.00907021
0.00643807
0.0100894
0.0597479
0
0
0
0
14.7059
0.0132945
0
5.52486
0.0210766
0
0.00708652
0
0.0128404
0
0.0405959
0.250627
0.0806582
0.0239046
15.873
0.0259592
0
100
200
0.0784437
0
0
0.012177
1.66389
166.667
0.0107935
0
0
0.0101156
0.00688682
0.0113876
0.0422333
0
0
0
0
23.2558
0.0126026
0
0.057501
0.0192868
0
0.00701366
0
0
0
0
0.0231321
0.14988
0.045405
0.0404547
0.0863931
0.0359402
0
0
0.0110535
1.14679
250
0.00988367
0
0
0.0121299
0.00668543
0.00991208
0.0652656
0
0
0
0
32.2581
0.0129241
0
0.0406355
0.0149267
0
0.00611352
0
0.013402
0
200
0.819672
76.9231
0.0246421
0.167842
0.0258164
0
0.034323
8
10.5263
125
250
0.0597764
0
0
0.00956965
1.49031
250
0.010097
0
0
0.0115746
0
0.00931203
3.1348
0
0
0
0
20
0.0127429
0
0.0415231
0.0160267
0
0.00678279
0
0.0129282
0
0.639795
0.134192
250
0.0262474
0.290529
0.0258144
0
0.0346081
250
6.84932
200
250
0.0639918
0
0
0.00958681
1.48588
333.333
0.0099554
0
0
0.0112886
0
0.0110224
2.55102
0
0
0
0
25
0.0129636
0
7.8125
0.0228775
0
0.00720518
0
0.0163527
0
0.0681477
0.0484402
0.0523451
0.0196668
0.06027
0.0220444
0
250
5.68182
250
200
0.0764584
0
0
0.010123
1.34771
62.5
0.010262
0
0
0.0093541
0.00695846
0.0106516
0
0
0
0
0
28.5714
0.0133518
0
0.230309
0.0236111
0
0.00673083
0
0.0149323
0
0.0458652
0.0483629
0.0524549
0.0193203
0.0637511
0.0218718
0
0
0
0.00997725
1.48588
90.9091
0.010359
0
0
0.0101592
0.00635975
0.00910929
0.0767342
0
0
0
0
16.129
0.0130545
0
0.115808
0.0181373
0
0.00600868
0
0.0169909
0
0.0496179
0.0936768
0.0412609
0.0189955
0.177683
0.0221612
0
0
0
0.0119138
1.74216
55.5556
0.0101752
0
0
0.0112932
0.00631892
0.00888407
0.0664584
0
0
0
0
0.0529381
0.00952181
0
0.109661
0.0150693
0
0
0
0.0164671
0
166.667
0.794913
166.667
0.0262722
0.102564
0.0153099
0
1.05708
0.0511483
0.0446768
0
4.13223
0
0.0129767
1.42248
58.8235
0.0104333
0
0
0.00881756
0.00667143
0.00955557
0.0348481
0
0
0
0
0.0661901
0.0105837
0
5.81395
0.0217141
0
0.00567157
0
0.0132134
0
2.68097
0.816327
200
0.0247684
0.227221
0.0246585
0
0.972763
0.022629
0.0773096
0
4.56621
0
0.011484
1.34228
200
0.0104293
0
0
0.00907186
0.00629858
0.0110248
0.0475579
0
0
0
0
19.6078
0.0129316
0
0.127016
0.0179782
0
0.00619111
0
0.0167853
0
0.0632791
0.0486902
0.0524246
0.0186397
0.0724953
0.0232234
0
111.111
200
0.0800641
0
0
0.0105027
1.47493
50
0.010298
0
0
0.0103371
0.00683289
0.0117824
0.0656685
0
0
0
0
26.3158
0.0131577
0
7.57576
0.0228912
0
0.0063534
0
0.0167808
0
0.0687474
0.0485154
0.11885
0.0208821
0.113327
0.0263262
0
1.07875
0
142.857
0.0807624
0
0
0.00985028
1.52207
333.333
0.0101182
0
0
0.0107157
0.00686196
0.00867243
0.083605
0
0
0
0
17.8571
0.0129604
0
7.57576
0.021342
0
0.00620267
0
0.012493
0
0.0349858
0.0660589
0.049729
0.0222237
0.103702
0.0258431
0
0.0785731
0
0
0.0118528
1.60772
111.111
0.0104416
0
0
0.0104884
0.00722209
0.00952762
0.0406108
0
0
0
0
16.9492
0.0130064
0
0.439754
0.0237976
0
0.006058
0
0.0151025
0
0.156152
0.0479272
0.122519
0.0215341
0.0972763
0.0247506
0
1.07643
0
0.0804764
0
0
0.0119715
1.70068
250
0.0105765
0
0
0.0102567
0.00644587
0.0111569
0.0293186
0
0
0
0
0.0429203
0.0138873
0
0.117165
0.0145819
0
0
125
0.0425369
0
0.0597693
0.0347186
0.0440703
0
0.0397093
0
0.0217656
0.0295421
0.349528
0.140252
0.563698
0.0266695
0
0
0.0131624
1.21212
90.9091
0.0100823
0
0
0.00986203
0.00735927
0.0117922
0.0628141
0
0
0
0
0.108366
0.0125
0
14.2857
0.0228477
0
0
0.0405039
0
0.0643335
0.0192396
0.0271577
0
0.289603
0
0.0212915
0.0366892
0.515198
0.0320801
0.914913
0.0353995
0
0
0.0137878
1.5625
62.5
0.0106436
0
0
0.0103064
0.00726591
0.0116742
0.0828157
0
0
0
0
0.0373204
0.0113643
0
0.0621929
0.0224155
0
0.00654245
0
0
1.00402
0.0546717
0.0704473
0
0.0604376
0
0.022007
200
6.57895
62.5
333.333
0.0483045
0
0
0.0148903
0.0423137
0.0436281
0.00841071
0
0
0.0137766
0
0.0117754
1.05932
0
0
0
0
0.0269157
0.0105196
0
0.04013
0.0127949
0
0.00661253
0
0
0.917431
0.0543744
0.0691372
0
0.182615
0
0.0223939
66.6667
5.68182
58.8235
250
0.0451467
0
0
0.0146985
0.0297965
0.0436605
0.00822788
0
0
0.0137178
0
0.0102346
1.9802
0
0
0
0
0.0322601
0.0124108
0
0.143699
0.0159882
0
125
0.041336
21.2766
0.0366636
0
0.0218517
0.0252162
0.0887311
0
6.28931
0
0.0186279
0
0.234632
0.1126
0.162893
0.0414319
0
0
0.0101281
0.0652614
0.0889521
0.00816513
0
0
0.0141002
0.00738716
0.00929118
4.25532
0
0
0
0
0.0330055
0.0142148
0
6.36943
0.0221298
0
0.00663249
0
0.0420734
45.4545
0.0377216
0
0.0433651
0.0163738
0.090843
0
7.24638
0
0.0167445
0.314268
0.0592628
0.0890948
0.310559
0.0460999
0
0
0.0138696
1.43266
250
0.0110505
0
0
0.0105167
0.00725574
0.0117752
0.0533675
0
0
0
0
0.056338
0.011034
0
0.0374181
0.0218953
0
0
0.0425949
24.3902
0.0369249
0
0
0.0357513
0.095648
0
8.19672
0
0.0164821
0
1.94932
0.113546
0.16276
0.0437484
0
0
0.00797429
0.0606391
0.0881679
0.00785324
0
0
0.0142043
0.00717762
0.0100326
3.93701
0
0
0
0
0.0575937
0.0124856
0
0.0498231
0.0187241
0
0
83.3333
0.0423783
0
0.0603173
0.0368528
0.0238101
0
0.0917179
0
0.021742
0.0300652
0.136258
0.597015
0.0602446
0.0322831
0
0
0.0134559
1.44928
250
0.0105554
0
0
0.0108219
0.00712611
0.0118834
0.0273845
0
0
0
0
0.0206428
0.0105191
0
0.0401526
0.0126557
0
0.00674436
0
0.12458
0
9.61538
0
0.0239607
0.0458232
0
0.0857339
3.61011
0.0328332
0
0
0.0132878
1.58228
200
0.010477
0
0
0.0121959
0.00702968
0.00645236
2.23714
0
0
0
0
28.5714
0.0128866
0
0.100452
0.0206603
0
0.00678201
0
0.0167968
0
142.857
0.792393
250
0.124533
0
10.2041
0
0.0228102
0.0388984
0.0523095
0.0876347
0.11798
0.0447888
0
0
0.0123138
1.287
71.4286
0.0103103
0
0
0.0125265
0.00695434
0.00844359
2.5
0
0
0
0
24.3902
0.0126857
0
0.260078
0.018353
0
0.00652324
0
0.0170573
0
83.3333
0.829187
333.333
0.0268666
0
9.52381
0
0.023801
0.0330589
0.179372
0.0535332
0.0863632
0.0356037
0
0
0.011797
1.23762
250
0.0102968
0
0
0.0110715
0.00688279
0.0112497
0.049687
0
0
0
0
21.2766
0.0129463
0
0.843882
0.0141927
0
0.00660332
0
0.0173744
0
125
0.886525
83.3333
0
10.3093
0
0.023766
0.0331203
0.178635
0.0536164
0.086326
0.0367282
0
0
0.0120055
1.20048
142.857
0.010531
0
0
0.0108666
0.00602261
0.00930042
0.106895
0
0
0
0
18.1818
0.0126841
0
0.0413479
0.023963
0
0.00669653
0
0.0174392
0
100
0.906618
250
1.56986
0.0817728
0.118189
0
7.75194
0
0.0169678
0.0359712
0.115527
0.327332
2.32558
0.0350557
0
0
0.0124497
1.27065
0.0348153
0.0105101
0
0
0.0135203
0.0070082
0.00945466
0.24888
0
0
0
0
20
0.0131851
0
0.394789
0.0141449
0
0.0067516
0
0
1.53374
0.0819202
0.119632
0
10.7527
0
0.0227257
0.0319489
0.0851861
0.12012
0.311139
0.0528095
0
0
0.0112694
1.46413
111.111
0.0104883
0
0
0.010864
0.00627109
0.00901656
0.0870777
0
0
0
0
14.4928
0.0127944
0
0.261575
0.0181577
0
0.00654746
0
0.0170056
0
333.333
0.730994
200
0.0262612
0.081666
0.114626
0
5.91716
0
0.0237739
0.029924
0.0852079
0.120106
0.311333
0.0504847
0
0
0.0106977
1.32979
333.333
0.0103401
0
0
0
0.00576329
0.0111398
0.0510465
0
0
0
0
0.0727643
0.0108239
0
0.0564525
0.0178012
0
0.00659431
0
0.0817862
0.11383
0
5.18135
0
0.0235927
0
0.0837521
0.0834237
250
0.0574647
0
0
0.0125747
1.53139
6.28931
0.00796806
0
0
0.0116884
0.00697773
0.00803097
1.8018
0
0
0
0
0.0265965
0.0113784
0
0.177873
0.0157443
0
0.0419745
34.4828
0.0377287
0
0.0213206
0.028034
0.0933271
0
4.40529
0
0.0161158
0
0.234412
0.112549
0.163079
0.0426058
0
0
0.00849813
0.0622549
0.0895095
0.00804428
0
0
0.0139214
0.00735938
0.00946988
3.31126
0
0
0
0
0.108237
0.0124034
0
8.40336
0.0192831
0
0
111.111
0.0405121
0
0.038549
0.0215596
0.0428064
0
0.0830772
0
0.02248
0.0443794
0.135465
0.61237
0.0602519
0.0322935
0
0
0.0149408
3.03951
166.667
0.0103271
0
0
0.00789927
0.00730732
0.0118321
0.0773335
0
0
0
0
0.0576136
0.0122211
0
0.0496845
0.0189383
0
0
0.0417798
0
0.0616219
0.0344947
0.0190829
0
0.0913492
0
0.0220741
0.03465
0.532481
0.0605657
0.0869868
0.0420805
0
0
0.0138406
1.51057
142.857
0.0107115
0
0
0.0106183
0.00715517
0.0118099
0.0273194
0
0
0
0
12.6582
0.0142197
0
0.118991
0.0151226
0
0
0.0420009
0
0.0608939
0.0338673
0
0
0.0849979
0
0.0238966
0.0288093
0.349284
0.140449
0.559284
0.0258645
0
0
0.013777
1.29702
83.3333
0.0107829
0
0
0.0102105
0.00731154
0.0118769
0.0273928
0
0
0
0
0.0196634
0.0115591
0
0.0298231
0.0140596
0
0.00640989
0
1.03413
100
0.0423352
19.6078
0.0373343
0
0.0218226
0.0265816
0.0878966
0
7.5188
0
0.0165945
0.582072
0.0591681
0.0887311
0.310945
0.0468252
0
0
0.0108139
1.39082
250
0.0108356
0
0
0.0145539
0.0071289
0.0109685
4.01606
0
0
0
0
0.0650915
0.0105764
0
0.039412
0.0125908
0
0.0067147
0
200
0.0426148
29.4118
0.0381112
0
0.0423837
0.0164563
0.0903179
0
4.34783
0
0.016629
0.897666
0.49505
0.0321699
0.899281
0.0356633
0
0
0.0109751
1.70648
100
0.0104744
0
0
0.0143439
0.00685443
0.0101259
3.27869
0
0
0
0
0.0503956
0.011012
0
0.0376861
0.0216188
0
0
333.333
0.0397204
32.2581
0.0378387
0
0
0.0347258
0.0872372
0
4.56621
0
0.00989599
0.16276
0.234302
0.199124
90.9091
0.0513743
0
0
0.00970196
0.0919709
0.0904159
0.00811379
0
0
0.0142118
0.00723186
0.0104349
3.67647
0
0
0
0
0.0429793
0.0137941
0
4.03226
0.0231717
0
0.00668119
0
0.0426348
50
0.0378258
0
0.0438808
0.0409216
0.0431295
0
0.0828775
0
0.0228243
0.0328364
0.518672
0.032078
0.902527
0.0362792
0
0
0.0139688
1.81488
71.4286
0.0105648
0
0
0.0139181
0.00656452
0.0113617
0.0476213
0
0
0
0
0.0245381
0.0104337
0
0.032144
0.0191424
0
0.00577818
0
0.0780579
0.111744
0
4.23729
0
0.0167409
0.0286484
0.286697
6.53595
0.0834307
0.0554047
0
0
0.0124016
1.51515
7.04225
0.00807885
0
0
0.0120611
0.00696971
0.00728327
3.87597
0
0
0
0
0.0714745
0.0109468
0
0.110975
0.0172304
0
0.00602715
0
0.0813935
0.113263
0
5.91716
0
0.0235971
0.0303868
0.0848969
0.0837731
0.0834585
0.0592733
0
0
0.0127975
1.58228
166.667
0.00972016
0
0
0.0108327
0.00693707
0.0110668
3.5461
0
0
0
0
15.1515
0.0126228
0
0.0355454
0.0195572
0
0.00682985
0
0
0.125376
0
10.6383
0
0.0234852
0.03707
0.0524797
0.0872372
0.117813
0.0435047
0
0
0.0122314
1.29032
250
0.0101979
0
0
0.0121818
0.00704806
0.00866807
3.003
0
0
0
0
0.0648088
0.0106093
0
0.439174
0.0172277
0
0.00605444
0
0.116659
0
6.84932
0
0.0211229
0
0.0828089
0.0843811
333.333
0.0586407
0
0
0.0125706
1.35135
16.129
0.00797149
0
0
0.0104555
0.00696612
0.00887335
3.38983
0
0
0
0
0.0329533
0.0143006
0
0.119432
0.0149076
0
0
0
0.93985
0.0534188
0.0701164
0
0
0
0.0222202
0.0230808
0.3427
0.141383
0.56338
0.0268745
0
0
0.013261
1.39276
43.4783
0.0105124
0
0
0.0136151
0.00619586
0.0117243
0.0808669
0
0
0
0
0.0370769
0.0112915
0
7.19424
0.0166268
0
0.00659144
0
0
0.956023
0.0604011
0.0794597
0
0.0504083
0
0.0205927
125
5.49451
83.3333
76.9231
0.0440859
0
0
0.0146694
0.0547076
0.0433219
0.0086317
0
0
0.0137787
0
0.0118868
0.0862664
0
0
0
0
12.0482
0.0129356
0
0.0874891
0.0148227
0
0.00609422
0
0.0169339
0
333.333
0.83682
111.111
0.02498
0.155015
0.0261773
1.04275
0.0810701
0.105876
0
10.4167
0
0.017365
0.025362
1.87617
0.0840972
250
0.0598623
0
0
0.00931272
0.0336022
0.387447
0.0105866
0
0
0.0134347
0.00591719
0.00953352
2.93255
0
0
0
0
23.8095
0.0128564
0
0.037219
0.0199992
0
0.00683616
0
0
1.32802
0.0796622
0.106633
0
7.87402
0
0.0170071
0.0376818
0.116347
0.321854
2.26757
0.0329294
0
0
0.0123844
1.72712
4.65116
0.00787544
0
0
0.013189
0.00694343
0.0094874
3.43643
0
0
0
0.0363293
0
0.00624134
0
0.0131403
0
0.687285
0.808407
250
0.0294681
30.303
0.0250325
0
0.0361821
0.0247347
0.0838012
0
4.83092
0
0.0235782
0.0663526
0.0520616
0.036762
0.0972384
0.0421514
0
0
0.0129713
0.0353845
0.0381927
0.00808277
0
0
0.0115747
0.00648891
0.00996959
0.1468
0
0
0
0.0352721
0
0.00647526
0
0.0131971
0
0.718391
0.154107
83.3333
0.0278963
14.2857
0.0260559
0
0.0366972
0.025101
0.0851354
0
5.34759
0
0.0240749
0.0595699
0.0518834
0.0367215
0.0971251
0.0418778
0
0
0.0139921
0.035895
0.0378487
0.008188
0
0
0.0137033
0.00564267
0.00973217
1.65563
0
0
0
0
23.8095
0
0.0073177
0
0.0159332
0
0.138274
0.31837
0.0321844
0.0221156
18.5185
0.0278404
0
0.0217562
0.0279166
0.0805477
0
4.92611
0
0.0240136
43.4783
4.58716
71.4286
83.3333
0.0481209
0
0
0.0108258
0.0323866
0.164339
0.010372
0
0
0.01264
0.00696704
0.0107019
2.71003
0
0
0
0
22.7273
0
0.00737588
0
0.0162877
0
0.408831
0.118371
0.0582445
0.0202417
22.2222
0.0290808
0
0.085034
0.0236111
0.0297796
0
1.15607
0
0.023749
0.0554201
4.52489
66.6667
83.3333
0.0494633
0
0
0.00849452
0.0328483
0.163239
0.0110852
0
0
0.0124336
0.00703646
0.0108982
3.11526
0
0
0
0.0200465
0
0.0457917
0.022237
0
0.00699687
0
0.0155943
0
0.0162657
0.175593
0.160051
0.0237812
16.6667
0.02799
0
0.307409
0.0156189
0.0467093
0
0.0831878
0
0.0120815
0.0330994
0.145412
125
333.333
0.0464403
0
0
0.0132503
0.0544484
0.12285
0.00907071
0
0
0.0113102
0.00655622
0
0
0
9.90099
0.0231535
0
0.00649654
0.00583904
0.0160475
0
250
0.721501
71.4286
0.0267073
0.0214625
0.0158205
0
1.02249
0.0516102
0.0797575
0
0.053285
0
0.0189065
0.0933968
3.41297
250
83.3333
0.0440354
0
0
0.0115929
0.060584
0.0214938
0.00782295
0
0
0.0141068
0.00604869
0.011476
3.24675
0
0
38.4615
0.0366999
0
0.00655592
0
0.0111564
0
333.333
0.81103
8
0.0283246
14.2857
0.0246573
0
0.0254408
0.0343725
0.0801089
0
5.31915
0
0.0245351
0.104232
0.0520833
0.0367539
0.0972384
0.0428339
0
0
0.0145068
0.0240183
0.0278583
0.00918645
0
0
0.0129631
0
0.0118898
0.0858811
0
0
0
11.4943
0.0368881
0
0.00630768
0
0.0124597
0
250
0.707714
90.9091
0.0284366
6.53595
0.0265125
0
0.0363835
0.0294317
0.0657851
0
8
0
0.0236256
0.0537953
0.0519615
0.0368134
0.097229
0.0428522
0
0
0.0143213
0.0351346
0.0379219
0.00818987
0
0
0.0140241
0.00578523
0.0120565
0.0356646
0
0
0
0
0.456621
0.0110683
0
0.19497
0.0194738
0
0.0243143
0
111.111
0.947867
200
0.0408764
31.25
0.035387
0
0.0442263
0.0473799
0.0854993
0
3.95257
0
0
0.0567924
0.0860437
0.32352
0.904159
0.0345054
0
0
0.0118948
1.6835
250
0.0111469
0
0
0.0110228
0.00701248
0.0109704
0.131683
0
0
0
0
0.0509658
0.0111539
0
0.0768699
0.0169437
0
0
166.667
0.963391
200
0.0414062
23.8095
0.0324118
0
0.024325
0.0254285
0.0976467
0
5.64972
0
0.0175497
0.0306937
0.283286
1.25471
0.110926
0.0373566
0
0
0.0103884
0.0532283
0.0886289
0.00811333
0
0
0.0143629
0.00715533
0.0102373
3.69004
0
0
0
0
0.0824266
0.0101851
0
0.0504999
0.0195637
0
0
166.667
1.08225
125
0.0416997
21.7391
0.0369987
0
0.0220308
0.0336621
0.0592593
0
5.61798
0
0.0157364
0.0577267
0.0858148
0.325309
0.914913
0.0344923
0
0
0.00970959
1.69205
142.857
0.0103406
0
0
0.0113666
0.00709784
0.0116922
0.0513005
0
0
0
0
0.10812
0.0123024
0
0.0497785
0.0189276
0
0
1.03842
50
0.040321
14.4928
0.0362345
0
0.0398676
0
0.0815528
0
3.24675
0
0.0224482
0.0340762
0.533903
0.0605473
0.0869641
0.0425804
0
0
0.0138621
1.82149
250
0.0106844
0
0
0.0105539
0.00660476
0.0118039
0.0409366
0
0
0
0
0.0491087
0.0115702
0
10
0.00956562
0.00584436
0
0
0.0827541
0.764526
200
0.0250677
14.0845
0.0240587
0
0.0388531
0.0345997
0.0847673
0
4.4843
0
0.0164899
0.0405104
0.0548005
0.226757
0.135318
0.0383436
0
0
0.0139915
0.254712
1.60772
0.0107803
0
0
0.0100542
0.00708772
0.00974554
0.250063
0
0
0
0
0.0590005
0.0129324
0.00959039
0.00577231
0.0132783
0
250
0.944287
142.857
0.0271223
16.129
0.026191
0
0.124719
0.0495172
0.0825764
0
3.47222
0
0.0128931
0.0552273
0.213174
0.137798
0.13282
0.0505766
0
0
0.0139431
0.386399
1.43062
0.0108066
0
0
0.00955913
0.00704439
0.00783079
0.0500651
0
0
0
0
0.0322758
0.0112212
0
29.4118
0.00704742
0.0213424
0
250
0.881834
250
0.0268075
0.0396181
0.0243185
0
0.276014
0.0523588
0.02753
0
0
0
0.0216718
0.0767636
0.0422511
0.0427753
0.0413924
0.0243321
0
0
0.01459
0.0950119
0.126646
0.0106577
0
0
0.00976181
0.00713323
0.00964609
0.255689
0
0
0
0
0.650618
0.0133255
0
7.04225
0.0214961
0.00700835
0.0209802
0
200
0.866551
333.333
0.0267508
0.0424592
0.0257832
0
1.14811
0.0459749
0.0263817
0
0.034421
0
0.0232537
83.3333
7.93651
250
76.9231
0.0496081
0
0
0.0141389
0.124486
100
0.0109176
0
0
0.0134695
0.00653838
0.0114682
0.0306185
0
0
0
0
0.0222737
0.0130757
0
9.43396
0.0143488
0
0.00660908
0
0.0171195
0.0468582
0.026154
0.0257639
0.018567
0.10019
0.020024
0
0.0786968
0.021106
0.0278474
0.103659
0
0.0210005
0.063743
0.0765228
0.0546508
0.0408747
0.0269222
0
0
1.61812
200
0.00985678
0
0
0.0107483
0.0170576
5.20833
0
0
0
0
0
0.0137654
0
0.0629129
0.0142444
0
0.00592765
0
0.0164487
0.016905
0.0564239
0.0589901
0.022424
0.031111
0.0202114
0
0.0634639
0.0231895
0.0378931
0.0592628
0
0.0213379
0.0564048
0.0406603
0.075375
0.0578938
0.0281809
0
0
1.55521
0.026923
0.00892307
0
0
0.0102124
0.0156664
4.11523
0
0
0
0
8.69565
0.0132598
0
9.34579
0.021901
0
0.00644297
0
0.0128437
0
3.67647
0.893655
250
0.0271894
1.85185
0.0197566
0
1.10988
0.0482114
0.0761731
0
0.107759
0
0.0104677
0.489476
0.107342
0.0737681
0.770416
0.0228912
0
0
1.60256
166.667
0.010029
0
0
0.0166976
5.2356
0
0
0
0
8.54701
0.0133688
0
12.1951
0.0224583
0
0.00629457
0
0.0136894
0
100
0.927644
100
0.0268969
0.0763184
0.0223065
0
0.0652358
0.0233519
0.0334493
0
0.0420168
0
0.0148293
0.0855139
0.0738716
0.117813
0.115567
0.0314327
0
0
1.73611
71.4286
0.0103083
0
0
0.017562
5.20833
0
0
0
26.3158
0.0131327
0
6.53595
0.0206386
0
0.00638578
0
0.0127849
0.0610724
0.126486
333.333
0.0273202
0.0310299
0.020209
0
0.0443951
0.036523
0.0309876
0
0
0.0163183
0.0434575
0.0569541
0.0884095
0.18305
0.0293556
0
0
0.0215045
0.0437867
0.0657635
0.00848162
0
0
0.0197969
0.00909893
0.00940672
2.93255
0
0
0
0
25.641
0.0128307
0
0.0749906
0.0249221
0
0.00666391
0
0.0138175
0.254259
0.0544277
0.152905
0.0269927
0.0303619
0.0201252
0
0.0424827
0.0230367
0.0390244
0.113058
0
0.0214818
0.0374897
0.0406537
0.0754603
0.0578536
0.0294551
0
0
0.0212689
1.64745
50
0.00968758
0
0
0.0196897
0.00901795
0.00956562
3.07692
0
0
0
0
0.301841
0.013403
0
0.0168885
0.0219423
0
0.00723966
0
0.0099986
0.0441306
0.824402
333.333
0.0276855
0.0305923
0.0201763
0
0.238777
0.0258331
0.0599916
0.103348
0
0.0212934
0.0368297
0.0765931
0.0546179
0.0408898
0.0275862
0
0
1.12613
62.5
0.00994609
0
0
0.0209745
0.00981711
0.0134582
0.034565
0
0
0
0.301296
0.0132933
0
0.0185021
0.0218986
0
0.00717288
0
0.00977278
0.0596161
0.126215
333.333
0.0276327
0.0306673
0.0195141
0
0.0637918
0.0236379
0.0364087
0.0374294
0
0.014544
0.0244147
0.0854628
0.187021
0.0811622
0.0447427
0
0
0.0452223
0.0652571
0.00844017
0
0
0.0214037
0.00978053
0.0138211
0.0317874
0
0
0
0
76.9231
0.0138234
0
10.6383
0.0212049
0
0.00650715
0
0.0172357
0
0.0436186
0.0785114
0.0470455
0.0287373
17.8571
0.0266674
0
0.153398
0.0316867
0.0273958
0
4.87805
0
0.0170062
0.0528877
0.0435673
0.137438
0.084168
0.0449458
0
0
0.0116179
1.60514
200
0.0101396
0
0
0.0135439
0
0
55.5556
0.0196259
0
0.0218794
0.019387
0
0.00636695
0
0.0101848
0
0.81103
0.708215
333.333
0.0279728
15.1515
0.0264438
0
0.0964134
0.0182545
0.0273545
0
0.115407
0
0.0100879
333.333
5.12821
250
90.9091
0.047669
0
0
0.0146847
0.0545316
0.122429
0.00885724
0
0
0.0113667
0.00674268
0
0
142.857
0.0207293
0
0.0413445
0.0218379
0
0.00673265
0
0.0158697
0
0.0267487
0.0522084
0.0917431
0.0233263
14.2857
0.0272116
0
0.0592347
0.029423
0.0263054
0
4
0
0.0113715
4.60829
5.52486
50
66.6667
0.0460787
0
0
0.0130989
0.054136
0.124456
0.00883361
0
0
0.014766
0.00673505
0
0
0.0199509
0
0.0461681
0.0217278
0
0.00679736
0
0.0157463
0
0.0275399
0.0519859
0.0924642
0.0239172
18.8679
0.0267144
0
0.0208281
0.0296095
0.048223
0
0.127194
0
0.0100921
250
5.98802
250
333.333
0.0472344
0
0
0.0132443
0.0365524
0.0598265
0.00880778
0
0
0.0124785
0.00695909
0
0
0
24.3902
0.0137103
0
0.145497
0.021856
0
0.00560711
0
0.0109188
0
0.0536222
0.102491
15.1515
0.0276129
0.448833
0.0197013
0
1.04384
0.0511117
0.0435123
0
0.0385683
0
0.0180444
0.0778452
0.0722543
0.0428688
0.0975324
0.0277024
0
0
1.85529
250
0.010427
0
0
7.24638
0
0
0
0
11.9048
0.0140001
0
0.220751
0.0230585
0
0
0
0.0107672
0
0.0558191
0.101133
250
0.0273658
0.54615
0.0199037
0
0.895255
0.0485437
0.0444405
0
6.57895
0
0.0106409
0.0782228
0.0721241
0.857633
0.0451712
0.0302838
0
0
1.7331
66.6667
0.0104427
0
0
0
0
0
0
18.8679
0.014027
0
0.212721
0.0232916
0
0
0
0.0139127
0
0.0485531
0.0504159
0.521648
0.0221479
0.0621465
0.0221019
0
0.0671051
0.0367999
0.0164088
0
0.0625743
0
0.0168064
0.551572
0.0961076
0.0755629
0.115674
0.0336961
0
0
1.61031
90.9091
0.010535
0
0
0
0
0
0
50
0.013955
0
7.35294
0.0212694
0
0.00673487
0
0.0169165
0
0.0469439
0.0785238
0.0470433
0.028067
19.6078
0.0272435
0
0.153633
0.0307598
0.027908
0
0.0571363
0
0.0127265
0.0849834
0.0828157
66.6667
71.4286
0.0456997
0
0
0.0117133
1.31234
125
0.01024
0
0
0.0137404
0
0
0
0.154799
0.0113961
0
0.023826
0.0169578
0
0.00661035
0
0.0131353
0
0.496032
0.0724165
0.0346777
0.0270117
0.0616447
0.0184369
0
0.0445335
0.0266021
0.0345149
0
0.215424
0
0.0233672
100
5.26316
47.619
166.667
0.0474586
0.0113316
0.0153697
0
0
0.0123133
0.00735143
0.00744186
4.1841
0
0
0
0
0.0420221
0.0104284
0
0.0430015
0.0161491
0
0.00575642
0
0.0101189
0
0.0691515
0.0318593
0.128025
0.021925
0.0715001
0.019256
0
0.048384
0.0361468
0.0293781
0
0.218198
0
0.0179122
0.0145794
0
0
0.0136054
0.00719813
0.0115824
0.0235727
0
0
0
0
0.0252576
0.0126143
0
0.0867378
0.0189642
0
0
0
0.0165846
0
125
0.714796
250
0.0253062
3.43643
0.0182389
0
0.0717154
0.023686
0.027137
0
0.0513637
0
0.0155601
0.120221
0.0716538
1.47059
0.0484943
0.0359363
0
0.015106
0
0
0.0144785
0.00729549
0.00952771
0.243072
0
0
0
0
0.0360672
0.0111411
0
0.0440432
0.0183093
0
0.00658042
0
0.0117353
0
250
0.755858
250
0.0249713
0.0332436
0.0179475
0
0.0714847
0.024009
0.0261267
0
0.0539142
0
0.0236245
0.0776699
0.0667557
0.412882
0.0725216
0.048466
0
0.013056
0
0.0125073
0.00760832
0.00936312
0.211595
0
0
0
0
0.0843597
0.00963178
0
6.57895
0.0204219
0
0.00673854
0
0.0099296
0
0.0533106
0.0394027
0.0641026
0.0200052
0.0890155
0.0214786
0
0.858369
0.0470588
0.0265724
0
0.0350103
0
0.0223344
0.0400673
4.80769
83.3333
166.667
0.0467246
0.0079929
1.85874
200
0.0145577
0
0
0.0150539
0.00602457
0.0120861
0.0479939
0
0
0
0
0.144383
0.0116719
0
0.0224659
0.0166425
0
0.00662326
0
0.0132357
0
0.0699888
0.031834
0.128419
0.022099
0.0374406
0.0181186
0
0.0438962
0.0342454
0.0427241
0
0.235516
0
0.018208
0.0118419
2.29358
111.111
0.0153744
0
0
0.0126614
0.00713776
0.00735824
4.29185
0
0
0
0
0.0665336
0.0114301
0
0.0547285
0.0141301
0
0.00667107
0
0.0109083
0
1.93424
0.0727908
0.0346117
0.0274025
0.0598229
0.018728
0
0.0429203
0.0269462
0.0688753
0
0.050971
0
0.0227381
76.9231
7.5188
90.9091
125
0.0461681
0.0146724
166.667
0.015395
0
0
0.0103569
0.00705015
0.00976858
0.0362279
0
0
0
0
0.0418725
0.0103879
0
10
0.0202204
0
0.00664938
0
0.0102246
0
0.0439734
0.0495221
0.0439078
0.0188221
0.0636051
0.0213853
0
0.118511
0.0487543
0.0510595
0
0.0402787
0
0.0176966
200
4.90196
66.6667
66.6667
0.0468318
0.010577
100
0.0153726
0
0
0.0146899
0.00590793
0.0110062
0.0191858
0
0
0
0.0541536
0.0112913
0
0.0317723
0.0168651
0
0
0
0.00968664
0
333.333
0.762195
71.4286
0.0258987
21.2766
0.0249489
0
0.17094
0.0489117
0.0696816
0
4.44444
0
0.0131909
0.111247
0.0328969
1.44928
0.123122
0.0330316
0
0
0.010494
0.057006
0.208681
0.00955356
0.0133849
0.00594976
0.00913935
2.73973
0
0
0.0289352
0.0133647
0
0.0221332
0.0161959
0
0
0
0.0158564
0
0.0537779
0.0386623
0.034167
0.0193889
10.7527
0.02518
0
0.0340217
0.0274816
0.0640041
0
3.92157
0
0.0147876
0.0584522
0.0790202
0.0333533
1.03306
0.035935
0
0
0.0135364
0.136463
0.0501882
0.00949199
0.0103483
0.00569719
0.00864865
0.068526
0
0
0.122714
0.0135775
0
16.129
0.0224004
0
0.00625493
0
0.0156257
0.0368895
0.0344459
0.054609
0.0214376
0.100432
0.0186234
0
0.0589797
0.0153998
0.0296921
0
0.274123
0
0.0212463
0.0495835
0.0428101
0.0598516
0.0789952
0.0464835
0
0
0.0136195
0.341997
0.0670646
0.00894871
0
0
0
0.00755481
0.0113189
0.0255122
0
0
0.0786596
0.0127737
0
0.0980969
0.0161194
0
0.00625908
0
0.0157131
0.0363954
0.0343713
0.0548005
0.0213333
0.0432638
0.020167
0
0.0673537
0.0262674
0.0311944
0
0.0693385
0
0.0218245
0.915751
0.0521023
0.0527872
0.0434537
0.0252131
0
0
0.0139889
0.367377
0.0670421
0.00890496
0
0
0
0.00696786
0.0114608
0.0263193
0
0
0
0
0.0360282
0.0110221
0
0.0461766
0.0186442
0
0
0
0.0154022
0
250
0.757576
83.3333
0.0245676
0.0743052
0.0184223
0
0.277701
0.0357807
0.0289637
0
0.0247091
0
0.0239234
0.0777424
0.0666178
0.418936
0.0724743
0.045212
0
0.0127238
0
0.0111608
0.00769148
0.00921897
0.349773
0
0
0
0
0.0300996
0.011
0
0.04013
0.0143119
0
0.00649925
0
0.016605
0
0.260824
0.037652
0.0270863
0.0161426
13.1579
0.0252915
0
0.0521703
0.0233645
0.0427058
0
0.0560287
0
0.0161538
333.333
5.68182
71.4286
250
0.0473037
0
0
0.0134964
0.0101564
0.00687092
0.0102694
0.0449843
0
0
0
0
0.0171248
0.0106653
0
0.0379334
0.0139503
0
0.00656314
0
0.0164352
0
0.363636
0.0374714
0.0564366
0.0169872
3.06748
0.0186498
0
0.03688
0.0242154
0.0406273
0
0.0384335
0
0.0186345
3.84615
4.36681
100
142.857
0.0475647
0
0
0.0139727
0.0128984
0.00582605
0.0105772
3.96825
0
0
0
0.0929195
0.0111691
0
0.042155
0.0190938
0
0
0
0.0147471
0
0.045958
0.0771784
0.244379
0.0185998
15.1515
0.0241996
0
0.0388863
0.0311168
0.07227
0
3.47222
0
0.0173862
0.0622084
0.079233
0.0333167
1.03199
0.0353632
0
0
0
0.146563
0.050045
0.0095938
0.0111716
0.00700167
0.0110059
0.0295543
0
9.66316266062992
