o
187.5
0.0126889
0.0263262
0.0131582
68.9655
0.0667089
0.0124681
83.3333
0.350018
0.0586648
0.105921
0.113748
0.368053
0.00698258
300
1.80723
214.286
0.333519
107.143
0.492854
0.0489101
2.44898
0.490597
1.30605
0.00637156
60
0
0.146213
115.385
32.6087
150
214.286
0.254885
0
0
0.382409
7.40741
181.818
0.0651784
0
0.0245646
0.288725
0.127105
0.22424
45.4545
0
0.0184514
0.0263401
0.0161526
133.333
0.173445
0.017236
74.0741
0.336134
0.0816304
0.107308
0.146177
0.390625
0
230.769
1.79533
214.286
0.295741
107.143
0.408886
0.0396794
3.02419
0.396511
0.905797
0
50.8475
0
0.101923
150
21.2766
18.1818
0.18546
0
0
0.177352
6.66667
13.986
0.0494756
0
0.0175339
0.247158
0.0985076
0.146039
30.7692
0
0.0264082
0.0246163
0.0255895
95.2381
0.173792
0.0192356
88.2353
0.343564
0.0677063
0.0781209
0.0826947
0.262009
0
214.286
1.81269
214.286
0.253872
111.111
0.30931
0.0336753
3.22928
0.368143
0.821693
0
42.8571
0
0.109951
166.667
24.3902
133.333
181.818
0.215796
0
0
0.15753
8.43882
166.667
0.058355
0
0.0206795
0.154333
0.079017
0.144686
32.7869
0
0.0146232
0.0293483
0.0142139
125
0.17225
0.0179321
81.0811
0.390879
0.0717841
0.114408
0.149918
0.393288
0
250
1.80397
250
0.317125
100
0.467873
0.0412156
3.003
0.470072
1.23254
0.00283395
57.6923
0
0.117037
157.895
12.0482
157.895
200
0.208638
0
0
0.216873
6.64452
181.818
0.057857
0
0.0203118
0.213607
0.102041
0.152451
39.2157
0
0.013202
0.0294942
0.0126741
64.5161
0.0794092
0.0138484
90.9091
0.323206
0.0561314
0.0946731
0.121837
0.385951
0.00682848
333.333
1.82149
272.727
0.321716
120
0.502513
0.0479164
2.92969
0.453309
1.19379
0.00634415
60
0
0.148324
200
27.7778
187.5
130.435
0.273898
0
0
0.300526
8.47458
74.0741
0.0582751
0
0.0220502
0.305577
0.120373
0.209754
42.5532
0
0.0126451
0.029678
0.0149858
68.9655
0.0801282
0.0108893
86.9565
0.342524
0.0561136
0.0739171
0.123173
0.394581
0.00693842
230.769
1.86683
200
0.303245
107.143
0.486302
0.0476887
2.92969
0.506244
1.3459
0.00666163
62.5
0
0.153077
157.895
29.4118
150
176.471
0.231517
0
0
0.293513
8.06452
222.222
0.064224
0
0.0220621
0.268889
0.127356
0.225403
19.4175
0
0.0127859
0.0266802
0.0117059
76.9231
0.0680411
0.0145233
71.4286
0.270709
0.0532014
0.0823497
0.115861
0.370599
0.00668029
272.727
1.88442
230.769
0.319047
111.111
0.478469
0.0485405
3.30761
0.441047
1.08499
0.00646233
54.5455
0
0.134759
157.895
30.6122
187.5
230.769
0.24564
0
0
0.324359
6.94444
181.818
0.063597
0
0.0208731
0.273112
0.13421
0.201268
39.2157
0
0.0126914
0.0251563
0.0120241
52.6316
0.0702445
0.0145094
76.9231
0.309215
0.0563158
0.0763942
0.124337
0.374813
0.00668148
272.727
1.97368
200
0.330506
63.8298
0.483715
0.048499
2.70758
0.426682
1.09449
0.0062741
62.5
0
0.125839
176.471
28.8462
176.471
214.286
0.234192
0
0
0.294855
7.60456
200
0.0595983
0
0.0233334
0.315856
0.120576
0.219178
48.7805
0
0.0121878
0.0224997
0.0121873
64.5161
0.0650174
0.0140202
80
0.281096
0.0526025
0.0907441
0.0957396
0.356888
0.00641863
157.895
1.5949
200
0.335984
111.111
0.484027
0.0493008
3.23276
0.453104
1.10783
0.00623776
51.7241
0
0.150045
176.471
29.1262
166.667
142.857
0.264294
0
0
0.315507
7.35294
166.667
0.0665247
0
0.0235275
0.278048
0.134372
0.22604
54.0541
0
0.0125954
0.0180624
0.0145577
80
0.0789204
0.0112792
80
0.320873
0.0482742
0.0598319
0.118842
0.345185
0.00628393
285.714
1.66945
272.727
0.303921
100
0.481232
0.0499983
2.59067
0.494805
1.55925
0.00661588
61.2245
0
0.221631
187.5
35.2941
187.5
230.769
0.345702
0
0
0.29129
7.16846
285.714
0.0920006
0
0.0319147
0.349956
0.130022
0.2331
48.7805
0
0.0128428
0.0195773
0.0123632
66.6667
0.0676956
0.0158389
71.4286
0.274461
0.0511941
0.0902405
0.100316
0.382263
0.00290966
250
2.03114
214.286
0.312826
120
0.476417
0.0495745
2.80112
0.486145
1.16641
0.00654273
53.5714
0
0.172672
214.286
30.6122
176.471
200
0.276727
0
0
0.287728
5.44959
13.986
0.0794439
0
0.0263317
0.271186
0.131804
0.22482
40.8163
0
0.0124983
0.0193268
0.0136635
86.9565
0.0734457
0.0115035
90.9091
0.327386
0.046101
0.0815129
0.0927171
0.324359
0.00625821
285.714
1.81159
150
0.293055
35.7143
0.459277
0.0488894
3.24675
0.468092
1.29088
0.00692063
53.5714
0
0.193112
187.5
40
187.5
176.471
0.336285
0
0
0.37843
6.60066
181.818
0.0844916
0
0.0273213
0.30931
0.129066
0.223914
51.2821
0
0.0119607
0.0248877
0.0120594
76.9231
0.072812
0.0152238
117.647
0.321647
0.0476997
0.0876463
0.108554
0.35838
0.00648761
272.727
1.87617
200
0.319795
107.143
0.508906
0.0507984
2.87908
0.477175
1.2275
0.00644739
58.8235
0
0.153972
187.5
30.9278
157.895
230.769
0.264015
0
0
0.272294
11.976
222.222
0.0689275
0
0.0219882
0.346921
0.125149
0.170126
37.037
0
0.0129609
0.0256835
0.0126072
71.4286
0.0930839
0.0174706
105.263
0.360555
0.050226
0.0942329
0.125712
0.376837
0.00293259
272.727
1.77515
230.769
0.322581
44.7761
0.505221
0.0488003
3.11526
0.476417
1.10173
0.00611827
56.6038
0
0.14214
200
27.7778
166.667
200
0.251931
0
0
0.250815
7.63359
166.667
0.0671254
0
0.0219932
0.345066
0.126016
0.215401
45.4545
0
0.0120205
0.0191075
0.0123365
52.6316
0.0688326
0.0141661
95.2381
0.36914
0.0452683
0.0951656
0.109087
0.348635
0.00646707
300
1.78359
230.769
0.314367
100
0.494805
0.0508984
2.8626
0.48
1.3947
0.00634411
60
0
0.204054
214.286
34.8837
214.286
230.769
0.267881
0
0
0.305437
12.5786
200
0.0755087
0
0.0299262
0.291036
0.130967
0.250063
41.6667
0
0.0134134
0.0228334
0.0134337
90.9091
0.12184
0.0169758
76.9231
0.333444
0.0704325
0.10543
0.135566
0.353732
0.00576362
272.727
1.96721
230.769
0.298954
43.4783
0.437445
0.0433858
2.77008
0.426803
1.0985
0
61.2245
0
0.115844
166.667
25.641
157.895
200
0.20232
0
0
0.207318
7.29927
153.846
0.0605144
0
0.0224112
0.191461
0.099552
0.166542
40.8163
0
35.17395122675
