o
125
0.0111643
0.0659109
0.0410627
62.5
0.321234
0.0282151
76.9231
0.00547645
0.00530912
0.00455593
0.0125449
0.0182958
0.00380438
13.4228
0.182832
86.9565
0.0161406
19.0476
0.052319
0.0107924
0.437733
0.0983623
0.256706
0.0134411
13.8889
0.00281832
0.57241
125
20.4082
125
117.647
0.14733
0
0.00997725
0.826105
6.25
105.263
0.0370103
0
0.0700133
1.1655
0.152358
0.359389
45.4545
0.00681092
0.0111584
0.0659022
0.0410644
62.5
0.319183
0.0282239
125
0.00547657
0.00530955
0.00455423
30.01255
0.0182961
23.380438
23.4228
10.18205
105.263
0.0161423
33.8983
0.0522985
9.0107893
101.441599
0.09843
17.256345
0.0134409
33.8889
0.00281902
0.558659
125
40.4082
117.647
50.147319
0
10.996289
0.826446
46.30915
105.263
0.0372093
0
25.0703012
1.16482
0.152358
0.35524
60.6061
0.00681338
23.4242799702222
