o
142.857
0.00657112
0.00660912
0.00832134
52.6316
0.0576635
0
45.4545
0.100085
0.0170522
0.0330126
0.0260034
0.0927859
0
250
1.50716
250
0.117654
54.0541
0.13289
0.0129183
2.28571
0.174262
0.30656
0
13.1579
0
0.081636
181.818
18.018
200
200
0.183807
0
0
0.0573033
4.5977
181.818
0.0367979
0
0.010201
0.0584078
0.0259309
0.0450735
13.3333
0
0.00651496
0.00623375
0.00853628
62.5
0.057435
0
29.4118
0.102965
0.0175984
0.0331389
0.0263286
0.0934885
0
222.222
1.50489
181.818
0.118064
52.6316
0.13344
0.0128875
2.35294
0.174429
0.267272
0
15.2672
0
0.0854701
181.818
19.6078
181.818
0.178955
0
0
0.0579744
5.49451
142.857
0.0370865
0
0.00969382
0.0554262
0.0270022
0.0459327
15.873
0
0.00669743
0.0059689
0.00813517
58.8235
0.0508518
0.00660768
22.2222
0.123335
0.0178782
0.0285845
0.021433
0.0600438
0
200
1.22026
166.667
0.0790733
37.7358
0.0903791
0.0103452
1.99601
0.15727
0.307172
0
20.202
0
0.0843241
166.667
14.8148
142.857
166.667
0.16146
0
0
0.0584624
5.39084
200
0.0405129
0
0.0130945
0.0604485
0.0247451
0.0396008
10.5263
0
0.00639595
0.00633384
0.00848529
90.9091
0.0564016
0
47.619
0.0996264
0.0174429
0.0326781
0.0263428
0.0940159
0
222.222
1.49925
222.222
0.113843
30.7692
0.138026
0.0129987
2.20022
0.191755
0.306232
0
16.3934
0
0.0831048
222.222
17.8571
181.818
222.222
0.167884
0
0
0.0590214
5.07614
133.333
0.0368412
0
0.0100531
0.0528989
0.0268356
0.044611
11.4943
0
0.00628419
0.00661402
0.00792864
76.9231
0.0573263
0
40
0.0874661
0.0166352
0.0355948
0.0275069
0.0863558
0
222.222
1.38985
100
0.132406
68.9655
0.173235
0.0158183
2.15517
0.187952
0.307977
0
15.0376
0
0.0852769
117.647
18.1818
153.846
166.667
0.165673
0
0
0.0607497
3.78072
200
0.0383642
0
0.0107529
0.0601431
0.0266624
0.0424755
9.61538
0
0.00643596
0.00665062
0.00776796
58.8235
0.0554508
0
22.2222
0.0887311
0.0167398
0.0364717
0.0274801
0.0866626
0
250
1.35685
222.222
0.132529
76.9231
0.173175
0.0159056
2.25989
0.182832
0.328192
0
16.2602
0
0.0835003
181.818
20.202
133.333
142.857
0.165276
0
0
0.0594106
4.84262
153.846
0.0371147
0
0.0106825
0.0613309
0.0266944
0.0428449
5.07614
0
0.00578051
0.00624766
0.00753545
71.4286
0.0547975
0
27.7778
0.0835352
0.0138496
0.031741
0.0275353
0.0912159
0
181.818
1.41044
200
0.135575
50
0.141563
0.0148787
2.22222
0.216263
0.36785
0
21.5054
0
0.0792676
153.846
14.8148
222.222
181.818
0.152672
0
0
0.0542652
2.90698
153.846
0.0344554
0
0.011081
0.0582309
0.0284527
0.0480607
15.1515
0
0.00603118
0.00626908
0.00762777
38.4615
0.0551146
0
25
0.0815528
0.01407
0.0343654
0.0280595
0.0891504
0
166.667
1.41844
200
0.127397
48.7805
0.151286
0.0148652
2.12314
0.214202
0.427077
0
15.3846
0
0.0803503
250
20
142.857
200
0.145964
0
0
0.0556514
4.55581
95.2381
0.0359363
0
0.0115642
0.0590877
0.0292287
0.0485814
13.6986
0
0.00628571
0.00641367
0.00784234
71.4286
0.042584
0
32.2581
0.092584
0.0136335
0.0261575
0.020419
0.0742942
0
111.111
1.37741
200
0.125447
29.4118
0.165153
0.0158671
2.34192
0.217439
0.386922
0
21.978
0
0.0862627
125
14.1844
166.667
142.857
0.162655
0
0
0.0589032
4.04858
125
0.036624
0
0.0115803
0.0588166
0.0263713
0.0442126
10.8696
0
0.00587394
0.00656702
0.00779715
52.6316
0.0467946
0
31.25
0.099453
0.0136132
0.0300418
0.0216901
0.0782044
0
250
1.31752
222.222
0.121877
58.8235
0.130873
0.0140026
2.36967
0.221976
0.386997
0
26.3158
0
0.0754603
200
14.9254
153.846
153.846
0.140066
0
0
0.055212
4.36681
12.5786
0.0315467
0
0.0111171
0.0572607
0.0267437
0.044156
13.6986
0
0.00584136
0.00655733
0.00775687
47.619
0.0468757
0
27.027
0.092773
0.013624
0.0300625
0.0212413
0.0780762
0
166.667
1.34409
181.818
0.107325
58.8235
0.124961
0.013965
2.18341
0.207987
0.396668
0
22.9885
0
0.0748279
15.5039
15.625
125
200
0.148028
0
0
0.0570255
4.914
125
0.0323363
0
0.0113474
0.0562019
0.0267723
0.043756
14.2857
0
0.00626963
0.00659504
0.00752853
55.5556
0.0424052
0
38.4615
0.0872905
0.0136125
0.0259774
0.0206432
0.0714541
0
200
1.31234
105.263
0.120294
25.974
0.166016
0.015886
2.11864
0.217486
0.387297
0
23.2558
0
0.0837977
166.667
23.2558
153.846
181.818
0.164109
0
0
0.0598337
4.49438
142.857
0.0368507
0
0.0112325
0.0581734
0.0262474
0.0490822
13.5135
0
0.00598394
0.0062579
0.00727468
55.5556
0.055145
0
33.3333
0.0860956
0.0137189
0.0328116
0.0276094
0.0790701
0
166.667
1.37457
222.222
0.108584
71.4286
0.132573
0.0147164
2.27015
0.220264
0.406918
0
23.2558
0
0.0787309
166.667
19.802
153.846
200
0.158253
0
0
0.0533362
4.08998
200
0.0338072
0
0.0114601
0.057544
0.0278489
0.0483185
13.6986
0
0.00591123
0.00624122
0.00742561
55.5556
0.0552273
0
13.5135
0.0841822
0.01397
0.0285657
0.0269433
0.0797257
0
222.222
1.33333
181.818
0.114791
64.5161
0.127902
0.0145578
2.2779
0.215031
0.379147
0
23.2558
0
0.0783699
200
16.3934
153.846
166.667
0.156213
0
0
0.0518726
3.78788
111.111
0.0317239
0
0.0108418
0.0567891
0.0281175
0.0447367
15.625
0
0.00580354
0.00659396
0.00758242
43.4783
0.0470301
0
26.3158
0.0892061
0.0134264
0.0249054
0.022605
0.0871118
0
250
1.43266
250
0.110571
64.5161
0.122242
0.0151683
2.28311
0.205931
0.353482
0
19.802
0
0.0719166
200
14.8148
200
200
0.146424
0
0
0.0555833
4.49438
181.818
0.0327488
0
0.010987
0.0571037
0.0266859
0.045161
17.2414
0
0.00580965
0.00648298
0.00735873
35.7143
0.0466266
0
30.303
0.086783
0.0136359
0.0241744
0.0236726
0.0936812
0
200
1.36799
200
0.104772
60.6061
0.11374
0.0153176
2.2805
0.208225
0.339674
0
20
0
0.0746938
153.846
13.6054
142.857
222.222
0.150015
0
0
0.0546001
3.30033
166.667
0.0315254
0
0.0108635
0.0584488
0.0264662
0.0445831
11.3636
0
0.0062534
0.00620702
0.00811369
71.4286
0.0486251
0
31.25
0.0807037
0.0119028
0.0226188
0.016587
0.0551329
0
222.222
1.34862
250
0.0842637
38.4615
0.0950074
0.0114211
2.42131
0.171116
0.274085
0
14.4928
0
0.0789796
166.667
16.9492
222.222
333.333
0.162853
0
0
0.0610724
5.88235
200
0.0479157
0
0.0112059
0.0660415
0.0329435
0.0631473
20
0
0.00598881
0.00577791
0.00786649
9.56938
0.0478217
0
30.7692
0.0722935
0.0117095
0.023268
0.0169673
0.0565851
0
222.222
1.27307
181.818
0.0852588
58.8235
0.106855
0.0118103
1.94553
0.162694
0.256674
0
14.2857
0
0.0763068
166.667
14.8148
12.3457
181.818
0.143988
0
0
0.0686955
5.61798
142.857
0.0385015
0
0.0101665
0.0730994
0.0310029
0.0655759
15.748
0
0.00624383
0.00649005
0.00891436
44.4444
0.0450258
0
29.4118
0.0751399
0.0119188
0.0233852
0.0171942
0.0556452
0
222.222
1.25945
166.667
0.0833785
68.9655
0.100442
0.0121667
2.25225
0.164217
0.283407
0
17.2414
0
0.0859734
153.846
17.5439
250
222.222
0.162946
0
0
0.0594318
6.84932
142.857
0.0481812
0
0.0118446
0.0587096
0.0352883
0.055057
19.2308
0
0.00626971
0.00617826
0.00831691
52.6316
0.0450481
0
19.802
0.0817929
0.0118254
0.022184
0.0163885
0.0538909
0
250
1.27065
200
0.079277
47.619
0.0855505
0.0113322
2.33918
0.172921
0.283006
0
17.6991
0
0.0791045
153.846
19.802
200
200
0.162588
0
0
0.0593789
4.83092
250
0.047918
0
0.0111463
0.0648214
0.0331576
0.0529773
16.2602
0
0.00612115
0.00571239
0.00762768
11.8343
0.0559112
0
27.7778
0.0754091
0.01219
0.0219882
0.0177349
0.0670376
0
250
1.4881
250
0.0919625
52.6316
0.102701
0.0110627
2
0.1472
0.249532
0
12.3457
0
0.0746742
200
14.3885
181.818
153.846
0.149611
0
0
0.0683527
6.53595
142.857
0.0343218
0
0.0102238
0.08364
0.0364857
0.0678219
17.2414
0
0.00629675
0.00575311
0.00764991
55.5556
0.0524329
0
30.303
0.0735943
0.0122957
0.0220755
0.0175943
0.0708466
0
200
1.44404
200
0.100533
62.5
0.101122
0.0112722
1.8797
0.152311
0.271076
0
9.61538
0
0.0750159
200
17.8571
166.667
125
0.150568
0
0
0.0671592
3.87597
111.111
0.0342337
0
0.0102802
0.0749766
0.0375954
0.0656685
21.0526
0
0.0062679
0.00562427
0.00769246
62.5
0.0504643
0
21.978
0.0735673
0.0116472
0.0214048
0.017203
0.0701016
0
200
1.26743
222.222
0.0946253
55.5556
0.104893
0.0111991
1.84672
0.155594
0.250973
0
17.094
0
0.0762806
153.846
14.4928
105.263
142.857
0.146188
0
0
0.0660589
4.6729
125
0.0352572
0
0.0101944
0.0725111
0.040838
0.0631552
17.2414
0
0.00597554
0.00569966
0.00763402
34.4828
0.0501479
0
18.5185
0.0724375
0.0119811
0.0219534
0.0172636
0.0661748
0
200
1.56617
222.222
0.0987362
40
0.107279
0.0116751
2.08117
0.146951
0.289519
0
14.7059
0
0.0831981
200
19.802
100
153.846
0.150739
0
0
0.0660502
5.61798
90.9091
0.0369235
0
0.0100153
0.0670556
0.0420362
0.0601594
24.0964
0
0.00670241
0.00595564
0.00797385
52.6316
0.0692785
0.00672197
37.7358
0.113071
0.0165658
0.0278816
0.0190329
0.0622781
0
181.818
1.3708
222.222
0.0919583
60.6061
0.102088
0.0108627
1.99601
0.185563
0.30567
0
13.6054
0
0.0717875
142.857
17.5439
133.333
200
0.138131
0
0
0.0525293
5.91716
181.818
0.0350441
0
0.0103945
0.0510178
0.0249794
0.0418603
14.4928
0
0.00691931
0.00598448
0.00794079
62.5
0.0696258
0.00674454
54.0541
0.112854
0.0165292
0.027086
0.0185601
0.0637227
0
200
1.30124
181.818
0.0902853
38.4615
0.102859
0.0108428
2.1254
0.177274
0.282127
0
18.5185
0
0.0688705
153.846
14.9254
181.818
166.667
0.140677
0
0
0.0509814
4.81928
142.857
0.0348268
0
0.0103005
0.0494291
0.0248719
0.0420115
13.5135
0
0.0063702
0
0.00829387
50
0.0759474
0.00679235
32.2581
0.110333
0.0160913
0.0267344
0.0184147
0.0575639
0
222.222
1.31752
222.222
0.079299
38.4615
0.0870663
0.0115044
1.92308
0.170169
0.276893
0
13.4228
0
0.0752587
153.846
20
133.333
222.222
0.141383
0
0
0.0482183
3.79507
200
0.0348918
0
0.0105666
0.0511169
0.0264089
0.0465875
13.3333
0
0.00628235
0.00602297
0.00812407
66.6667
0.0510074
0.00671432
47.619
0.125945
0.0176008
0.0290812
0.0212375
0.0604339
0
166.667
1.386
181.818
0.0807135
37.7358
0.087943
0.0103458
1.85185
0.161512
0.312451
0
17.5439
0
0.0855176
181.818
13.8889
153.846
166.667
0.167546
0
0
0.0593401
5.46448
181.818
0.0409165
0
0.0131014
0.0549541
0.0237693
0.0389864
13.6986
0
0.00624079
0.00648959
0.00865273
40.8163
0.0458779
0
8.29876
0.0810077
0.0122279
0.023439
0.017192
0.0549435
0
222.222
1.2837
153.846
0.0848752
57.1429
0.100558
0.0122058
1.93798
0.163092
0.287563
0
14.3885
0
0.0863856
200
17.5439
166.667
153.846
0.157928
0
0
0.0595344
6.21118
200
0.0479409
0
0.0118572
0.0587337
0.0352535
0.0542741
12.5
0
0.00600601
0.00609637
0.0108283
74.0741
0.0745045
0.00612169
42.5532
0.0815993
0.0126885
0.0246472
0.0214493
0.0705617
0
200
1.45879
181.818
0.0915751
48.7805
0.103488
0.0107195
1.85014
0.152509
0.265041
0
20.4082
0
0.087804
222.222
21.5054
181.818
200
0.177825
0
0
0.0664496
6.07903
133.333
0.0397022
0
0.0109249
0.0697691
0.036491
0.0546597
16.3934
0
0.00602301
0.00604909
0.0107939
86.9565
0.0748251
0.00619798
40.8163
0.080795
0.0129616
0.0235888
0.0209604
0.0707289
0
200
1.554
200
0.0937295
46.5116
0.106028
0.0107007
1.92493
0.156299
0.253904
0
19.0476
0
0.0878464
181.818
19.6078
153.846
142.857
0.175917
0
0
0.0673537
5.50964
142.857
0.0406421
0
0.0107557
0.0659544
0.0373246
0.054609
11.6279
0
0.00707709
0.00614145
0.00806406
58.8235
0.0707739
0.00663418
55.5556
0.120005
0.0164182
0.0271106
0.0192626
0.0594089
0
166.667
1.40252
181.818
0.0841361
47.619
0.0930492
0.0108183
2.01207
0.171969
0.295858
0
15.748
0
0.0733568
200
12.5
181.818
181.818
0.143123
0
0
0.0502084
5.01253
153.846
0.0350257
0
0.0104838
0.0572803
0.0240356
0.0409199
9.25926
0
28.2057784084583
