o
190.476
0.0491876
0.0548827
0.0580035
107.143
0.41511
0.0376449
50
0.546597
0.131346
0.074599
0.27027
0.662361
0.0107694
181.818
2.2805
181.818
0.476134
111.111
0.828672
0.0770609
3.87973
0.736377
2.16567
0.0126948
68.9655
0
0.573477
200
67.7966
210.526
222.222
0.813173
0
0.016568
0.750188
24.3902
24.5902
0.224366
0
0.0678549
0.971817
0.235719
0.394789
68.1818
0.0063307
0.0492756
0.0548817
0.0580002
115.385
0.414766
0.037594
142.857
0.552639
0.131497
0.0745393
0.27027
0.662361
0.0107694
153.846
2.17155
81.6327
0.483384
133.333
0.825764
0.077575
4.004
0.697107
2.08659
0.0126946
72.7273
0
0.572246
210.526
70.1754
200
0.814996
0
0.0165987
0.75
7.61421
200
0.229323
0
0.0671111
0.971503
0.235497
0.39693
60
0.00633046
0.0507494
0.0549119
0.0580035
111.111
0.414995
0.0376914
142.857
0.608088
0.138332
0.0823079
0.285307
0.710353
0.0111162
166.667
2.27531
148.148
0.484496
95.2381
0.80032
0.0782197
3.82409
0.709975
2.10416
0.0130129
65.5738
0
0.568101
190.476
70.1754
210.526
210.526
0.827472
0
0.0167439
0.750188
23.8095
230.769
0.224433
0
0.0665144
0.971188
0.235036
0.396878
73.1707
0.00633065
0.0492263
0.0548857
0.0580035
107.143
0.414995
0.0376544
43.4783
0.548622
0.131337
0.0746143
0.270289
0.662471
0.0107696
166.667
2.25352
166.667
0.479501
95.2381
0.822876
0.0772559
3.76648
0.730861
2.10305
0.0126947
70.1754
0
0.578955
210.526
67.7966
210.526
173.913
0.815162
0
0.0165534
0.750563
11.3208
157.895
0.233882
0
0.0671486
0.971188
0.236128
0.395153
61.2245
0.00633065
36.1430293853333
