o
200
0
0
0
55.5556
0.0373413
0
18.1818
0.054793
0.00814996
0.0160113
0.00787086
0.0298178
0
285.714
0.963855
200
0.0474372
24.6914
0.0483384
0
1.31579
0.104058
0.13624
0
4.31034
0
0.047019
125
8.26446
250
100
0.110754
0
0
0.0245351
3.4965
250
0.0201422
0
0
0.0258994
0.0130385
0.0202536
9.09091
0
0
0
0
25.641
0.0353882
0
17.8571
0.0577634
0.00812443
0.0157573
0.00802581
0.0281508
0
181.818
1.02041
166.667
0.0485767
29.4118
0.0483676
0
1.37931
0.09999
0.164718
0
4
0
0.0455187
250
9.34579
250
0.0970403
0
0
0.0251092
3.50877
111.111
0.0208086
0
0
0.024947
0.0130395
0.0204223
4.36681
0
0
0
0
40
0.0271702
0
14.5985
0.0359099
0.005843
0.011811
0.0100582
0.0311857
0
200
0.974659
250
0.0426403
25
0.0425098
0.0059993
1.70068
0.0922594
0.137306
0
11.3636
0
0.0405088
250
13.8889
142.857
125
0.0809585
0
0
0.0285453
1.87617
200
0.0161988
0
0
0.028729
0.0134802
0.0253209
8.26446
0
0
0
0
58.8235
0.035926
0
16.8067
0.0577017
0.00813332
0.0158028
0.00815774
0.0285258
0
18.5185
1.24301
250
0.0458547
27.3973
0.0483244
0
1.70648
0.0935891
0.145666
0
6.28931
0
0.0456308
333.333
9.09091
250
125
0.1001
0
0
0.0248657
3.32226
76.9231
0.0205461
0
0
0.0258518
0.0134266
0.0203504
5.26316
0
0
0
0
47.619
0.0319499
0
14.9254
0.0579609
0.00834216
0.016843
0.00891973
0.026968
0
285.714
0.935016
105.263
0.0427296
22.7273
0.0447307
0
1.5674
0.0982801
0.182216
0
8.92857
0
0.049848
142.857
15.3846
200
125
0.10011
0
0
0.0279283
3.0303
250
0.0265343
0
0
0.0252966
0.013117
0.0202996
7.40741
0
0
0
0
71.4286
0.0315836
0
33.3333
0.0578972
0.00838954
0.0167079
0.00877578
0.0251934
0
117.647
0.975134
250
0.0419331
18.1818
0.0453751
0
1.39665
0.103778
0.157903
0
11.9048
0
0.0475195
250
10.4167
125
166.667
0.0959969
0
0
0.0290225
3.48432
125
0.025234
0
0
0.0241464
0.0133964
0.0201951
5.74713
0
0
0
0
21.2766
0.0234
0
25.641
0.0584283
0.0085021
0.0173844
0.0119189
0.0427844
0
250
1.09111
166.667
0.0615195
46.5116
0.0638162
0
1.45985
0.0837626
0.12966
0
5.37634
0
0.0457498
200
10.6383
200
111.111
0.0949307
0
0
0.0275171
4.23729
125
0.0235222
0
0
0.0246117
0.014924
0.0240917
3.93701
0
0
0
0
27.027
0.0230383
0
28.5714
0.060529
0.0085365
0.0171647
0.011998
0.0437464
0
133.333
1.04987
250
0.0632371
27.7778
0.0635163
0
1.50376
0.0830668
0.125321
0
5.14139
0
0.0465484
142.857
13.1579
250
200
0.0925069
0
0
0.026758
3.27869
125
0.0232482
0
0
0.0247366
0.0150489
0.0244004
6.45161
0
0
0
0
23.2558
0.0223924
0
13.8889
0.0382307
0.00738918
0.0166739
0.0129623
0.0371278
0
111.111
1.0923
181.818
0.0687829
33.8983
0.0649498
0.00715814
1.69492
0.128337
0.181967
0
11.4286
0
0.0397425
133.333
12.7389
90.9091
222.222
0.0739426
0
0
0.0271179
2.65957
111.111
0.0215105
0
0.00629632
0.0255813
0.0126873
0.0243552
4.7619
0
0
0
0
27.027
0.022298
0
13.5135
0.0392943
0.00760821
0.0166592
0.0129296
0.0380199
0
250
1.05764
117.647
0.0653979
25
0.0620136
0.00712715
1.69492
0.117827
0.149488
0
12.5
0
0.0379327
24.3902
6.28931
250
117.647
0.0719036
0
0
0.0261856
2.84091
125
0.021368
0
0.00613452
0.0237299
0.0132378
0.0259114
7.14286
0
0
0
0
23.2558
0.0226142
0
8.84956
0.0409903
0.00759267
0.0166389
0.0127535
0.0374546
0
250
1.13766
181.818
0.0681338
41.6667
0.0628575
0.00705062
1.85014
0.115168
0.157518
0
8.40336
0
0.0375784
222.222
10.101
111.111
166.667
0.0735294
0
0
0.0261349
2.46914
125
0.0215031
0
0.00617135
0.0239659
0.0132746
0.0248404
5.81395
0
0
0
0
66.6667
0.0234946
0
23.2558
0.0389909
0.0074949
0.016822
0.013152
0.0371609
0
142.857
1.17647
117.647
0.0684041
29.4118
0.0689132
0.00718773
1.74825
0.123039
0.17751
0
10.4167
0
0.039412
13.8889
8.96861
153.846
153.846
0.074474
0
0
0.0272324
3.30033
100
0.0214027
0
0.00618437
0.0253582
0.0126836
0.025503
9.80392
0
0
0
0
166.667
0.0271798
0
14.2857
0.0505076
0.00917625
0.014937
0.0131077
0.0398398
0
133.333
1.05932
181.818
0.0573839
21.0526
0.0590267
0.00591972
1.39762
0.08
0.121352
0
6.25
0
0.0423756
222.222
5.64972
250
166.667
0.0907729
0
0
0.0301423
3.861
125
0.0250947
0
0.00587579
0.0341285
0.0130686
0.0228932
4.73934
0
0
0
0
8
0.0276901
0
14.9254
0.0488114
0.00917962
0.0148675
0.0131904
0.0391397
0
250
1.14679
285.714
0.0552593
33.8983
0.0575937
0.0059235
1.46951
0.0785793
0.132004
0
6.84932
0
0.041278
166.667
11.8343
181.818
285.714
0.0893176
0
0
0.0314644
4.03226
142.857
0.0248318
0
0.00585172
0.0341799
0.0128452
0.0234802
5.58659
0
0
0
0
29.4118
0.0225317
0
14.4928
0.0423657
0.00774984
0.0168373
0.0128202
0.0439338
0
285.714
1.11669
200
0.0645807
22.7273
0.0642323
0.00720152
1.82815
0.106309
0.153304
0
12.5
0
0.0373937
166.667
9.25926
200
133.333
0.0720851
0
0
0.0264578
2.55754
111.111
0.0229917
0
0.00623784
0.0231734
0.0136842
0.026564
8.06452
0
0
0
0
17.8571
0.0224291
0
13.1579
0.0411336
0.00769965
0.0168606
0.0128591
0.0438183
0
181.818
1.08755
166.667
0.0652082
28.169
0.0660306
0.00719859
1.83486
0.108448
0.149667
0
10.8108
0
0.037114
285.714
8.62069
222.222
125
0.0763942
0
0
0.0263748
2.8169
250
0.0225866
0
0.00626237
0.0234291
0.0138594
0.0269462
8.19672
0
0
0
0
27.3973
0.0221806
0
12.6582
0.037312
0.00674796
0.0137885
0.0117866
0.0366663
0
333.333
1.06838
250
0.0495491
16.129
0.0446907
0.00648508
1.50376
0.080795
0.127877
0
6.17284
0
0.0321409
250
6.49351
250
166.667
0.0691754
0
0
0.033184
1.75439
250
0.0187593
0
0.00569642
0.0353757
0.0176364
0.0294672
8.40336
0
0
0
0
36.3636
0.0211046
0
25.641
0.0362463
0.00677801
0.0138947
0.0120525
0.0371016
0
200
1.07066
111.111
0.0525431
28.5714
0.0447087
0.00639525
1.5625
0.0850412
0.131926
0
7.19424
0
0.0318867
333.333
3.64964
111.111
100
0.0668181
0
0
0.0336349
2.24719
166.667
0.020247
0
0.00565899
0.0355783
0.0178053
0.0301645
6.99301
0
0
0
0
33.3333
0.0215631
0
18.5185
0.0402528
0.00636793
0.0143246
0.0117312
0.0409216
0
166.667
1.04932
200
0.0549692
25.641
0.0551663
0.00619379
1.65289
0.104058
0.140528
0
7.75194
0
0.0320708
125
8.33333
200
100
0.0660328
0
0
0.0330546
2.11864
90.9091
0.0163827
0
0.00578526
0.0334213
0.016699
0.0287183
9.85222
0
0
0
0
58.8235
0.0216525
0
13.8889
0.0371195
0.00635663
0.0143464
0.0115861
0.0373329
0
250
1.04932
111.111
0.0534702
25.641
0.053251
0.00626135
1.63399
0.0929282
0.132608
0
6.66667
0
0.0335458
250
6.28931
6.71141
250
0.0666356
0
0
0.0328915
1.85529
200
0.016818
0
0.00577191
0.0344305
0.0170361
0.0294855
7.27273
0
0
0
0
50
0.0239699
0
7.93651
0.0443027
0.00724979
0.0154031
0.0110527
0.0327097
0
125
0.968992
125
0.0435407
43.4783
0.0527037
0.0062738
1.51745
0.0833611
0.116809
0
7.5188
0
0.0383553
142.857
11.6279
125
250
0.0832501
0
0
0.03429
2.93255
125
0.0179466
0
0.00559046
0.0399329
0.0165221
0.0269136
9.47867
0
0
0
0
44.4444
0.0240523
0
21.2766
0.0441228
0.00726829
0.015193
0.01084
0.0289427
0
333.333
0.894454
100
0.0438404
34.4828
0.0545464
0.00608232
1.57233
0.0804441
0.146028
0
9.34579
0
0.0425423
125
11.4943
111.111
111.111
0.0809848
0
0
0.0362911
1.98413
333.333
0.0173572
0
0
0.0378258
0.0163847
0.0285612
7.5188
0
0
0
0
19.4175
0.0217517
0
15.3846
0.0380662
0.00713333
0.0147039
0.0116172
0.0297027
0
166.667
0.968054
111.111
0.0468647
28.5714
0.0462813
0.00632988
1.82482
0.0798531
0.134174
0
6.71141
0
0.0345447
90.9091
6.89655
250
111.111
0.0811688
0
0
0.0352423
2.33645
200
0.0179636
0
0.00563107
0.0359441
0.0186339
0.0261636
8
0
0
0
0
20.8333
0.0218917
0
15.873
0.04307
0.00750565
0.0142112
0.0118025
0.0307484
0
200
1.06952
142.857
0.0476758
16.3934
0.0450735
0.00592403
1.59236
0.0797321
0.135336
0
4.11523
0
0.0339409
333.333
11.7647
250
142.857
0.0833264
0
0
0.0345399
2.82486
200
0.018311
0
0
0.0362529
0.0184458
0.0267666
8.51064
0
0
0
0
64.5161
0.0347669
0
16.3934
0.0357181
0.00582411
0.0108694
0.0106427
0.027804
0
250
1.08696
250
0.0392943
18.8679
0.0415127
0.00591933
1.47929
0.0950209
0.154727
0
7.75194
0
0.0404367
250
11.6279
333.333
250
0.0863856
0
0
0.0278621
1.88679
200
0.0181472
0
0
0.0262805
0.014541
0.0248225
8.40336
0
0
0
0
32.2581
0.0342877
0
15.625
0.0348876
0.00606862
0.0105584
0.0101783
0.0282263
0
333.333
0.898473
111.111
0.04148
18.8679
0.040858
0.00597782
1.65289
0.0968335
0.147449
0
7.19424
0
0.0393437
333.333
8
125
250
0.0880592
0
0
0.0285633
2.12766
111.111
0.0174517
0
0
0.0269375
0.014386
0.0248583
4.71698
0
0
0
0
22.7273
0.0344323
0
21.5054
0.036184
0.0058235
0.0106157
0.0106534
0.0280269
0
250
0.927644
125
0.041927
52.6316
0.0433651
0.00591121
1.67224
0.0947598
0.154679
0
8.69565
0
0.0397472
142.857
4.13223
250
200
0.089662
0
0
0.0276886
2.23214
100
0.0184942
0
0
0.0262598
0.0145662
0.0245321
6.75676
0
0
0
0
17.8571
0.0260627
0
13.8889
0.0368847
0.00297598
0.0108429
0.0114536
0.036511
0
142.857
1.01729
125
0.0419076
18.8679
0.0405268
0.00569065
1.52672
0.0895736
0.139179
0
7.04225
0
0.0390351
250
9.43396
250
333.333
0.0715615
0
0
0.0293513
1.84843
100
0.0168149
0
0
0.0274048
0.0142045
0.0256891
4.40529
0
0
0
0
34.4828
0.0216654
0
17.2414
0.0397472
0.00638268
0.0142931
0.0116216
0.0374728
0
250
1.09649
250
0.0536107
27.027
0.0539025
0.006265
1.64745
0.0961816
0.139782
0
11.6279
0
0.0323834
250
11.1111
76.9231
200
0.0679902
0
0
0.0329717
1.98807
142.857
0.0167546
0
0.00557351
0.0341623
0.0171048
0.0283326
6.06061
0
0
0
0.00282646
57.1429
0.0245658
0
16.5289
0.0363544
0.00640652
0.0112342
0.0101249
0.0348566
0
166.667
1.14548
250
0.0502412
17.5439
0.0481487
0.00667985
1.5083
0.0849834
0.131631
0
8.69565
0
0.0384438
333.333
8.33333
250
250
0.0830841
0
0
0.0314931
1.68067
200
0.0173322
0
0
0.0343253
0.0181683
0.0343242
8.40336
0
0
0
0.00285311
27.027
0.0246975
0
10.4712
0.0367769
0.00633489
0.0109081
0.0105303
0.0364431
0
125
1.2837
250
0.0511902
25
0.0480377
0.00674168
1.49254
0.103595
0.130565
0
6.09756
0
0.0398454
250
6.62252
90.9091
166.667
0.0776156
0
0
0.0315
2.17865
90.9091
0.0179711
0
0
0.0331609
0.017256
0.032457
12.3457
0
0
0
0
39.2157
0.0342231
0
13.6054
0.0347144
0.00587648
0.010642
0.0105224
0.0270409
0
333.333
1.00705
200
0.0429664
19.2308
0.0429682
0.00588637
1.5748
0.0904814
0.148104
0
9.09091
0
0.0410004
250
11.236
125
142.857
0.0869263
0
0
0.0269505
2.91545
38.4615
0.0176957
0
0
0.0260268
0.0148985
0.0253325
6.49351
0
0
0
0
31.25
0.0226814
0
12.0482
0.0381592
0.00644833
0.016373
0.00965857
0.0322165
0
333.333
1.07759
250
0.0533191
43.4783
0.0558098
0.00695734
1.77936
0.134246
0.216779
0
17.8571
0
0.0470987
117.647
11.4286
166.667
111.111
0.119303
0
0
0.0215003
3.62319
222.222
0.018823
0
0.00559675
0.0218603
0.0136426
0.0206548
5.81395
0
0
0
0
33.3333
0.0221361
0
15.873
0.0380981
0.00652784
0.0151547
0.00943752
0.0336564
0
250
1.08578
200
0.0561924
24.3902
0.0566636
0.0072695
1.62602
0.153894
0.213129
0
15.3846
0
0.0477054
250
9.66184
200
117.647
0.115507
0
0
0.0212215
2.12993
76.9231
0.0173144
0
0
0.0220473
0.0139274
0.0199287
5.98802
0
0
0
0
35.7143
0.0220264
0
16.129
0.038429
0.00638496
0.0150652
0.00930224
0.0342877
0
250
1.19474
333.333
0.053749
30.303
0.0540891
0.0071803
2.12766
0.119646
0.192049
0
11.9048
0
0.0483582
200
10
166.667
153.846
0.114064
0
0
0.0217198
2.1575
117.647
0.0176219
0
0.00559525
0.0217453
0.0134472
0.0194917
3.57143
0
0
0
0
37.037
0.0232769
0
21.2766
0.0382775
0.00638272
0.0163661
0.00966548
0.0301423
0
125
1.01112
200
0.0546777
17.5439
0.0557724
0.00692933
1.89394
0.140766
0.212902
0
10.8696
0
0.0449297
200
12.987
86.9565
71.4286
0.120605
0
0
0.0213161
2.3175
166.667
0.0181987
0
0
0.0225708
0.0139571
0.0204645
3.59712
0
0
0
0
28.5714
0.0225571
0
5.81395
0.0517625
0.00684177
0.0137586
0.0117488
0.041684
0
333.333
1.08578
250
0.0639713
40
0.0804764
0.00706185
1.5528
0.115247
0.187301
0
14.9254
0
0.0441735
200
9.61538
153.846
166.667
0.0814332
0
0
0.0238078
2.72109
250
0.0173512
0
0.0065102
0.0225479
0.0135141
0.020444
7.75194
0
0
0
0
41.6667
0.0225882
0
12.5
0.0414233
0.00658272
0.0143117
0.00930882
0.035392
0
333.333
1.26422
125
0.0520454
37.037
0.0565068
0.00738274
1.83824
0.115848
0.157109
0
8.69565
0
0.0545926
125
12.5786
181.818
200
0.103761
0
0
0.0210194
1.91571
105.263
0.0171365
0
0.00556715
0.0221361
0.0138007
0.0182189
3.62319
0
0
0
0
32.2581
0.0222663
0
13.5135
0.0408313
0.00645853
0.0143997
0.00920353
0.0365778
0
166.667
1.09529
142.857
0.0542211
35.7143
0.0548637
0.00738422
1.83486
0.111458
0.158228
0
10.7527
0
0.0550146
181.818
11.976
117.647
200
0.10463
0
0
0.0195305
2.14362
125
0.0167733
0
0.00574815
0.0227599
0.0138723
0.0188136
4.46429
0
0
0
0
33.3333
0.0226598
0
11.7647
0.0389454
0.00647681
0.0151651
0.0093247
0.0335909
0
200
1.07181
200
0.0567247
29.4118
0.0565995
0.00724255
2.06612
0.153468
0.217486
0
9.09091
0
0.0508027
86.9565
11.976
100
181.818
0.11548
0
0
0.0209789
2.34742
166.667
0.0180439
0
0
0.0216901
0.013738
0.0202655
5.58659
0
0
0
0
45.4545
0.0236155
0
12.0482
0.0378329
0.00633649
0.0151336
0.0092389
0.0319458
0
250
1.12486
250
0.0538387
40
0.0555525
0.00696573
2.00401
0.13238
0.172801
0
10.989
0
0.0506971
166.667
12.3457
200
250
0.0959509
0
0
0.021332
2.68456
153.846
0.0180326
0
0
0.0221504
0.0133387
0.0209472
7.29927
0
0
0
0
40
0.0227858
0
25.641
0.0387297
0.00631975
0.0163682
0.00985309
0.0326264
0
166.667
1.0846
250
0.0513558
16.9492
0.0561199
0.00698885
1.90114
0.132415
0.217581
0
11.3636
0
0.0475511
111.111
3.98406
142.857
166.667
0.0907029
0
0
0.0220361
2.66667
153.846
0.0180953
0
0
0.0221234
0.0133785
0.0205859
4.87805
0
0
0
0
55.5556
0.0204378
0
13.5135
0.0362871
0.00702711
0.011386
0.00934745
0.0371858
0
250
1.07296
250
0.0569022
35.7143
0.0513795
0.005913
1.4881
0.0948407
0.155666
0
8.13008
0
0.0509892
76.9231
7.24638
333.333
200
0.107608
0
0
0.0226424
2.60078
105.263
0.0158501
0
0
0.0210966
0.0124486
0.0197029
5.12821
0
0
0
0
25.641
0.020683
0
5.84795
0.0428376
0.00681575
0.0125477
0.00932705
0.0369004
0
125
1.23762
333.333
0.0547136
20
0.0498455
0
1.8797
0.104406
0.155255
0
7.46269
0
0.0535303
250
14.2857
76.9231
250
0.107342
0
0
0.0226265
2.29621
117.647
0.0162347
0
0
0.0214698
0.0121646
0.0172688
4.14938
0
0
0
0
27.7778
0.0214069
0
13.1579
0.0376492
0.00657233
0.0152947
0.00934929
0.0327322
0
200
1.02041
166.667
0.0544959
28.5714
0.0547945
0.00709436
1.8797
0.132013
0.177305
0
9.70874
0
0.0494854
200
10.5263
142.857
95.2381
0.124906
0
0
0.0211954
2.3175
117.647
0.0181268
0
0.00560972
0.021498
0.0137644
0.0197188
4.329
0
0
0
0
8.19672
0.0236172
0
23.2558
0.0366502
0.00637588
0.0163209
0.00968917
0.0308823
0
142.857
1.06952
142.857
0.0532453
23.2558
0.0564016
0.00681696
1.79856
0.142653
0.21925
0
11.6279
0
0.0455125
200
17.5439
125
90.9091
0.120977
0
0
0.0220323
2.26757
133.333
0.0178477
0
0.00559597
0.0222079
0.013314
0.0212409
5.37634
0
0
0
0
15.3846
0.022204
0
16.129
0.0393561
0.00642715
0.0148798
0.00931394
0.0331719
0
333.333
1.14548
250
0.0551238
30.303
0.0547945
0.00709552
1.88324
0.115513
0.186428
0
15.625
0
0.0496524
250
9.61538
90.9091
250
0.11491
0
0
0.0209083
2.17391
142.857
0.0179686
0
0
0.0219293
0.0136084
0.0200373
5.91716
0
0
0
0
31.25
0.0235283
0
12.5
0.0386847
0.0064406
0.0158451
0.00969096
0.0303804
0
250
1.02669
125
0.0539258
30.303
0.0554109
0.00689427
2.12314
0.13816
0.207684
0
6.41026
0
0.0473283
125
15.625
125
166.667
0.120831
0
0
0.0217212
2.62123
200
0.0181779
0
0.00560224
0.0218183
0.0135764
0.0205723
6.80272
0
0
0
0
22.7273
0.0224276
0
25
0.0394322
0.00729203
0.0168359
0.0136032
0.0373343
0
250
1.23916
200
0.0577001
18.3486
0.0755972
0.00708391
1.72265
0.117165
0.196541
0
10.8696
0
0.0408105
125
9.80392
111.111
14.8148
0.0831705
0
0
0.0290192
2.85714
100
0.0213393
0
0.00607065
0.0266532
0.0123165
0.0241698
8.84956
0
0
0
0
31.25
0.0227381
0
21.7391
0.0401897
0.00740143
0.0170221
0.0133953
0.0365751
0
250
1.24378
250
0.0582751
20
0.0678173
0.00710114
1.69635
0.114923
0.206334
0
10.6383
0
0.0396047
153.846
10.2564
200
200
0.0807787
0
0
0.0274846
3.18471
250
0.0214735
0
0.00600096
0.0263103
0.0127183
0.0242884
11.1111
0
0
0
0
41.6667
0.0229896
0
15.873
0.0415472
0.00727453
0.0173762
0.0135735
0.0360334
0
250
1.1534
200
0.0565387
25.641
0.0664584
0.00709607
1.71233
0.114299
0.189125
0
12.1212
0
0.038792
200
5.34759
222.222
117.647
0.0755087
0
0
0.0274635
2.32558
10.5263
0.0215438
0
0.00601352
0.0258271
0.0123704
0.0245881
5.49451
0
0
0
0
13.3333
0.0222762
0
12.0482
0.0426712
0.00731518
0.0175033
0.013563
0.0365457
0
333.333
1.07181
111.111
0.0559597
28.5714
0.0678564
0.00701656
1.63399
0.11842
0.17811
0
9.09091
0
0.0386354
105.263
11.1732
111.111
142.857
0.0748475
0
0
0.0274401
2.99401
250
0.0213927
0
0.00599251
0.0263158
0.0120994
0.0244822
6.41026
0
0
0
0
43.4783
0.0231959
0
14.2857
0.0398581
0.00756224
0.0167684
0.0128655
0.0377558
0
250
1.26582
57.1429
0.0671908
20.4082
0.0633192
0.00707872
1.78094
0.119546
0.162707
0
7.72201
0
0.0399337
222.222
7.69231
133.333
71.4286
0.0722804
0
0
0.0266057
3.19489
71.4286
0.0217661
0
0.00606505
0.0242978
0.0130935
0.0256918
6.09756
0
0
0
0
34.4828
0.0222921
0
14.0845
0.0402609
0.00757008
0.0166731
0.0136659
0.0358179
0
250
1.11607
250
0.0686412
21.7391
0.06672
0.00730604
1.67364
0.118182
0.196502
0
12.4224
0
0.0396747
16.9492
11.2994
222.222
142.857
0.0750075
0
0
0.0268154
3.58423
250
0.0218895
0
0.00618869
0.0254654
0.0126197
0.0247696
9.70874
0
0
0
0
40
0.0237394
0
25
0.0401639
0.00743771
0.0166594
0.0131848
0.0373065
0
166.667
1.11732
333.333
0.0677943
46.5116
0.0654879
0.00720692
1.69062
0.119496
0.182066
0
9.70874
0
0.0399529
166.667
8.3682
133.333
142.857
0.0785608
0
0
0.0275088
3.59712
142.857
0.0213183
0
0.00623609
0.0253762
0.0127071
0.0242272
10.2041
0
0
0
0
41.6667
0.0224527
0
10.5263
0.0407365
0.00732574
0.0168671
0.0137694
0.0361246
0
250
1.16144
125
0.0572574
35.7143
0.0738716
0.00713234
1.80505
0.119033
0.194534
0
12.0482
0
0.0403559
86.9565
5.26316
200
181.818
0.0780793
0
0
0.0273583
3.06748
111.111
0.0217467
0
0.00604745
0.0257327
0.0123758
0.0246093
7.75194
0
0
0
0
22.2222
0.0221749
0
23.8095
0.0518323
0.00683892
0.0143279
0.0120499
0.0421408
0
250
1.13636
142.857
0.0637146
27.7778
0.0805932
0.00678596
1.66389
0.116414
0.213835
0
10.8696
0
0.04405
181.818
7.5188
153.846
222.222
0.0769231
0
0
0.0240246
1.69492
200
0.0165747
0
0.00651496
0.0221971
0.0136467
0.020016
3.98406
0
0
0
0
32.2581
0.0222143
0
34.4828
0.0536769
0.00692583
0.0138779
0.0116689
0.0403682
0
200
1.40252
250
0.0620771
47.619
0.0811293
0.0068654
1.65837
0.1153
0.229516
0
13.986
0
0.0452417
111.111
8.62069
133.333
71.4286
0.0815727
0
0
0.0234566
2.29358
100
0.017145
0
0.00651895
0.0225378
0.0141806
0.0202179
5.10204
0
0
0
0
25
0.0226342
0
33.3333
0.0541184
0.00695309
0.0139313
0.0118868
0.0407332
0
250
1.11982
250
0.0634478
27.027
0.0712301
0.00693645
1.62338
0.113843
0.182315
0
12.3457
0
0.0466168
125
6.19195
181.818
125
0.082447
0
0
0.0241435
2.58732
142.857
0.0170401
0
0.00639076
0.0221097
0.0138978
0.0202922
5.40541
0
0
0
0
37.037
0.0230065
0
18.8679
0.0528597
0.00686917
0.0128819
0.0117309
0.0403096
0
200
1.14943
250
0.0633192
28.5714
0.0751202
0.00741422
1.76678
0.108743
0.195848
0
9.56938
0
0.0468362
111.111
6.66667
153.846
166.667
0.0850268
0
0
0.0236217
2.54453
200
0.0192334
0
0.0063672
0.0226352
0.0137773
0.0205927
7.63359
0
0
0
0
31.25
0.0222702
0
31.25
0.0532028
0.00685321
0.0143051
0.0119137
0.041336
0
250
1.10619
111.111
0.0622007
37.037
0.0788955
0.00679805
1.57978
0.126767
0.186724
0
11.1732
0
0.043671
250
10.6952
95.2381
111.111
0.0771188
0
0
0.0238937
2.11416
200
0.0168036
0
0.00655549
0.0237001
0.014258
0.0206245
5.05051
0
0
0
0
26.3158
0.0219438
0
24.3902
0.0522931
0.00673052
0.014634
0.0119524
0.0425949
0
200
1.13766
100
0.0687238
38.4615
0.0764409
0.00673705
1.4782
0.121058
0.185219
0
8.58369
0
0.0437503
181.818
6.25
142.857
125
0.0803536
0
0
0.0235117
2.29885
90.9091
0.0162758
0
0.00654922
0.0236016
0.0139453
0.0202347
3.3557
0
0
0
0
25.641
0.0220853
0
19.6078
0.0512742
0.00669815
0.0139868
0.0120434
0.0435464
0
333.333
1.1919
12.3457
0.0693049
41.6667
0.0760919
0.00684341
1.87266
0.126382
0.193817
0
12.4224
0
0.0454566
111.111
10.929
125
105.263
0.0777847
0
0
0.0227957
2.47525
100
0.0170541
0
0.00650707
0.0228995
0.0136653
0.0199124
7.8125
0
0
0
0
62.5
0.0216783
0
25
0.0527927
0.00672948
0.0141844
0.0119107
0.0425116
0
250
1.14679
250
0.0652146
37.037
0.0797385
0.00676828
1.91205
0.126823
0.202758
0
11.236
0
0.0410872
200
8.19672
100
166.667
0.0775464
0
0
0.0234291
2.39234
142.857
0.0168019
0
0.00671903
0.0229727
0.0138808
0.0201151
3.74532
0
26.4963410102778
