o
214.286
0.0362731
0.0393448
0.0471054
133.333
0.363174
0.0345602
166.667
0.505988
0.120043
0.0890446
0.229709
0.600841
0.00897679
166.667
2.11566
130.435
0.426379
142.857
0.775595
0.067487
3.63636
0.656312
1.92555
0.0106331
71.4286
0
0.454545
176.471
66.6667
125
200
0.714286
0
0.0074763
0.690131
23.2558
230.769
0.263597
0
0.0522175
0.70307
0.218802
0.348554
75
0
0.0341456
0.0347681
0.051553
142.857
0.394166
0.037358
125
0.527056
0.122155
0.0932372
0.229727
0.601082
0.00905948
230.769
2.17865
214.286
0.429861
90.9091
0.755858
0.067766
3.69458
0.628799
1.92926
0.0106867
71.4286
0
0.450789
187.5
69.7674
130.435
0.711913
0
0.00747943
0.723415
24.7934
200
0.260507
0
0.0513628
0.716503
0.224719
0.361882
73.1707
0
0.0311223
0.0333093
0.0541477
125
0.404694
0.03588
120
0.618302
0.13155
0.0998236
0.233809
0.582185
0.00940059
214.286
2.185
214.286
0.436364
83.3333
0.746269
0.0668792
4.21941
0.60988
1.78253
0.0105079
71.4286
0
0.31736
230.769
54.5455
187.5
157.895
0.578146
0
0.00823882
0.707214
11.9048
214.286
0.264015
0
0.0483887
0.718219
0.221092
0.357398
55.5556
0
0.0334627
0.0363271
0.0433144
133.333
0.323572
0.0335115
100
0.505646
0.120062
0.0889812
0.229744
0.600721
0.00911987
187.5
2.09205
272.727
0.434531
157.895
0.75
0.067525
3.48837
0.657174
1.94301
0.0105208
73.1707
0
0.454339
200
68.1818
120
200
0.712928
0
0.00752234
0.69541
24.1935
214.286
0.255995
0
0.0533428
0.727273
0.211104
0.348635
66.6667
0
0.0342142
0.0369331
0.0432414
153.846
0.323154
0.033534
153.846
0.538068
0.11179
0.0879044
0.229709
0.600962
0.00910985
230.769
2.15054
115.385
0.431717
90.9091
0.775394
0.0674218
3.46021
0.653026
1.96721
0.0106766
71.4286
0
0.448632
272.727
73.1707
142.857
187.5
0.708215
0
0.00754114
0.688547
20.5479
214.286
0.237267
0
0.05334
0.722022
0.219925
0.352402
61.2245
0
0.0313159
0.0304624
0.0553174
111.111
0.400481
0.0377024
90.9091
0.653808
0.123993
0.107813
0.236276
0.614251
0.00924109
187.5
2.38854
200
0.434153
150
0.770812
0.06888
3.42466
0.653026
1.79964
0.0104554
75
0
0.403117
230.769
57.6923
136.364
200
0.620219
0
0.00755696
0.709555
24.7934
214.286
0.257643
0
0.0504346
0.672043
0.228016
0.354317
53.5714
0
0.0368157
0.0375573
0.0432302
142.857
0.32352
0.0335087
95.2381
0.544366
0.115781
0.087727
0.226023
0.603015
0.00902353
166.667
2.03252
250
0.423131
111.111
0.744417
0.0672465
3.47625
0.63857
2.00535
0.0107233
71.4286
0
0.487329
176.471
71.4286
200
214.286
0.718735
0
0.00746194
0.657174
12.766
230.769
0.218118
0
0.0514933
0.711744
0.21366
0.348554
61.2245
0
0.0368768
0.0375516
0.0433351
142.857
0.323468
0.0335306
133.333
0.53749
0.115161
0.0879998
0.226057
0.602894
0.00902359
166.667
2.03666
200
0.422535
100
0.727273
0.0670931
3.91134
0.644884
2.03252
0.0107234
75
0
0.484653
166.667
69.7674
187.5
200
0.71908
0
0.00746477
0.65703
23.0769
200
0.224098
0
0.0508165
0.710732
0.21398
0.345941
68.1818
0
39.5043354758055
