"o"
28.9371
28.978
28.9822
28.9862
28.9928
28.9972
29.0059
29.0072
29.0081
29.0118
29.0129
29.0138
29.0138
29.0176
29.0205
29.0213
29.0213
29.0229
29.0273
29.0282
29.0284
29.0295
29.0304
29.0399
29.0412
29.0416
29.0417
29.0449
29.0457
29.0471
29.0476
29.0494
29.0512
29.0525
29.0553
29.0582
29.0584
29.0586
29.06
29.0611
29.0635
29.0648
29.0652
29.0654
29.0665
29.0673
29.0677
29.0681
29.0713
29.0725
29.0728
29.0736
29.0739
29.0745
29.0746
29.0756
29.0758
29.0758
29.076
29.0761
29.0765
29.0767
29.0771
29.0793
29.0827
29.0846
29.0849
29.086
29.086
29.0868
29.0868
29.0875
29.0882
29.0896
29.0905
29.0913
29.0925
29.0938
29.0952
29.0957
29.0958
29.0968
29.0973
29.0985
29.0996
29.1
29.1004
29.1021
29.1066
29.107
29.1102
29.1125
29.1129
29.1135
29.1137
29.1154
29.1157
29.1175
29.1181
29.1186
29.1206
29.1212
29.1218
29.1231
29.1235
29.1251
29.1258
29.1305
29.1323
29.1327
29.1333
29.1338
29.1344
29.1363
29.1364
29.1393
29.1396
29.1401
29.1411
29.1413
29.1422
29.1423
29.1424
29.1427
29.1455
29.1461
29.1463
29.1467
29.1478
29.1492
29.1497
29.1511
29.1515
29.1526
29.154
29.154
29.1544
29.1544
29.1551
29.1554
29.1557
29.157
29.16
29.1603
29.1606
29.1615
29.1623
29.1633
29.1644
29.1662
29.1697
29.1725
29.1755
29.1794
29.1799
29.1809
29.1821
29.1828
29.1866
29.1869
29.1954
29.1987
29.1999
29.2028
29.2058
29.2061
29.2076
29.2078
29.2084
29.2144
29.2169
29.2169
29.219
29.2191
29.2201
29.2202
29.2209
29.2235
29.2249
29.2286
29.2302
29.2309
29.2316
29.2335
29.2349
29.241
29.2487
29.2494
29.2499
29.2502
29.2502
29.2517
29.255
29.2554
29.2596
29.2599
29.2648
29.2662
29.2669
29.2688
29.2703
29.2714
29.2718
29.2751
29.2751
29.2758
29.2762
29.2762
29.2773
29.2777
29.2807
29.2825
29.2851
29.2858
29.2862
29.2892
29.2892
29.2896
29.2896
29.2918
29.2926
29.293
29.2944
29.2956
29.2959
29.2982
29.2989
29.2997
29.3015
29.3052
29.3064
29.309
29.309
29.3093
29.3142
29.3146
29.3153
29.3153
29.316
29.3172
29.3191
29.3209
29.3213
29.325
29.3269
29.3272
29.3292
29.3298
29.331
29.3313
29.3317
29.3377
29.3414
29.3418
29.3425
29.3444
29.347
29.347
29.3477
29.353
29.3571
29.3571
29.359
29.3597
29.3642
29.3646
29.3653
29.3664
29.3679
29.3683
29.3706
29.3735
29.3777
29.3837
29.3844
29.3855
29.3855
29.3867
29.3874
29.39
29.3904
29.3971
29.4028
29.4091
29.4125
29.4136
29.4144
29.4166
29.4166
29.4189
29.4196
29.4208
29.4279
29.4294
29.4313
29.4407
29.4456
29.4471
29.4482
29.4489
29.4493
29.4493
29.4546
29.4716
29.4768
29.4772
29.4817
29.4888
29.4889
29.49
29.4919
29.5108
29.5126
29.5146
29.5153
29.5289
29.5376
29.5443
29.552
29.585
29.6963
29.7039
29.7272
29.7299
29.7326
29.734
29.7343
29.7353
29.7485
29.7497
29.7508
29.7592
29.7692
29.7694
29.771
29.7731
29.7731
29.7757
29.7781
29.7812
29.7825
29.7854
29.7879
29.7896
29.7948
29.7952
29.7952
29.7977
29.8041
29.8093
29.8116
29.815
29.8166
29.8166
29.8179
29.8199
29.8233
29.8235
29.8257
29.8281
29.8284
29.8289
29.8297
29.8309
29.8336
29.8338
29.8357
29.838
29.839
29.8399
29.8407
29.8413
29.8426
29.8455
29.8459
29.8461
29.8465
29.8478
29.8498
29.8519
29.8527
29.8531
29.8535
29.855
29.8552
29.8552
29.8554
29.8562
29.8562
29.8567
29.8598
29.8627
29.8633
29.8637
29.8643
29.8647
29.8674
29.8676
29.8691
29.8697
29.8745
29.8753
29.8755
29.8757
29.877
29.8803
29.8817
29.8821
29.8823
29.8827
29.8836
29.8848
29.8858
29.8898
29.8921
29.8951
29.8997
29.8997
29.8999
29.9005
29.9015
29.9026
29.903
29.9048
29.9079
29.9082
29.9111
29.9127
29.9135
29.9139
29.9193
29.9219
29.9222
29.9228
29.9257
29.9261
29.9282
29.9297
29.9302
29.9316
29.9323
29.9356
29.9368
29.937
29.9372
29.9374
29.9383
29.9432
29.9438
29.9455
29.9456
29.946
29.9465
29.9471
29.9473
29.9477
29.9479
29.9481
29.9504
29.9506
29.9522
29.9523
29.9537
29.9539
29.9542
29.9551
29.9561
29.9586
29.9617
29.9678
29.9681
29.9698
29.9708
29.9726
29.9734
29.9748
29.9749
29.9756
29.9757
29.9771
29.9782
29.9791
29.9814
29.9841
29.9843
29.9858
29.9862
29.9876
29.9878
29.9896
29.9896
29.9896
29.9927
29.9928
29.9945
29.9957
29.9971
29.9983
29.9986
29.9987
29.9991
30.0034
30.0052
30.0056
30.0085
30.0092
30.0138
30.0155
30.0158
30.0167
30.021
30.0214
30.0247
30.026
30.0275
30.0276
30.0281
30.0303
30.0307
30.035
30.0354
30.0404
30.0414
30.0421
30.0424
30.0434
30.0436
30.0448
30.0455
30.0464
30.0487
30.0528
30.0568
30.0589
30.0596
30.0597
30.0613
30.0707
30.0711
30.0729
30.0739
30.0773
30.0778
30.0802
30.0878
30.0903
30.0914
30.0938
30.0973
30.0989
30.1016
30.1028
30.1088
30.1092
30.1225
30.1245
30.1256
30.1276
30.1277
30.13
30.1304
30.1313
30.1349
30.1383
30.1387
30.139
30.1416
30.1431
30.1493
30.1517
30.1568
30.1592
30.1603
30.1619
30.1634
30.1636
30.1646
30.165
30.1682
30.169
30.1699
30.175
30.1765
30.1856
30.1864
30.1883
30.2034
30.2066
30.2093
30.2141
30.2192
30.2208
30.2264
30.2311
30.2371
30.2379
30.2545
30.2624
30.2652
30.2656
30.266
30.2684
30.274
30.2756
30.2784
30.2808
30.2891
30.2911
30.2943
30.2947
30.2975
30.2994
30.301
30.3018
30.303
30.3098
30.3158
30.3162
30.3178
30.3182
30.3198
30.3246
30.3281
30.3297
30.3329
30.3333
30.3337
30.3377
30.3425
30.3429
30.3453
30.3461
30.3501
30.3513
30.3525
30.3561
30.3577
30.3589
30.3589
30.3637
30.3641
30.3689
30.3701
30.3717
30.3717
30.3733
30.3749
30.3781
30.3821
30.4042
30.4065
30.4105
30.4222
30.4229
30.423
30.4254
30.4258
30.4362
30.4422
30.4447
30.4528
30.4548
30.4575
30.4592
30.4612
30.4634
30.4668
30.4685
30.47
30.4713
30.472
30.4813
30.4854
30.4878
30.4893
30.4909
30.491
30.4947
30.5052
30.5055
30.5063
30.5135
30.5196
30.5233
30.5314
30.533
30.5341
30.5353
30.5374
30.5429
30.5459
30.5491
30.5499
30.5552
30.5564
30.5596
30.56
30.5633
30.5662
30.5701
30.5718
30.5754
30.5775
30.5779
30.5808
30.5864
30.5969
30.6033
30.6044
30.6094
30.6108
30.6175
30.6243
30.6429
30.6444
30.647
30.6514
30.6906
30.7041
30.7927
