"o"
14.2496
14.2642
14.2663
14.2712
14.2728
14.2878
14.2887
14.2901
14.2901
14.2921
14.2933
14.2988
14.3006
14.3016
14.3047
14.3048
14.3052
14.3057
14.3057
14.308
14.3082
14.3082
14.3091
14.3105
14.3128
14.3142
14.3146
14.3162
14.3194
14.3199
14.32
14.3204
14.3217
14.3231
14.3233
14.3242
14.3244
14.3247
14.3252
14.3258
14.3265
14.3266
14.3272
14.3279
14.3288
14.3293
14.3295
14.3307
14.3311
14.3327
14.333
14.3336
14.3339
14.3357
14.3362
14.3363
14.3364
14.3367
14.3372
14.3377
14.3382
14.3391
14.34
14.3402
14.3419
14.3425
14.3432
14.3439
14.3443
14.3446
14.3452
14.3466
14.3469
14.3479
14.3487
14.3488
14.3488
14.3489
14.3491
14.3493
14.3498
14.3498
14.3503
14.3507
14.351
14.3512
14.3512
14.3514
14.3528
14.3528
14.3548
14.3555
14.3559
14.3567
14.3581
14.3589
14.359
14.3598
14.3605
14.3608
14.3626
14.3656
14.3673
14.3677
14.3689
14.3692
14.3704
14.3705
14.3706
14.3712
14.3714
14.3715
14.3725
14.3728
14.3733
14.3753
14.3754
14.3757
14.3791
14.3797
14.38
14.3812
14.3815
14.3819
14.3823
14.3825
14.3832
14.3834
14.3836
14.3846
14.3851
14.3861
14.3871
14.3876
14.3897
14.3915
14.3921
14.3924
14.3929
14.3933
14.3941
14.3941
14.395
14.3959
14.3959
14.3974
14.3975
14.3979
14.3979
14.3987
14.3993
14.3998
14.4002
14.401
14.4018
14.4034
14.4035
14.4037
14.4037
14.4068
14.4073
14.4074
14.4081
14.4089
14.409
14.4093
14.4094
14.4094
14.4105
14.4112
14.4114
14.4125
14.4132
14.4137
14.4143
14.4157
14.4162
14.4182
14.4189
14.4197
14.4204
14.4204
14.4206
14.4207
14.4218
14.4219
14.422
14.4231
14.424
14.424
14.4251
14.4251
14.4255
14.4264
14.4266
14.4266
14.427
14.4273
14.4279
14.4279
14.428
14.4281
14.4288
14.429
14.4301
14.4303
14.4306
14.4312
14.4312
14.4313
14.4323
14.4324
14.4324
14.4337
14.4344
14.4346
14.4353
14.4357
14.4359
14.4368
14.4369
14.4377
14.4395
14.4397
14.4402
14.4403
14.4407
14.4409
14.4411
14.4413
14.4438
14.4444
14.4447
14.4451
14.4458
14.4459
14.4465
14.4476
14.4478
14.4483
14.4487
14.4492
14.4494
14.4496
14.4498
14.45
14.4503
14.4503
14.4511
14.4512
14.4512
14.4516
14.4521
14.4521
14.4522
14.4529
14.453
14.4534
14.4534
14.4536
14.4536
14.4537
14.4538
14.4538
14.4545
14.4548
14.4552
14.4554
14.4561
14.4561
14.4563
14.4563
14.4576
14.4579
14.4585
14.4588
14.4592
14.4597
14.4601
14.4602
14.4603
14.4604
14.4605
14.461
14.4612
14.4617
14.4619
14.4621
14.4624
14.4624
14.4626
14.4628
14.4628
14.4628
14.4631
14.4632
14.4632
14.4634
14.4634
14.4635
14.4637
14.4637
14.4641
14.4642
14.4642
14.4642
14.4642
14.4643
14.4644
14.465
14.4651
14.4652
14.4656
14.4657
14.4657
14.4659
14.4663
14.4664
14.467
14.4673
14.4673
14.4675
14.4677
14.4679
14.4682
14.4684
14.4684
14.4684
14.4684
14.4686
14.4688
14.4688
14.4695
14.4695
14.4695
14.4699
14.4699
14.4704
14.4708
14.4709
14.4715
14.4717
14.4719
14.4722
14.4724
14.4724
14.4724
14.4724
14.4729
14.4731
14.4731
14.4731
14.4733
14.4737
14.4739
14.4739
14.4742
14.4746
14.4751
14.4751
14.4753
14.4753
14.4755
14.4757
14.4759
14.476
14.4762
14.4762
14.4762
14.4764
14.4766
14.4766
14.477
14.4771
14.4771
14.4773
14.4773
14.4775
14.4777
14.4777
14.4779
14.4779
14.478
14.4782
14.4784
14.479
14.4791
14.4793
14.4795
14.4797
14.4797
14.4799
14.4802
14.4802
14.4804
14.4804
14.4804
14.4806
14.4806
14.4808
14.4811
14.4813
14.4818
14.4819
14.4824
14.4824
14.4826
14.4835
14.4835
14.4837
14.484
14.484
14.4844
14.4848
14.4848
14.4849
14.4851
14.4851
14.4853
14.4855
14.4855
14.4857
14.4858
14.4858
14.4862
14.4862
14.4864
14.4866
14.4866
14.4866
14.4868
14.4869
14.4869
14.4871
14.4871
14.4877
14.4877
14.488
14.4882
14.4882
14.4886
14.4886
14.4886
14.4888
14.4888
14.4895
14.4898
14.49
14.49
14.49
14.4902
14.4904
14.4904
14.4906
14.4908
14.4911
14.4915
14.4915
14.4915
14.4918
14.4918
14.4922
14.4924
14.4926
14.4928
14.4931
14.4933
14.4933
14.4935
14.4935
14.4937
14.4937
14.4938
14.4938
14.4938
14.4942
14.4949
14.4949
14.4949
14.4951
14.4951
14.4951
14.4955
14.4958
14.4958
14.4958
14.4958
14.4964
14.4966
14.4966
14.4966
14.4971
14.4973
14.4973
14.4975
14.4977
14.4978
14.498
14.4982
14.4986
14.4988
14.4988
14.4989
14.4989
14.4993
14.5
14.5002
14.5002
14.5002
14.5002
14.5008
14.5009
14.5011
14.5011
14.5015
14.5015
14.5019
14.5019
14.5026
14.503
14.5031
14.5031
14.5033
14.5037
14.5037
14.5037
14.504
14.5042
14.5044
14.5044
14.5051
14.5053
14.5053
14.5053
14.5055
14.5055
14.5057
14.5064
14.5064
14.5066
14.5066
14.5071
14.5071
14.5073
14.5073
14.5073
14.5079
14.5079
14.508
14.5082
14.5084
14.5084
14.5086
14.509
14.509
14.509
14.5091
14.5091
14.5092
14.5092
14.5093
14.5093
14.5095
14.5095
14.5097
14.5097
14.5097
14.5101
14.5104
14.5104
14.5106
14.5111
14.5113
14.5115
14.5115
14.5117
14.5121
14.5124
14.5124
14.5126
14.5126
14.5139
14.5139
14.5148
14.5148
14.515
14.5152
14.5153
14.5154
14.5154
14.5157
14.5158
14.5159
14.5159
14.5161
14.5162
14.5163
14.5163
14.5163
14.5166
14.5166
14.517
14.5172
14.5177
14.5177
14.5179
14.5183
14.5186
14.5186
14.5188
14.5188
14.519
14.5192
14.5194
14.5194
14.5196
14.5203
14.5204
14.5206
14.5216
14.5221
14.5221
14.5221
14.5221
14.5223
14.5226
14.5226
14.5228
14.5228
14.523
14.5232
14.5237
14.5238
14.525
14.525
14.5254
14.5256
14.5259
14.5259
14.5264
14.5265
14.5267
14.5268
14.5268
14.5269
14.5272
14.5272
14.5274
14.5274
14.5276
14.5278
14.5283
14.5285
14.5288
14.5289
14.5289
14.529
14.5292
14.5294
14.5294
14.5296
14.5296
14.5298
14.5299
14.5303
14.5305
14.5307
14.5312
14.5314
14.5318
14.5318
14.532
14.5321
14.5322
14.5323
14.5325
14.5328
14.5331
14.5332
14.5336
14.5336
14.5338
14.5342
14.5343
14.5343
14.5351
14.5352
14.5354
14.5356
14.5365
14.5365
14.5367
14.5367
14.5369
14.5369
14.5369
14.5374
14.5378
14.538
14.5382
14.5385
14.5388
14.5392
14.5393
14.5397
14.5398
14.54
14.5406
14.5407
14.542
14.5422
14.5422
14.5426
14.5429
14.5431
14.5431
14.5431
14.5435
14.544
14.5442
14.5444
14.5444
14.5448
14.545
14.545
14.5451
14.5454
14.5455
14.5457
14.5457
14.546
14.5466
14.5468
14.5471
14.5474
14.5476
14.5481
14.5484
14.5484
14.5493
14.5497
14.5497
14.5498
14.5504
14.5512
14.5512
14.5512
14.5516
14.5517
14.5517
14.5521
14.5528
14.5528
14.5528
14.5528
14.5531
14.5532
14.5539
14.5542
14.5544
14.5545
14.5547
14.5548
14.5552
14.5555
14.5556
14.5558
14.5563
14.5566
14.5567
14.5576
14.5578
14.5578
14.5583
14.5584
14.5585
14.5585
14.5587
14.5589
14.5589
14.5593
14.5594
14.5596
14.5597
14.56
14.5601
14.5604
14.5608
14.5609
14.5609
14.561
14.5611
14.5611
14.5616
14.5622
14.5624
14.5624
14.5626
14.5632
14.5639
14.5642
14.5645
14.5648
14.5649
14.5649
14.5649
14.5651
14.5656
14.566
14.5665
14.5665
14.5676
14.5676
14.5677
14.5678
14.5679
14.5679
14.5687
14.5691
14.5692
14.5695
14.5701
14.5702
14.5707
14.5708
14.5712
14.5719
14.5719
14.5729
14.573
14.5733
14.5736
14.5742
14.5747
14.576
14.5762
14.5762
14.5763
14.5763
14.5768
14.577
14.5782
14.5785
14.5787
14.5798
14.5811
14.582
14.5832
14.5833
14.5837
14.5839
14.584
14.5845
14.5848
14.5848
14.585
14.5855
14.5856
14.5861
14.5861
14.5865
14.5865
14.5872
14.5872
14.5876
14.5877
14.5883
14.5884
14.5889
14.5891
14.5909
14.5919
14.5922
14.5924
14.5926
14.5957
14.5971
14.5975
14.5976
14.6014
14.6021
14.6025
14.6027
14.603
14.604
14.6042
14.6055
14.6058
14.6062
14.6064
14.6069
14.6074
14.6093
14.6109
14.6114
14.613
14.6159
14.6161
14.6164
14.6167
14.6169
14.6169
14.6177
14.618
14.618
14.6189
14.6191
14.6191
14.6258
14.6269
14.6271
14.6285
14.629
14.6295
14.6319
14.6323
14.6328
14.6343
14.6351
14.6356
14.6367
14.638
14.6434
14.6445
14.6509
14.6515
14.6529
14.6546
14.657
14.6602
14.6646
14.6646
14.6678
14.6683
14.6707
14.6741
14.6756
14.6765
14.6769
14.678
14.6814
14.6907
14.6922
14.6924
14.698
14.704
14.7066
14.7081
14.7087
14.7145
14.7196
14.7224
14.7248
14.7274
14.7288
14.7349
14.7357
14.7378
14.741
14.746
14.7547
14.7555
14.7577
14.7649
14.7689
14.7759
14.7767
14.7786
14.7831
14.7833
14.7856
14.7863
14.7874
14.7925
14.7957
14.7983
14.7997
14.8023
14.803
14.8039
14.8041
14.8044
14.8056
14.806
14.8102
14.8115
14.813
14.8154
14.8159
14.8175
14.8181
14.8192
14.8194
14.8201
14.8206
14.8231
14.8237
14.8274
14.8278
14.8281
14.8281
14.8286
14.829
14.8301
14.8301
14.8315
14.8324
14.8332
14.8333
14.8347
14.8358
14.8374
14.8394
14.8402
14.8405
14.8418
14.8435
14.8448
14.8452
14.8453
14.8454
14.8463
14.8482
14.8499
14.8511
14.8512
14.853
14.853
14.853
14.8536
14.8536
14.8549
14.8551
14.8552
14.8559
14.8566
14.8566
14.8595
14.8606
14.8616
14.863
14.8645
14.8671
14.8677
14.8679
14.8684
14.8685
14.8725
14.8735
14.8736
14.8738
14.8741
14.8742
14.8746
14.8754
14.8754
14.876
14.8762
14.8773
14.8784
14.8788
14.879
14.8792
14.8792
14.8796
14.8816
14.8817
14.8823
14.8836
14.8842
14.8852
14.8856
14.8856
14.8857
14.8871
14.8873
14.8877
14.8886
14.8886
14.8891
14.8899
14.8915
14.8915
14.8919
14.893
14.893
14.8934
14.8936
14.8938
14.8949
14.8955
14.8957
14.8967
14.8969
14.8972
14.8973
14.8973
14.8994
14.8996
14.8998
14.9011
14.9015
14.9017
14.9019
14.9034
14.9038
14.9044
14.9053
14.9061
14.9063
14.9071
14.9074
14.9075
14.908
14.908
14.9082
14.9094
14.9096
14.9098
14.9098
14.9109
14.9111
14.9113
14.9123
14.9128
14.9136
14.9138
14.9148
14.9161
14.9161
14.9169
14.9175
14.9196
14.92
14.9202
14.9223
14.9236
14.924
14.9256
14.926
14.9261
14.9263
14.9267
14.9304
14.9308
14.9323
14.9337
14.9344
14.9346
14.9352
14.9352
14.9356
14.9358
14.9362
14.9366
14.937
14.9372
14.9373
14.9375
14.9393
14.9399
14.9402
14.9404
14.9408
14.9408
14.941
14.9416
14.9424
14.9445
14.9445
14.9451
14.9451
14.9472
14.9484
14.9486
14.9489
14.9491
14.9503
14.9509
14.9511
14.9518
14.9518
14.9524
14.9528
14.9534
14.9541
14.9548
14.9563
14.9564
14.959
14.9604
14.9606
14.9645
14.9656
14.9658
14.966
14.9664
14.9669
14.967
14.9693
14.9693
14.9703
14.9706
14.9715
14.9724
14.9728
14.9734
14.9736
14.9744
14.9745
14.9753
14.9763
14.977
14.979
14.979
14.9805
14.9807
14.9829
14.9835
14.9846
14.985
14.986
14.9862
14.9864
14.9867
14.987
14.9874
14.9881
14.9883
14.9888
14.9893
14.9905
14.9916
14.9916
14.9937
14.994
14.9946
14.9953
14.9968
14.9971
14.9971
14.999
15.0006
15.0008
15.001
15.0012
15.0015
15.0021
15.0025
15.003
15.0033
15.0044
15.0053
15.0055
15.0055
15.0055
15.0058
15.0072
15.0086
15.0089
15.009
15.0092
15.0096
15.0101
15.0101
15.0103
15.0109
15.0114
15.0123
15.0133
15.0145
15.0146
15.0151
15.0156
15.0169
15.0187
15.0191
15.0205
15.0209
15.0227
15.0235
15.0263
15.0269
15.0271
15.0276
15.0277
15.0289
15.0297
15.0299
15.0306
15.0314
15.0328
15.0335
15.034
15.0347
15.0354
15.0367
15.0384
15.0394
15.041
15.0426
15.0436
15.0445
15.0452
15.0465
15.0493
15.0505
15.0513
15.0515
15.0522
15.0541
15.0551
15.0568
15.0575
15.0578
15.0598
15.0604
15.0657
15.0659
15.0661
15.0687
15.0718
15.072
15.0728
15.0742
15.075
15.076
15.0785
15.0793
15.0804
15.0804
15.0809
15.0833
15.0834
15.0848
15.0848
15.085
15.0884
15.0884
15.0886
15.0921
15.0937
15.0947
15.0963
15.0969
15.0972
15.0986
15.0994
15.1008
15.101
15.1026
15.1026
15.1073
15.1073
15.1074
15.1075
15.1083
15.1085
15.1093
15.1107
15.1124
15.1131
15.1142
15.1156
15.1162
15.119
15.1212
15.1218
15.1241
15.1245
15.1253
15.1277
15.1309
15.1348
15.1384
15.1386
15.1408
15.141
15.1424
15.1438
15.1483
15.1489
15.1495
15.1549
15.1587
15.1605
15.1627
15.1652
15.1668
15.171
15.1788
15.1966
15.1986
15.2003
15.2042
15.2042
15.2048
15.2056
15.2058
15.21
15.2122
15.2162
15.2213
15.223
15.2244
15.2247
15.2272
15.2276
15.2278
15.2287
15.2299
15.2314
15.2319
15.2407
15.2438
15.2483
15.2495
15.2646
15.2648
15.2663
15.2665
15.2668
15.2688
15.2723
15.2728
15.2753
15.2778
15.281
15.2821
15.2842
15.2874
15.2893
15.2921
15.3002
15.3027
15.3052
15.3209
15.3291
15.3439
15.375
