"o"
3.43721
3.44465
3.45821
3.45971
3.47193
3.48008
3.48171
3.48251
3.48499
3.48579
3.48663
3.48975
3.49303
3.49392
3.4943
3.49435
3.49659
3.49667
3.49868
3.49918
3.50023
3.50036
3.50301
3.50318
3.50335
3.50395
3.50413
3.50413
3.50418
3.50476
3.50484
3.50508
3.50566
3.50582
3.50617
3.50635
3.50642
3.5069
3.50711
3.50792
3.50792
3.5083
3.50847
3.5086
3.50864
3.50873
3.50894
3.50898
3.50911
3.5092
3.50933
3.50975
3.50997
3.51014
3.51027
3.51031
3.51031
3.51048
3.51095
3.51137
3.51227
3.51232
3.51237
3.51241
3.51265
3.51299
3.51428
3.51442
3.51447
3.51449
3.51453
3.5146
3.51473
3.51475
3.51496
3.51502
3.51511
3.5152
3.51532
3.51558
3.5156
3.51588
3.51611
3.51618
3.51621
3.51661
3.51676
3.51687
3.51696
3.51708
3.51734
3.51766
3.51774
3.51832
3.51872
3.51886
3.51902
3.51949
3.51958
3.51962
3.51971
3.51975
3.52001
3.52018
3.52022
3.52053
3.52087
3.52104
3.52108
3.52113
3.52156
3.52164
3.52168
3.52169
3.52181
3.52194
3.52207
3.52216
3.52237
3.52255
3.52259
3.52268
3.52281
3.52307
3.52353
3.52388
3.52397
3.52414
3.5243
3.52457
3.52465
3.52504
3.5257
3.52614
3.52615
3.52615
3.52617
3.52626
3.52626
3.52628
3.52641
3.5266
3.52665
3.52665
3.52667
3.52678
3.52688
3.52703
3.52714
3.52716
3.52721
3.52736
3.52751
3.52773
3.52775
3.52777
3.5279
3.52794
3.52818
3.52842
3.52861
3.52863
3.52869
3.52898
3.52904
3.52928
3.52933
3.52941
3.52943
3.52981
3.52999
3.53016
3.53031
3.53041
3.53042
3.53049
3.53062
3.5308
3.53081
3.53106
3.53119
3.5314
3.53141
3.53171
3.53171
3.53175
3.53188
3.53192
3.53219
3.53223
3.53223
3.53223
3.53253
3.53257
3.53266
3.53266
3.53271
3.53301
3.53305
3.53305
3.53314
3.53314
3.53331
3.53335
3.53348
3.53357
3.53361
3.53366
3.53366
3.53374
3.53374
3.53378
3.534
3.53413
3.53417
3.53417
3.53422
3.53439
3.53461
3.53465
3.53474
3.53504
3.53525
3.53552
3.53561
3.53561
3.53574
3.53578
3.53578
3.53587
3.53599
3.53603
3.53616
3.53625
3.53656
3.53661
3.53674
3.53678
3.53681
3.5369
3.53704
3.53708
3.53708
3.53708
3.53717
3.53725
3.53734
3.53739
3.53748
3.5375
3.53752
3.53756
3.53768
3.53794
3.538
3.53802
3.53811
3.53815
3.5382
3.53826
3.5383
3.53854
3.53874
3.53885
3.53891
3.53898
3.53898
3.53904
3.53906
3.53915
3.53926
3.53937
3.53939
3.53954
3.53961
3.53961
3.53967
3.54017
3.54038
3.54039
3.54063
3.54063
3.541
3.54117
3.54128
3.54136
3.54136
3.54149
3.54184
3.54185
3.54187
3.54191
3.54196
3.54197
3.54204
3.54214
3.54222
3.54232
3.54244
3.54245
3.54252
3.54258
3.54276
3.54283
3.54283
3.54288
3.54301
3.54301
3.5431
3.5431
3.54326
3.54327
3.54331
3.54332
3.54345
3.54358
3.54369
3.54379
3.54384
3.54387
3.54397
3.5441
3.5441
3.54427
3.5444
3.54445
3.54445
3.54448
3.54453
3.54457
3.54466
3.54471
3.54492
3.54493
3.54505
3.5451
3.54514
3.54514
3.54523
3.54523
3.54527
3.5454
3.54545
3.54545
3.54549
3.54553
3.54558
3.54562
3.54566
3.54571
3.54575
3.54575
3.54575
3.54588
3.54588
3.54588
3.54593
3.54601
3.54619
3.54623
3.54623
3.54623
3.54632
3.54645
3.54645
3.54649
3.54667
3.54671
3.54671
3.54675
3.54675
3.54675
3.5468
3.54684
3.54693
3.54701
3.54706
3.5471
3.5471
3.5471
3.5471
3.54715
3.54723
3.54727
3.54732
3.54732
3.54736
3.54741
3.54745
3.54749
3.54749
3.54754
3.54754
3.54763
3.54767
3.54785
3.54785
3.54788
3.54789
3.54793
3.54797
3.54798
3.54806
3.5481
3.54815
3.54819
3.54832
3.54833
3.54834
3.54836
3.54837
3.54846
3.54846
3.5485
3.5485
3.54854
3.54855
3.54859
3.5488
3.54885
3.54889
3.54893
3.54898
3.54916
3.54923
3.5493
3.54942
3.54942
3.5495
3.54958
3.5496
3.54963
3.54963
3.54964
3.54967
3.54989
3.5499
3.54993
3.54999
3.55003
3.55008
3.55008
3.55012
3.55015
3.55019
3.5503
3.55037
3.55043
3.55053
3.55057
3.55063
3.55065
3.55072
3.55073
3.55076
3.55078
3.55085
3.55089
3.55091
3.55091
3.55094
3.55095
3.55095
3.55104
3.55113
3.55115
3.55117
3.55118
3.55122
3.55139
3.55146
3.55152
3.55155
3.55157
3.55157
3.55157
3.55172
3.55174
3.55178
3.55187
3.5519
3.55198
3.55198
3.55198
3.55222
3.55238
3.55255
3.55257
3.55259
3.55273
3.55277
3.55281
3.55288
3.55294
3.55299
3.55316
3.55323
3.55327
3.55332
3.55334
3.55336
3.55349
3.55358
3.55367
3.55371
3.55382
3.55386
3.55393
3.55395
3.55412
3.55417
3.55418
3.55424
3.55424
3.55424
3.55424
3.5543
3.5543
3.55434
3.55447
3.55447
3.5545
3.55456
3.5546
3.55463
3.55465
3.55465
3.55474
3.55477
3.55481
3.55482
3.55482
3.5549
3.55491
3.55491
3.55494
3.55499
3.55503
3.55507
3.55517
3.55517
3.55535
3.55538
3.55539
3.55544
3.55557
3.55557
3.55574
3.55575
3.55583
3.55595
3.55596
3.55599
3.55608
3.55609
3.55617
3.55626
3.55627
3.55631
3.55631
3.55632
3.55635
3.55635
3.55643
3.55643
3.55643
3.55649
3.55675
3.55679
3.55679
3.55687
3.55692
3.55692
3.55697
3.557
3.557
3.557
3.55705
3.5571
3.55714
3.55719
3.55719
3.55723
3.55749
3.55758
3.55758
3.55758
3.55758
3.55762
3.55771
3.55771
3.55784
3.55784
3.55789
3.55793
3.55815
3.55815
3.55815
3.55819
3.55819
3.55824
3.55832
3.55832
3.55833
3.55837
3.55837
3.55841
3.55841
3.55846
3.55854
3.55854
3.55859
3.55859
3.55859
3.55859
3.55876
3.55885
3.55894
3.55894
3.55898
3.55907
3.55911
3.55911
3.55916
3.55916
3.5592
3.5592
3.55933
3.55942
3.55942
3.55955
3.5596
3.5596
3.55964
3.55968
3.55968
3.55973
3.55977
3.55982
3.5599
3.55995
3.55999
3.56004
3.56008
3.56008
3.56008
3.5603
3.5603
3.56034
3.56034
3.56038
3.56039
3.56043
3.56043
3.56052
3.5606
3.56061
3.56069
3.56074
3.56074
3.56074
3.56078
3.56079
3.56082
3.56087
3.56087
3.56091
3.56092
3.56096
3.56096
3.56109
3.56114
3.56114
3.56117
3.56117
3.56127
3.56127
3.56149
3.56157
3.56158
3.56162
3.56162
3.56167
3.56171
3.56179
3.56183
3.56184
3.56193
3.56198
3.56202
3.5621
3.5621
3.56211
3.56218
3.5622
3.56227
3.56242
3.56245
3.56246
3.56258
3.56259
3.56262
3.56262
3.56267
3.56267
3.56268
3.56271
3.56272
3.56276
3.56276
3.56277
3.56281
3.56286
3.56289
3.56289
3.5629
3.5629
3.5629
3.56293
3.56297
3.56297
3.56302
3.56311
3.56315
3.56331
3.56334
3.56337
3.56337
3.56341
3.56347
3.56359
3.56375
3.56377
3.56383
3.5639
3.56392
3.56394
3.56396
3.56399
3.56405
3.56414
3.56416
3.56422
3.56425
3.56429
3.56434
3.56444
3.56445
3.56453
3.56462
3.56464
3.56467
3.56467
3.56471
3.56473
3.56473
3.5648
3.5648
3.56482
3.56484
3.56486
3.56491
3.56497
3.56497
3.56504
3.56504
3.56511
3.56511
3.56511
3.56513
3.56526
3.5653
3.5653
3.56535
3.56535
3.56535
3.56537
3.56544
3.56544
3.56544
3.56548
3.5655
3.56552
3.56559
3.56564
3.56566
3.56568
3.56574
3.56579
3.56579
3.56588
3.5659
3.56595
3.56599
3.56603
3.56603
3.56614
3.56617
3.56623
3.56632
3.56634
3.56636
3.56639
3.56639
3.5664
3.5664
3.56643
3.56643
3.56645
3.56648
3.56659
3.56662
3.56667
3.56668
3.5667
3.5667
3.56676
3.56676
3.56678
3.56687
3.56692
3.56692
3.56701
3.56706
3.56709
3.56715
3.56715
3.5672
3.5672
3.56724
3.56728
3.56728
3.56737
3.56737
3.56745
3.56749
3.56754
3.56754
3.56755
3.56758
3.56762
3.56767
3.56768
3.56771
3.56773
3.5678
3.5678
3.56789
3.5679
3.56793
3.56798
3.56799
3.56799
3.56807
3.56808
3.56815
3.56817
3.56817
3.56821
3.56834
3.5684
3.56842
3.56847
3.56848
3.56856
3.56856
3.56861
3.56864
3.56868
3.56875
3.56884
3.56887
3.56891
3.56891
3.56896
3.56899
3.569
3.56901
3.56904
3.56905
3.56906
3.56908
3.56909
3.56914
3.56917
3.56922
3.56926
3.56931
3.56936
3.56936
3.56936
3.56944
3.56953
3.56953
3.56953
3.56957
3.56975
3.56983
3.56988
3.56988
3.56989
3.56996
3.57011
3.57011
3.57014
3.57019
3.5702
3.57028
3.57032
3.57032
3.57037
3.57037
3.57037
3.57037
3.57041
3.57046
3.57054
3.57055
3.57055
3.57063
3.57068
3.57068
3.57072
3.57076
3.57085
3.57085
3.57094
3.57099
3.57099
3.57108
3.57116
3.57121
3.57121
3.57125
3.5713
3.5713
3.57134
3.57138
3.57143
3.57143
3.57147
3.57152
3.57156
3.57156
3.5716
3.57165
3.57165
3.57169
3.57169
3.57174
3.57174
3.57178
3.57178
3.57187
3.57187
3.57191
3.57192
3.57196
3.57196
3.572
3.57205
3.57205
3.57209
3.57223
3.57227
3.57227
3.57227
3.57227
3.57231
3.57231
3.57236
3.57236
3.57236
3.57236
3.5724
3.57245
3.57249
3.57249
3.57253
3.57254
3.57266
3.57266
3.57266
3.57267
3.57267
3.57271
3.57271
3.57271
3.5728
3.57284
3.57285
3.57289
3.57289
3.57289
3.57289
3.57294
3.57297
3.57298
3.57302
3.57306
3.57306
3.57311
3.57311
3.57316
3.57319
3.5732
3.57324
3.57333
3.57333
3.57333
3.57338
3.57347
3.57347
3.57355
3.57359
3.5736
3.57368
3.57373
3.57373
3.57378
3.57378
3.57381
3.57381
3.57395
3.57403
3.57409
3.57412
3.57418
3.57422
3.57426
3.57427
3.5743
3.5743
3.57431
3.57431
3.57439
3.57439
3.57443
3.57453
3.57458
3.57462
3.57465
3.5747
3.57484
3.57487
3.57489
3.57489
3.57496
3.57498
3.57501
3.57501
3.57506
3.5751
3.57514
3.57515
3.57518
3.5752
3.5752
3.57523
3.57523
3.57523
3.57527
3.57529
3.57532
3.57532
3.57532
3.57536
3.57537
3.57537
3.57541
3.57542
3.57545
3.57545
3.57564
3.57564
3.57564
3.57566
3.57571
3.57573
3.57589
3.57594
3.57594
3.57595
3.576
3.576
3.57602
3.57611
3.57611
3.57616
3.57617
3.57617
3.57617
3.57617
3.5762
3.5762
3.57626
3.57629
3.57629
3.57635
3.57637
3.57638
3.57638
3.57642
3.57647
3.57653
3.57664
3.57664
3.57675
3.57675
3.57675
3.57682
3.57687
3.57688
3.57695
3.57695
3.57706
3.57709
3.57709
3.57709
3.57713
3.57715
3.57715
3.57722
3.57724
3.57735
3.5774
3.57742
3.57744
3.57746
3.57749
3.57751
3.57751
3.57751
3.57755
3.5776
3.5776
3.57762
3.57762
3.57762
3.57764
3.57766
3.57766
3.57768
3.57771
3.57786
3.57788
3.57802
3.57804
3.57806
3.57806
3.57808
3.57811
3.57819
3.57819
3.57824
3.57826
3.57831
3.57833
3.57835
3.57835
3.5784
3.57842
3.57853
3.57853
3.57855
3.57857
3.57859
3.57866
3.57868
3.57871
3.57873
3.57874
3.57881
3.57881
3.57884
3.57888
3.57888
3.57897
3.57901
3.57904
3.57911
3.57912
3.57912
3.57914
3.57917
3.57917
3.5792
3.5792
3.57921
3.57926
3.57928
3.5793
3.5793
3.57933
3.57943
3.57948
3.57951
3.57951
3.57951
3.57957
3.57958
3.57966
3.57966
3.57977
3.57983
3.57983
3.57991
3.57992
3.57992
3.57992
3.58001
3.58004
3.58009
3.5801
3.58013
3.58017
3.58019
3.58019
3.58019
3.58022
3.58028
3.58035
3.58035
3.58037
3.58037
3.58038
3.58043
3.58045
3.5805
3.58054
3.58058
3.58058
3.58059
3.58063
3.58066
3.58071
3.5808
3.5808
3.5808
3.58081
3.58084
3.58085
3.58089
3.5809
3.58094
3.58107
3.58109
3.58112
3.58113
3.58116
3.58116
3.5812
3.58125
3.58129
3.5813
3.5813
3.58134
3.58134
3.58135
3.58138
3.58139
3.58142
3.58143
3.5815
3.58152
3.58156
3.5816
3.58173
3.58178
3.58178
3.58179
3.58179
3.58179
3.58182
3.58182
3.58183
3.58192
3.58196
3.58196
3.582
3.58201
3.58201
3.58201
3.58209
3.5821
3.5821
3.5821
3.58213
3.58214
3.58214
3.58214
3.58219
3.58219
3.58222
3.58222
3.58224
3.58227
3.58231
3.58232
3.58236
3.58236
3.58237
3.58241
3.58246
3.58249
3.5825
3.58254
3.58258
3.58258
3.58258
3.58259
3.58259
3.58263
3.58263
3.58263
3.58267
3.58281
3.58285
3.58285
3.58286
3.5829
3.58294
3.58294
3.58298
3.58298
3.58303
3.58307
3.58311
3.58311
3.58311
3.58316
3.5832
3.58321
3.5833
3.58334
3.58338
3.58338
3.58338
3.58339
3.58343
3.58343
3.58347
3.58352
3.58352
3.58356
3.58356
3.58356
3.58365
3.5837
3.5837
3.58374
3.58374
3.58374
3.58374
3.58378
3.58383
3.58387
3.58387
3.58387
3.58392
3.58396
3.58396
3.58401
3.58405
3.58405
3.5841
3.5841
3.58414
3.58414
3.58418
3.58418
3.58423
3.58427
3.58432
3.58436
3.58436
3.58436
3.58441
3.58441
3.58445
3.58445
3.58459
3.58459
3.58459
3.58463
3.58476
3.58476
3.58476
3.58481
3.58485
3.58485
3.5849
3.58494
3.58494
3.58494
3.58499
3.58499
3.58517
3.58521
3.58521
3.5853
3.58534
3.58543
3.58547
3.58552
3.58556
3.58556
3.58561
3.58561
3.58566
3.5857
3.5857
3.58574
3.58579
3.58579
3.58579
3.58579
3.58579
3.58584
3.58584
3.58584
3.58588
3.58593
3.58601
3.58601
3.58605
3.58605
3.58606
3.5861
3.5861
3.58614
3.58615
3.58615
3.58619
3.58619
3.58619
3.58619
3.58622
3.58623
3.58628
3.58633
3.58636
3.58637
3.58637
3.5864
3.58642
3.58645
3.58645
3.58645
3.58654
3.5866
3.58668
3.58673
3.58676
3.58676
3.58678
3.58681
3.58682
3.5869
3.5869
3.58691
3.58699
3.587
3.58704
3.58709
3.58712
3.58712
3.58713
3.58713
3.58717
3.58718
3.58718
3.58721
3.58729
3.5873
3.58731
3.58735
3.5874
3.5874
3.58743
3.58744
3.58748
3.58748
3.58749
3.58752
3.58761
3.58762
3.58762
3.58762
3.58766
3.58776
3.58779
3.58785
3.58788
3.58789
3.58789
3.58798
3.58801
3.58806
3.58807
3.58809
3.5881
3.58811
3.58816
3.58816
3.58816
3.5882
3.58823
3.58825
3.58828
3.58829
3.58832
3.58832
3.58834
3.58837
3.58843
3.58844
3.58847
3.58847
3.5885
3.58852
3.58852
3.58855
3.58856
3.58856
3.58862
3.58862
3.58864
3.58864
3.58866
3.5887
3.58872
3.58872
3.58874
3.58876
3.58879
3.5888
3.5888
3.58881
3.58881
3.58883
3.5889
3.58892
3.58895
3.58896
3.58901
3.58906
3.58913
3.58917
3.58917
3.58921
3.58928
3.5893
3.58935
3.58937
3.58942
3.58944
3.58944
3.5895
3.58951
3.58961
3.58966
3.58971
3.58972
3.58973
3.58977
3.58979
3.58979
3.58984
3.58986
3.58988
3.58988
3.5899
3.5899
3.58993
3.58993
3.58993
3.58993
3.58997
3.58999
3.58999
3.59002
3.59004
3.59004
3.59006
3.59008
3.59011
3.59013
3.59015
3.59017
3.5902
3.59022
3.59024
3.59024
3.59026
3.59026
3.59033
3.59037
3.5904
3.5904
3.59042
3.59042
3.59044
3.59044
3.59046
3.59051
3.59053
3.59055
3.59055
3.5906
3.59062
3.59062
3.59064
3.59071
3.59075
3.59075
3.59078
3.5908
3.59082
3.59089
3.59091
3.59093
3.59098
3.59098
3.59102
3.59104
3.59109
3.59109
3.59111
3.59113
3.59114
3.59116
3.59118
3.5912
3.5912
3.59125
3.59125
3.59127
3.59127
3.59129
3.59129
3.59134
3.59136
3.59145
3.59151
3.59152
3.59152
3.59153
3.59158
3.5916
3.5916
3.59162
3.59165
3.59167
3.59171
3.59173
3.59174
3.59176
3.59178
3.59178
3.59185
3.59185
3.59187
3.59194
3.59194
3.59196
3.59201
3.59203
3.59203
3.59203
3.59205
3.5921
3.5921
3.59216
3.59216
3.59218
3.59219
3.59219
3.59223
3.59225
3.59241
3.59243
3.59244
3.59246
3.5925
3.59252
3.59252
3.59252
3.59252
3.59252
3.59255
3.59274
3.59277
3.59278
3.59281
3.59281
3.59281
3.59281
3.59283
3.59292
3.59295
3.59296
3.59296
3.59299
3.59301
3.59305
3.59305
3.59305
3.59308
3.5931
3.59313
3.59319
3.59323
3.59328
3.59332
3.59332
3.59337
3.59337
3.59341
3.59345
3.59345
3.59347
3.59354
3.59362
3.59362
3.59363
3.59363
3.59371
3.59372
3.59373
3.59381
3.59386
3.5939
3.59395
3.59399
3.59399
3.59399
3.59404
3.59408
3.59411
3.5942
3.5942
3.5942
3.59426
3.59427
3.59429
3.5943
3.5943
3.59434
3.59444
3.59448
3.59448
3.59462
3.59462
3.59465
3.59467
3.59471
3.59474
3.59478
3.59479
3.5948
3.5948
3.59483
3.59493
3.59493
3.59497
3.59497
3.59497
3.59501
3.59502
3.59506
3.59506
3.59506
3.59506
3.59515
3.59515
3.5952
3.59524
3.59528
3.59529
3.59533
3.59533
3.59533
3.59538
3.59542
3.59542
3.59542
3.59547
3.59551
3.59551
3.59551
3.59556
3.59556
3.5956
3.59564
3.59565
3.59565
3.59569
3.59569
3.59573
3.59573
3.59577
3.59578
3.59582
3.59582
3.59582
3.59582
3.59586
3.59587
3.59596
3.59604
3.59609
3.59613
3.59613
3.59627
3.59631
3.59632
3.59632
3.59636
3.59636
3.59636
3.59645
3.59654
3.59659
3.59663
3.59667
3.59667
3.59667
3.59667
3.59672
3.59672
3.59672
3.59677
3.59681
3.5969
3.59694
3.59699
3.59703
3.59703
3.59721
3.5973
3.59735
3.59735
3.59735
3.59739
3.59744
3.59744
3.59744
3.59748
3.59752
3.59753
3.59753
3.59753
3.59757
3.59757
3.59761
3.59761
3.59761
3.59762
3.59762
3.59766
3.59775
3.59775
3.59775
3.59775
3.59775
3.59775
3.59779
3.5978
3.59784
3.59788
3.59788
3.59793
3.59793
3.59798
3.59802
3.59802
3.59806
3.59807
3.59807
3.59807
3.59811
3.59811
3.5982
3.59824
3.59825
3.59828
3.59829
3.59838
3.59838
3.59842
3.59842
3.59852
3.59865
3.59865
3.59868
3.59869
3.59869
3.5987
3.59873
3.59878
3.59878
3.59879
3.59879
3.59883
3.59887
3.59888
3.59891
3.59891
3.59891
3.59896
3.59897
3.59906
3.5991
3.59914
3.59915
3.59915
3.59927
3.59927
3.59928
3.59933
3.59933
3.59941
3.59941
3.59945
3.59945
3.59946
3.59954
3.59959
3.59959
3.59959
3.5996
3.5996
3.59962
3.59963
3.59964
3.59964
3.59964
3.59968
3.59969
3.59969
3.59972
3.59972
3.59976
3.5998
3.59983
3.59985
3.59986
3.59986
3.5999
3.59991
3.59995
3.59998
3.59999
3.6
3.60003
3.60003
3.60012
3.60012
3.60014
3.60017
3.60018
3.60018
3.60021
3.60026
3.60027
3.6003
3.60032
3.60035
3.60035
3.60035
3.60035
3.60035
3.60036
3.60036
3.60039
3.60045
3.60045
3.60048
3.60048
3.60053
3.60053
3.60061
3.60062
3.60063
3.60068
3.60068
3.60071
3.60072
3.60072
3.60075
3.60077
3.6008
3.60081
3.60081
3.60084
3.60084
3.60084
3.60084
3.60086
3.60086
3.60086
3.60089
3.6009
3.60095
3.60095
3.60098
3.60099
3.60104
3.60105
3.60105
3.60107
3.60107
3.60108
3.60113
3.60114
3.60126
3.60128
3.60129
3.60129
3.60131
3.60131
3.60135
3.60138
3.60141
3.60143
3.60144
3.60144
3.60146
3.60147
3.60152
3.60153
3.60153
3.60153
3.60156
3.60156
3.60156
3.60169
3.60169
3.60169
3.60171
3.60176
3.60176
3.60187
3.60196
3.60201
3.60204
3.60205
3.60205
3.60207
3.60219
3.60223
3.60223
3.60223
3.60228
3.60228
3.60228
3.60232
3.60232
3.60237
3.60237
3.60237
3.60241
3.60241
3.60241
3.60241
3.60241
3.60243
3.60246
3.60248
3.60248
3.6025
3.6025
3.6025
3.60252
3.60253
3.60255
3.60259
3.60261
3.60264
3.6027
3.6027
3.60271
3.60273
3.60273
3.60275
3.60277
3.60277
3.60282
3.60282
3.60282
3.60284
3.60286
3.60288
3.60291
3.60291
3.60293
3.60295
3.60297
3.603
3.603
3.603
3.60302
3.60304
3.60313
3.60313
3.60313
3.60315
3.60318
3.60318
3.6032
3.60322
3.60322
3.60325
3.60327
3.60331
3.60333
3.60333
3.60336
3.6034
3.60342
3.60342
3.60345
3.60345
3.60345
3.60347
3.60347
3.60349
3.60351
3.60356
3.60356
3.60356
3.60358
3.6036
3.60363
3.60363
3.60365
3.60365
3.60372
3.60374
3.60374
3.60381
3.60383
3.60385
3.60392
3.60394
3.60394
3.6041
3.60414
3.60414
3.60417
3.60419
3.60423
3.60428
3.6043
3.6043
3.60433
3.60433
3.60433
3.60435
3.60437
3.60439
3.60442
3.60442
3.60444
3.60444
3.60446
3.60448
3.60451
3.60452
3.60455
3.60457
3.60457
3.60457
3.6046
3.60461
3.60461
3.60466
3.60466
3.60469
3.60469
3.60469
3.6047
3.6047
3.60473
3.60482
3.60484
3.60488
3.60491
3.60491
3.60497
3.60498
3.605
3.60502
3.60509
3.60514
3.60515
3.60515
3.60518
3.6052
3.60523
3.60527
3.60529
3.60529
3.60529
3.60529
3.60531
3.60532
3.60533
3.60533
3.60538
3.60538
3.60542
3.60545
3.60547
3.60547
3.6055
3.60551
3.60551
3.60553
3.60554
3.60559
3.60559
3.6056
3.6056
3.60565
3.60568
3.60574
3.60574
3.60578
3.60581
3.60583
3.60587
3.60587
3.60589
3.6059
3.6059
3.60592
3.60592
3.60593
3.60595
3.60595
3.60595
3.60595
3.60596
3.60599
3.60604
3.60605
3.60605
3.6061
3.60613
3.60613
3.60614
3.60618
3.60618
3.60618
3.60622
3.60623
3.60625
3.60627
3.6063
3.60631
3.60631
3.60632
3.60636
3.60637
3.60637
3.60637
3.60637
3.6064
3.6064
3.60641
3.60645
3.60646
3.60646
3.6065
3.60655
3.60655
3.60655
3.60659
3.60663
3.60664
3.60664
3.60668
3.60672
3.60673
3.60676
3.60682
3.60682
3.60685
3.60691
3.60691
3.60691
3.60691
3.60695
3.60695
3.60697
3.60699
3.607
3.60701
3.60701
3.60704
3.60704
3.60704
3.60708
3.60712
3.60717
3.60717
3.60718
3.60719
3.60721
3.60721
3.60721
3.60736
3.60736
3.60736
3.6074
3.6074
3.60744
3.60745
3.60745
3.60749
3.60749
3.60754
3.60754
3.60758
3.60758
3.60762
3.60767
3.60767
3.60772
3.60772
3.60776
3.60776
3.60776
3.60776
3.6078
3.6078
3.6078
3.60781
3.60785
3.60785
3.60785
3.60786
3.60789
3.60794
3.60798
3.60799
3.60803
3.60807
3.60807
3.60807
3.60809
3.60812
3.60816
3.60817
3.60817
3.60821
3.60821
3.60821
3.60822
3.60822
3.60827
3.60831
3.60835
3.60835
3.60835
3.60839
3.6084
3.60853
3.60853
3.60858
3.60858
3.60858
3.60867
3.60867
3.60871
3.60875
3.60879
3.6088
3.60885
3.60885
3.60885
3.60885
3.60889
3.60889
3.6089
3.60894
3.60894
3.60898
3.60898
3.60898
3.60902
3.60902
3.60902
3.60903
3.60907
3.60907
3.60911
3.60911
3.60912
3.60916
3.6092
3.60929
3.60934
3.60934
3.60939
3.60939
3.60948
3.60952
3.60952
3.60952
3.60957
3.60961
3.60966
3.60975
3.60984
3.60988
3.60993
3.60993
3.60993
3.60993
3.60997
3.60997
3.60997
3.60997
3.61002
3.61006
3.61011
3.61011
3.61015
3.61015
3.6102
3.6102
3.61024
3.61029
3.61029
3.61033
3.61043
3.61043
3.61047
3.61047
3.61047
3.61051
3.61051
3.61056
3.6106
3.61061
3.61065
3.61065
3.61069
3.61069
3.6107
3.61074
3.61078
3.61078
3.61079
3.61083
3.61088
3.61092
3.61097
3.61097
3.61097
3.61101
3.61106
3.6111
3.61115
3.61119
3.61119
3.61119
3.61119
3.61119
3.61124
3.61133
3.61133
3.61137
3.61138
3.61142
3.61142
3.6116
3.6116
3.61164
3.61165
3.61165
3.61165
3.61169
3.61174
3.61178
3.61178
3.61183
3.61183
3.61187
3.61191
3.61191
3.61191
3.61195
3.612
3.61201
3.61201
3.61205
3.61205
3.61206
3.6121
3.6121
3.61214
3.61218
3.61218
3.61219
3.61223
3.61224
3.61227
3.61232
3.61241
3.61241
3.61245
3.61246
3.6125
3.6125
3.61255
3.61259
3.61259
3.61259
3.61259
3.6126
3.6126
3.6126
3.61264
3.61264
3.61264
3.61268
3.61273
3.61282
3.61287
3.61287
3.61287
3.61287
3.61291
3.61291
3.61291
3.61295
3.61295
3.61296
3.61304
3.61309
3.61314
3.61322
3.61328
3.61331
3.61332
3.6134
3.61341
3.61346
3.61349
3.61349
3.61349
3.61351
3.61351
3.61355
3.61355
3.61358
3.61358
3.61369
3.61372
3.61372
3.61376
3.61376
3.61376
3.61378
3.61381
3.61381
3.61387
3.6139
3.6139
3.61391
3.61399
3.614
3.61408
3.61408
3.61422
3.61426
3.61429
3.61429
3.61431
3.61432
3.61435
3.61435
3.61441
3.61444
3.61446
3.6145
3.6145
3.61458
3.61458
3.61458
3.61459
3.61464
3.61467
3.61467
3.61468
3.61471
3.61471
3.61476
3.61482
3.61485
3.61487
3.61489
3.61489
3.61489
3.61491
3.61491
3.61493
3.61496
3.61499
3.61499
3.615
3.61503
3.61503
3.61505
3.61506
3.61506
3.61508
3.6151
3.61512
3.61518
3.61518
3.61526
3.61526
3.61527
3.61532
3.61537
3.61539
3.61541
3.61544
3.61544
3.61544
3.61546
3.61546
3.61553
3.61553
3.61557
3.61559
3.61562
3.61566
3.61573
3.61594
3.61594
3.61598
3.61598
3.61598
3.616
3.61603
3.61609
3.61612
3.61614
3.61618
3.61619
3.61625
3.61627
3.61629
3.6163
3.61632
3.61636
3.61643
3.61648
3.61648
3.6165
3.61652
3.61652
3.61655
3.61657
3.61659
3.61661
3.61661
3.61664
3.61664
3.61666
3.61666
3.61666
3.61666
3.61668
3.6167
3.61673
3.61675
3.61675
3.61679
3.61682
3.61684
3.61686
3.61691
3.61691
3.61693
3.61693
3.61693
3.61695
3.61695
3.61698
3.617
3.61707
3.61707
3.61707
3.61711
3.61711
3.61712
3.61716
3.6172
3.6172
3.61732
3.61738
3.61738
3.61741
3.61745
3.61747
3.61747
3.61749
3.61752
3.61761
3.61763
3.61764
3.61764
3.61764
3.61764
3.61766
3.61766
3.61766
3.6177
3.61776
3.61784
3.61784
3.61784
3.61788
3.61791
3.61793
3.61793
3.61793
3.61793
3.61793
3.61795
3.61806
3.61806
3.61809
3.61811
3.61811
3.61813
3.61815
3.61818
3.61818
3.6182
3.61824
3.61832
3.61833
3.61833
3.61833
3.61836
3.61849
3.6185
3.61852
3.61856
3.61856
3.61856
3.61859
3.61864
3.61864
3.61865
3.61865
3.61874
3.61877
3.61888
3.61888
3.61891
3.61897
3.619
3.61901
3.61901
3.61901
3.61901
3.61905
3.6191
3.6191
3.61918
3.61918
3.61923
3.61924
3.61927
3.61927
3.61927
3.61929
3.61929
3.61929
3.6193
3.61932
3.61933
3.61936
3.61938
3.61938
3.61938
3.61945
3.61945
3.61955
3.61956
3.61959
3.6196
3.6196
3.61962
3.61964
3.61968
3.61969
3.61973
3.61973
3.61974
3.61977
3.61978
3.61978
3.61982
3.61984
3.61992
3.61997
3.62
3.62001
3.62005
3.62006
3.62006
3.62006
3.62009
3.6201
3.62011
3.62011
3.62015
3.62019
3.62019
3.62019
3.62023
3.62024
3.62028
3.62028
3.62033
3.62036
3.62042
3.62042
3.62042
3.62042
3.62043
3.62046
3.62051
3.62051
3.62059
3.62059
3.6206
3.62066
3.62068
3.62068
3.62068
3.62077
3.62083
3.62084
3.62087
3.62092
3.62092
3.62096
3.621
3.621
3.62101
3.62105
3.62109
3.62109
3.6211
3.62118
3.62119
3.62124
3.62124
3.62132
3.62132
3.62132
3.62133
3.62137
3.62141
3.62141
3.62141
3.62142
3.62142
3.6215
3.62155
3.62155
3.62155
3.62155
3.62155
3.62155
3.62156
3.6216
3.6216
3.6216
3.62164
3.62164
3.62168
3.62169
3.62173
3.62174
3.62174
3.62178
3.62178
3.62178
3.62182
3.62183
3.62183
3.62188
3.62191
3.62191
3.62192
3.62192
3.62196
3.62196
3.62196
3.622
3.622
3.62201
3.62205
3.62205
3.62209
3.62209
3.62209
3.62215
3.62219
3.62223
3.62228
3.62228
3.62237
3.62237
3.62237
3.62241
3.62241
3.62241
3.62246
3.62246
3.62246
3.6225
3.6225
3.62251
3.62251
3.62255
3.62255
3.6226
3.6226
3.62264
3.62269
3.62269
3.62273
3.62273
3.62274
3.62278
3.62278
3.62278
3.62282
3.62282
3.62287
3.62287
3.62291
3.62292
3.62296
3.62296
3.62296
3.62301
3.62301
3.62305
3.62305
3.6231
3.6231
3.62314
3.62314
3.62319
3.62319
3.62319
3.62323
3.62323
3.62328
3.62328
3.62332
3.62332
3.62332
3.62333
3.62337
3.62337
3.62341
3.62342
3.62346
3.62346
3.62351
3.62351
3.62351
3.62351
3.62351
3.62355
3.62355
3.6236
3.6236
3.6236
3.62364
3.62364
3.62369
3.62374
3.62378
3.62378
3.62387
3.62387
3.62387
3.62387
3.62387
3.62392
3.62392
3.62392
3.62392
3.62396
3.62396
3.62396
3.62396
3.62396
3.62401
3.62405
3.62409
3.62414
3.62414
3.62414
3.62415
3.62415
3.62419
3.62423
3.62423
3.62424
3.62428
3.62428
3.62428
3.62437
3.62437
3.62437
3.62442
3.62442
3.62442
3.62446
3.62451
3.62451
3.62456
3.62456
3.6246
3.62461
3.62464
3.62464
3.62464
3.62464
3.62465
3.62465
3.62469
3.62469
3.62473
3.62473
3.62473
3.62474
3.62478
3.62478
3.62482
3.62482
3.62483
3.62483
3.62487
3.62487
3.62487
3.62487
3.62488
3.62488
3.62488
3.62492
3.62497
3.62501
3.62505
3.6251
3.62514
3.62514
3.62519
3.62519
3.62519
3.62519
3.62519
3.6252
3.62523
3.62524
3.62529
3.62529
3.62537
3.62546
3.62551
3.62551
3.62551
3.62555
3.62556
3.6256
3.62561
3.62564
3.62565
3.6257
3.62574
3.62578
3.62582
3.62582
3.62582
3.62587
3.62587
3.62587
3.62592
3.62592
3.62601
3.62605
3.62606
3.62611
3.62611
3.62614
3.62622
3.62623
3.62624
3.62629
3.62633
3.62634
3.62634
3.62637
3.62638
3.62642
3.62642
3.62643
3.62643
3.62652
3.62653
3.62655
3.62656
3.6266
3.62661
3.62661
3.62664
3.62666
3.62666
3.62668
3.62672
3.62673
3.62678
3.62684
3.62684
3.62687
3.62687
3.62696
3.62696
3.62698
3.62698
3.62698
3.62698
3.62701
3.62702
3.62704
3.62705
3.6271
3.62716
3.62716
3.62724
3.62728
3.62728
3.62728
3.62731
3.62733
3.62733
3.62737
3.62737
3.62737
3.62742
3.62746
3.62746
3.62748
3.62751
3.62751
3.62752
3.62752
3.62765
3.62769
3.62769
3.62769
3.62771
3.62774
3.62777
3.62778
3.62778
3.6278
3.6278
3.62783
3.62787
3.62787
3.62792
3.62792
3.62792
3.62794
3.62798
3.62803
3.6281
3.6281
3.6281
3.62817
3.62819
3.62819
3.62821
3.62821
3.62824
3.62826
3.62828
3.62828
3.62828
3.6283
3.6283
3.62833
3.62833
3.62835
3.62841
3.62842
3.62842
3.62847
3.62849
3.62853
3.62853
3.62856
3.62856
3.6286
3.62865
3.62865
3.62865
3.62867
3.62867
3.62871
3.62878
3.62878
3.62878
3.6288
3.62883
3.62888
3.62892
3.62894
3.62894
3.62894
3.62897
3.62897
3.62901
3.62903
3.62904
3.62904
3.62906
3.62908
3.62908
3.62912
3.62915
3.62917
3.62919
3.62919
3.62924
3.62926
3.62929
3.62929
3.62933
3.62933
3.62935
3.62938
3.6294
3.6294
3.62951
3.62951
3.62956
3.62963
3.62963
3.62965
3.62967
3.62967
3.62967
3.62972
3.62974
3.62974
3.62974
3.62976
3.62981
3.62986
3.62986
3.62988
3.6299
3.62997
3.63006
3.63006
3.63011
3.63011
3.63011
3.63024
3.63027
3.63029
3.63031
3.63033
3.63033
3.63038
3.6304
3.63043
3.6305
3.63052
3.63054
3.63059
3.63063
3.63063
3.63063
3.63065
3.63065
3.63065
3.63074
3.63075
3.63077
3.63084
3.63088
3.6309
3.63091
3.63091
3.63091
3.63095
3.63097
3.63097
3.63097
3.631
3.63102
3.63106
3.63106
3.63106
3.63107
3.63108
3.63109
3.63109
3.63116
3.6312
3.6312
3.6312
3.63123
3.63125
3.63125
3.63129
3.63132
3.63132
3.63134
3.63137
3.63138
3.63138
3.63143
3.63147
3.63155
3.63157
3.63157
3.63166
3.63167
3.63169
3.63169
3.6317
3.63175
3.63178
3.63179
3.63179
3.63182
3.63182
3.63184
3.63184
3.63189
3.63193
3.63195
3.63195
3.63196
3.63201
3.6321
3.63211
3.63211
3.63211
3.63213
3.63216
3.63216
3.63219
3.63219
3.63228
3.6323
3.63234
3.63239
3.63239
3.63239
3.63252
3.63258
3.63265
3.63265
3.63266
3.63266
3.63266
3.63269
3.63271
3.63275
3.6328
3.6328
3.63288
3.63288
3.63292
3.63294
3.63294
3.63295
3.63296
3.63297
3.63302
3.63302
3.63303
3.63306
3.63307
3.63307
3.63311
3.63313
3.63315
3.63315
3.63324
3.63325
3.63325
3.63325
3.63325
3.63329
3.6333
3.63334
3.63338
3.63339
3.63339
3.63344
3.63344
3.63347
3.63348
3.63352
3.63353
3.63353
3.63353
3.63353
3.63357
3.63361
3.63362
3.63362
3.63362
3.63362
3.63363
3.63366
3.63366
3.63367
3.63367
3.6337
3.63375
3.63375
3.6338
3.63381
3.63384
3.63384
3.63384
3.63389
3.63389
3.63389
3.63389
3.63393
3.63394
3.63398
3.63399
3.63399
3.63403
3.63403
3.63403
3.63407
3.63408
3.63408
3.63408
3.63412
3.63412
3.63412
3.63412
3.63416
3.63417
3.63417
3.63421
3.63421
3.63425
3.63425
3.63426
3.6343
3.63434
3.63434
3.63436
3.63439
3.6344
3.6344
3.63444
3.6345
3.63453
3.63458
3.63458
3.63462
3.63463
3.63463
3.63467
3.63467
3.63467
3.63472
3.63472
3.63472
3.63476
3.6348
3.6348
3.63481
3.63485
3.63495
3.63495
3.63499
3.63508
3.63508
3.63513
3.63517
3.63517
3.63517
3.63522
3.63522
3.63522
3.63527
3.63535
3.63536
3.6354
3.6354
3.6354
3.63545
3.63545
3.63545
3.63549
3.63559
3.63563
3.63568
3.63568
3.63572
3.63572
3.63572
3.63577
3.6359
3.63591
3.63595
3.636
3.63604
3.63604
3.63604
3.63609
3.63609
3.63609
3.63609
3.63613
3.63613
3.63618
3.63618
3.63623
3.63623
3.63623
3.63627
3.63632
3.63632
3.63636
3.63636
3.63641
3.63641
3.63641
3.63645
3.63646
3.63646
3.6365
3.6365
3.6365
3.6365
3.63655
3.63655
3.63678
3.63678
3.63682
3.63687
3.63691
3.63701
3.63705
3.6371
3.6371
3.6371
3.6371
3.63714
3.63724
3.63728
3.63728
3.63732
3.63732
3.63733
3.63737
3.63737
3.63737
3.63737
3.63742
3.63742
3.63742
3.63742
3.63747
3.63751
3.63755
3.63755
3.63756
3.6376
3.63765
3.63783
3.63783
3.63787
3.63787
3.63788
3.63791
3.63792
3.63792
3.63793
3.63797
3.63797
3.63801
3.63802
3.63806
3.6381
3.63811
3.63811
3.63811
3.63815
3.63816
3.63819
3.6382
3.6382
3.6382
3.63824
3.63829
3.63829
3.63829
3.63833
3.63833
3.63834
3.63843
3.63848
3.63852
3.63852
3.63852
3.63856
3.63856
3.63856
3.63857
3.63861
3.63866
3.6387
3.63871
3.63879
3.6388
3.6388
3.63883
3.63884
3.63888
3.63892
3.63893
3.63893
3.63894
3.63894
3.63894
3.63897
3.63897
3.63898
3.63902
3.63902
3.63903
3.63911
3.63916
3.63917
3.6392
3.63929
3.63929
3.63933
3.63933
3.63934
3.63934
3.63934
3.63939
3.63939
3.63944
3.63948
3.63949
3.63951
3.63952
3.63952
3.63953
3.63956
3.63957
3.63963
3.63966
3.63966
3.63971
3.63975
3.63976
3.6398
3.63989
3.63989
3.63989
3.63994
3.63995
3.63995
3.63995
3.64007
3.64007
3.64012
3.64021
3.64021
3.64021
3.64022
3.64022
3.64022
3.64026
3.64027
3.64027
3.6403
3.6403
3.6403
3.64036
3.64039
3.64041
3.64041
3.64044
3.64049
3.6405
3.64053
3.64053
3.64055
3.64055
3.64058
3.64058
3.64058
3.64062
3.64064
3.64067
3.64067
3.6407
3.6407
3.64072
3.64072
3.64072
3.64076
3.64081
3.64082
3.64082
3.6409
3.6409
3.6409
3.6409
3.64094
3.64099
3.64099
3.64104
3.64105
3.64108
3.64108
3.6411
3.6411
3.64119
3.64122
3.64124
3.64124
3.64124
3.64128
3.64133
3.64136
3.64138
3.64138
3.6415
3.6415
3.6415
3.6415
3.6415
3.64151
3.64154
3.64154
3.64163
3.64165
3.64166
3.64168
3.64168
3.6417
3.64174
3.64174
3.64175
3.64184
3.64188
3.64191
3.64191
3.64193
3.64195
3.64195
3.64197
3.64197
3.642
3.64202
3.64202
3.64205
3.64209
3.64209
3.64209
3.64214
3.64218
3.6422
3.64223
3.64223
3.64225
3.6423
3.64234
3.64237
3.64239
3.64241
3.64243
3.64251
3.64253
3.64253
3.64255
3.6426
3.6426
3.6426
3.64262
3.64264
3.64264
3.64264
3.64266
3.64266
3.64271
3.64271
3.64271
3.64273
3.64276
3.64276
3.6428
3.64287
3.6429
3.64292
3.64292
3.64294
3.64294
3.64299
3.64301
3.6431
3.64313
3.64313
3.64315
3.64317
3.64317
3.64319
3.64322
3.64326
3.64326
3.64326
3.64326
3.64329
3.64333
3.64336
3.64338
3.64338
3.64338
3.64347
3.64349
3.64352
3.64359
3.64375
3.64377
3.64379
3.64386
3.64388
3.64388
3.64391
3.64393
3.64393
3.64396
3.64405
3.64407
3.64409
3.64416
3.64419
3.6442
3.6442
3.64423
3.64425
3.64425
3.64432
3.64432
3.64432
3.64434
3.64437
3.64437
3.64439
3.64439
3.64448
3.64448
3.64448
3.64448
3.64451
3.64457
3.6446
3.64465
3.64469
3.64469
3.64471
3.64479
3.6448
3.6448
3.64485
3.64485
3.64485
3.64485
3.64485
3.64485
3.64489
3.64492
3.64492
3.64492
3.64492
3.64499
3.64503
3.64503
3.64503
3.64508
3.64511
3.6452
3.64525
3.64525
3.64535
3.64539
3.64539
3.6454
3.6454
3.64554
3.64562
3.64562
3.64563
3.64574
3.64575
3.6458
3.64581
3.64586
3.64589
3.64591
3.64594
3.64594
3.64601
3.64604
3.64604
3.64608
3.64612
3.64614
3.64617
3.64618
3.64618
3.64618
3.64619
3.64623
3.64623
3.64626
3.64631
3.64632
3.64635
3.64637
3.64641
3.64645
3.64645
3.64645
3.64649
3.64655
3.64655
3.64659
3.6466
3.6466
3.64664
3.64668
3.64669
3.64678
3.64679
3.64686
3.64687
3.64687
3.64687
3.64691
3.64692
3.64696
3.64696
3.64696
3.64709
3.64719
3.64719
3.64719
3.64724
3.64733
3.64737
3.64737
3.64738
3.64742
3.64742
3.64747
3.64752
3.64752
3.64755
3.64757
3.64759
3.6476
3.64762
3.64765
3.64765
3.64765
3.64769
3.6477
3.64775
3.64784
3.64784
3.64788
3.64788
3.64788
3.64802
3.64802
3.64802
3.64802
3.64803
3.64807
3.64807
3.64811
3.64811
3.64811
3.64816
3.64825
3.6483
3.64834
3.64834
3.64834
3.64834
3.64834
3.64839
3.64839
3.64839
3.64843
3.64844
3.64844
3.64853
3.64853
3.64858
3.64858
3.64866
3.64867
3.64871
3.64871
3.64871
3.64876
3.64876
3.64881
3.64894
3.64894
3.64894
3.64894
3.64899
3.64899
3.64899
3.64903
3.64904
3.64913
3.64922
3.64922
3.64927
3.64927
3.64931
3.64931
3.64931
3.64931
3.64936
3.64936
3.6494
3.6494
3.6494
3.64945
3.64945
3.6495
3.6495
3.64954
3.64954
3.64959
3.64959
3.64964
3.64968
3.64973
3.64977
3.64977
3.64982
3.64987
3.65001
3.65005
3.65005
3.65005
3.6501
3.65014
3.65014
3.65014
3.65019
3.65028
3.65028
3.65033
3.65033
3.65033
3.65037
3.65037
3.65037
3.65037
3.65038
3.65042
3.65042
3.65046
3.6506
3.6506
3.65061
3.65065
3.65065
3.65065
3.6507
3.65074
3.65074
3.65074
3.65075
3.65079
3.65083
3.65088
3.65088
3.65093
3.65093
3.65102
3.65106
3.65106
3.65107
3.65107
3.65116
3.65117
3.65125
3.6513
3.6513
3.6513
3.6513
3.65147
3.65148
3.65149
3.65153
3.65153
3.65162
3.65162
3.65162
3.65166
3.65166
3.65167
3.65171
3.65176
3.65184
3.65185
3.65186
3.65194
3.65194
3.65195
3.65199
3.65203
3.65203
3.65204
3.65204
3.65208
3.65208
3.65209
3.65209
3.65213
3.65223
3.65231
3.65237
3.6524
3.65241
3.65245
3.65245
3.65249
3.65249
3.65254
3.65263
3.65264
3.65269
3.65269
3.65269
3.65273
3.65273
3.65277
3.65278
3.65281
3.65282
3.65283
3.65283
3.65285
3.65286
3.65286
3.65288
3.65291
3.65296
3.653
3.65301
3.65306
3.65306
3.65306
3.6531
3.6531
3.65311
3.65315
3.65319
3.65319
3.65323
3.65323
3.65342
3.65342
3.65343
3.65346
3.65351
3.65352
3.65365
3.65368
3.65371
3.65379
3.6538
3.65383
3.65383
3.65383
3.65388
3.65388
3.65388
3.65393
3.65406
3.65406
3.65411
3.65411
3.65417
3.65425
3.65427
3.6543
3.65434
3.65439
3.65443
3.65448
3.65448
3.65457
3.6546
3.65468
3.65474
3.65476
3.65482
3.65483
3.65483
3.65485
3.65487
3.6549
3.65492
3.65494
3.65494
3.65504
3.6551
3.65513
3.65513
3.65517
3.6552
3.65524
3.65527
3.65529
3.65529
3.65529
3.65536
3.65536
3.65538
3.65541
3.65541
3.65545
3.65547
3.65547
3.65547
3.6555
3.6555
3.65554
3.65562
3.65564
3.65564
3.65568
3.6557
3.6557
3.65577
3.65578
3.65578
3.65582
3.65582
3.65584
3.65591
3.65591
3.65596
3.65598
3.65598
3.65601
3.65601
3.65601
3.65603
3.65605
3.65605
3.6561
3.6561
3.65612
3.65615
3.65619
3.65624
3.65624
3.65633
3.65635
3.65638
3.65642
3.65642
3.65642
3.65642
3.65645
3.65647
3.65652
3.65652
3.65652
3.65654
3.65656
3.65656
3.65659
3.65668
3.65682
3.65682
3.65684
3.65684
3.65684
3.65693
3.65693
3.657
3.65702
3.65702
3.65704
3.65704
3.65705
3.65705
3.65714
3.65721
3.65721
3.65728
3.6573
3.65744
3.65747
3.65747
3.65749
3.65751
3.65753
3.65753
3.65755
3.65761
3.65761
3.65763
3.65763
3.65765
3.65765
3.6577
3.65775
3.65781
3.6579
3.6579
3.65793
3.65795
3.658
3.65804
3.65812
3.65821
3.65823
3.65826
3.65826
3.65826
3.65826
3.65827
3.65827
3.65829
3.65832
3.65832
3.65835
3.6584
3.6584
3.6584
3.65841
3.65844
3.65846
3.65849
3.65849
3.65851
3.65851
3.65855
3.6586
3.6586
3.65869
3.65874
3.65877
3.65884
3.65886
3.65888
3.659
3.65903
3.65905
3.65906
3.65911
3.65914
3.65915
3.6592
3.6592
3.65923
3.65923
3.65925
3.65928
3.65928
3.65929
3.65933
3.65939
3.65939
3.65939
3.65951
3.65951
3.65951
3.65952
3.65956
3.65957
3.65965
3.65971
3.65976
3.65979
3.65979
3.65985
3.6599
3.6599
3.65994
3.66007
3.66012
3.66013
3.66016
3.66017
3.66017
3.66023
3.66026
3.66026
3.6603
3.66036
3.66041
3.66045
3.66045
3.6605
3.6605
3.66058
3.66059
3.66063
3.66073
3.66077
3.66077
3.66082
3.66083
3.66086
3.66086
3.66092
3.66101
3.66105
3.66105
3.6611
3.6611
3.66114
3.66115
3.6612
3.66124
3.66125
3.66128
3.66133
3.66133
3.66138
3.66138
3.66138
3.66147
3.66152
3.66156
3.66161
3.66161
3.6617
3.66175
3.6618
3.66184
3.66193
3.66194
3.66198
3.66198
3.66203
3.66212
3.66217
3.66217
3.66217
3.66217
3.66217
3.66221
3.66221
3.66221
3.66221
3.66221
3.66226
3.66226
3.66231
3.6624
3.6624
3.6624
3.66244
3.66249
3.66254
3.66258
3.66259
3.66268
3.66268
3.66273
3.66273
3.66273
3.66277
3.66277
3.66286
3.66286
3.66286
3.66286
3.66291
3.66291
3.66291
3.66291
3.663
3.6631
3.66314
3.66314
3.66319
3.66319
3.66328
3.66328
3.66328
3.66328
3.66333
3.66338
3.66342
3.66347
3.66347
3.66351
3.66356
3.66356
3.66361
3.66361
3.66361
3.66366
3.66366
3.6637
3.6637
3.66375
3.66379
3.66379
3.66384
3.66384
3.66389
3.66389
3.66389
3.66393
3.66398
3.66403
3.66403
3.66407
3.66407
3.66408
3.66412
3.66412
3.66417
3.66417
3.66421
3.66422
3.66426
3.66426
3.6643
3.6643
3.66435
3.6644
3.6645
3.66454
3.66468
3.66468
3.66472
3.66473
3.66473
3.66482
3.66482
3.66496
3.665
3.66504
3.66505
3.66505
3.66509
3.66519
3.66519
3.66519
3.66533
3.66536
3.66538
3.66543
3.66547
3.6656
3.66561
3.66574
3.66575
3.66579
3.66579
3.66584
3.66584
3.66584
3.66587
3.66588
3.66588
3.66592
3.66593
3.66598
3.66598
3.66599
3.66599
3.66602
3.66603
3.66603
3.66607
3.6662
3.66621
3.66625
3.66635
3.66636
3.66636
3.66641
3.66641
3.66641
3.66642
3.66654
3.66654
3.66654
3.66655
3.66657
3.66663
3.66663
3.66677
3.66678
3.66685
3.66691
3.66695
3.667
3.667
3.66701
3.66719
3.66722
3.66725
3.66739
3.6674
3.66742
3.66751
3.66756
3.66761
3.66767
3.66772
3.66775
3.66781
3.6679
3.66791
3.66793
3.66802
3.66804
3.66826
3.66828
3.66828
3.6683
3.66835
3.66835
3.66838
3.66838
3.6684
3.66842
3.66849
3.66851
3.66854
3.66858
3.66858
3.66865
3.66865
3.66868
3.66868
3.66872
3.66872
3.66882
3.66882
3.66884
3.66894
3.66898
3.669
3.669
3.66902
3.66905
3.6691
3.66912
3.66914
3.66914
3.66926
3.66926
3.6694
3.66942
3.66944
3.66949
3.66949
3.66952
3.66952
3.66956
3.66963
3.66965
3.66977
3.66979
3.66982
3.66984
3.66984
3.66984
3.66989
3.66993
3.67001
3.67007
3.6701
3.6701
3.67015
3.67017
3.67017
3.67038
3.67038
3.6704
3.67043
3.67045
3.67045
3.67047
3.67054
3.67059
3.67068
3.67073
3.67075
3.67077
3.67087
3.67096
3.67103
3.67105
3.67108
3.67108
3.6711
3.67115
3.67115
3.67133
3.67133
3.67136
3.67138
3.67141
3.67143
3.67144
3.67146
3.67146
3.67147
3.67149
3.67149
3.6715
3.67155
3.6716
3.6716
3.67161
3.67169
3.67172
3.67172
3.67178
3.67188
3.67189
3.67189
3.67189
3.67192
3.67194
3.67197
3.67199
3.67199
3.67203
3.67219
3.67224
3.67227
3.6723
3.67245
3.67249
3.67249
3.67249
3.6725
3.6725
3.67251
3.67253
3.67259
3.67261
3.67267
3.67269
3.67273
3.67283
3.67283
3.67287
3.67287
3.67295
3.67315
3.6732
3.6732
3.67325
3.67329
3.67334
3.67335
3.67356
3.67357
3.67367
3.67381
3.67381
3.67384
3.67385
3.6739
3.67403
3.67404
3.67413
3.67427
3.67428
3.67431
3.67431
3.67432
3.67437
3.67442
3.67445
3.67455
3.67455
3.67455
3.67455
3.6746
3.67464
3.67464
3.67474
3.67478
3.67483
3.67484
3.67493
3.67493
3.67502
3.67502
3.67506
3.67506
3.6752
3.6752
3.67521
3.67525
3.67525
3.67534
3.67535
3.67539
3.67544
3.67553
3.67554
3.67558
3.67558
3.67558
3.67563
3.67572
3.67582
3.67596
3.676
3.676
3.6761
3.6761
3.67614
3.67614
3.67614
3.67619
3.67619
3.67624
3.67624
3.67628
3.67633
3.67633
3.67633
3.67638
3.67642
3.67642
3.67647
3.67647
3.67647
3.67647
3.67647
3.67661
3.67661
3.67671
3.67689
3.67689
3.67699
3.67699
3.67699
3.67703
3.67708
3.67708
3.67708
3.67713
3.67713
3.67717
3.67722
3.67727
3.67727
3.67736
3.67736
3.6774
3.67741
3.6775
3.6775
3.67755
3.67759
3.67759
3.67764
3.67769
3.67769
3.67769
3.67769
3.67773
3.67778
3.67778
3.67787
3.67792
3.67793
3.67793
3.67806
3.67811
3.67811
3.6782
3.67825
3.67825
3.6783
3.6783
3.67839
3.67839
3.6784
3.67844
3.67853
3.67853
3.67854
3.67858
3.67858
3.67862
3.67862
3.67862
3.67867
3.67868
3.67872
3.67877
3.67882
3.67886
3.67887
3.67891
3.67891
3.679
3.67909
3.67915
3.67919
3.67919
3.67923
3.67923
3.67942
3.67943
3.67952
3.67956
3.67957
3.67961
3.67961
3.67965
3.67966
3.67978
3.67984
3.6799
3.67993
3.67998
3.68004
3.68009
3.68017
3.68017
3.68028
3.68036
3.68037
3.68037
3.68039
3.6804
3.68042
3.6805
3.6805
3.68056
3.68056
3.68065
3.68065
3.68073
3.68087
3.68089
3.68093
3.68093
3.68103
3.68106
3.68108
3.68108
3.68115
3.6812
3.68126
3.68128
3.68131
3.68136
3.68141
3.68143
3.68145
3.68158
3.68162
3.68162
3.68172
3.68172
3.68173
3.68181
3.68181
3.68197
3.682
3.68204
3.68214
3.68214
3.68221
3.68228
3.6823
3.68237
3.68237
3.68258
3.68263
3.68263
3.68265
3.68275
3.68286
3.68298
3.68301
3.68305
3.68305
3.68315
3.68317
3.68341
3.68352
3.68355
3.68357
3.68369
3.68376
3.68385
3.68385
3.68388
3.68388
3.6839
3.68411
3.68416
3.68422
3.68423
3.68425
3.68428
3.68428
3.6843
3.68453
3.68453
3.68461
3.68461
3.68463
3.68465
3.68465
3.68467
3.68467
3.6847
3.6847
3.68475
3.6848
3.68481
3.68496
3.68501
3.68513
3.68527
3.68532
3.68533
3.68538
3.68541
3.68541
3.68546
3.68547
3.6856
3.68561
3.68565
3.68566
3.68569
3.68572
3.6858
3.68585
3.68588
3.68594
3.68598
3.68599
3.68599
3.68602
3.68613
3.68627
3.68627
3.68635
3.68637
3.68637
3.68641
3.68646
3.68651
3.68657
3.6866
3.6866
3.68678
3.68684
3.68688
3.68702
3.68706
3.68706
3.68712
3.68712
3.68713
3.68716
3.68717
3.6872
3.68726
3.6873
3.68731
3.68735
3.68738
3.68739
3.68745
3.68753
3.68753
3.68753
3.68773
3.68778
3.68791
3.68801
3.68801
3.68806
3.68811
3.68815
3.68825
3.68839
3.68844
3.68853
3.68857
3.68858
3.68877
3.68877
3.6889
3.6889
3.68895
3.68895
3.68904
3.68905
3.68909
3.6891
3.68914
3.68919
3.68924
3.68928
3.68928
3.68928
3.68933
3.68933
3.68933
3.68938
3.68942
3.68952
3.68966
3.68971
3.68971
3.68971
3.68975
3.6898
3.68985
3.68985
3.6899
3.6899
3.68994
3.68999
3.69004
3.69004
3.69008
3.69008
3.69008
3.69023
3.69027
3.69037
3.69037
3.69041
3.69041
3.69046
3.69056
3.6907
3.69075
3.69079
3.69084
3.69084
3.69084
3.69089
3.69089
3.69098
3.69103
3.69112
3.69146
3.6915
3.69155
3.69164
3.69165
3.69179
3.69193
3.69201
3.69202
3.69221
3.69231
3.69235
3.6924
3.69244
3.69249
3.69249
3.69262
3.69263
3.69264
3.69267
3.69269
3.69272
3.69277
3.69286
3.69287
3.69287
3.69288
3.69288
3.69291
3.69301
3.69302
3.69302
3.69302
3.69305
3.69323
3.69325
3.69335
3.69343
3.69353
3.69353
3.69361
3.69362
3.69367
3.69376
3.69378
3.6938
3.69381
3.69382
3.69387
3.69389
3.69392
3.69395
3.69405
3.69415
3.6942
3.69425
3.69431
3.69438
3.69442
3.69444
3.69449
3.69457
3.6946
3.69461
3.69471
3.69482
3.6949
3.6949
3.69491
3.69499
3.69504
3.69504
3.69535
3.69537
3.69542
3.69546
3.69546
3.69551
3.69556
3.6956
3.69565
3.69565
3.69577
3.69594
3.69596
3.69598
3.696
3.69605
3.6961
3.69612
3.69617
3.69624
3.69631
3.69641
3.69643
3.69653
3.69674
3.69674
3.69676
3.69705
3.69707
3.69714
3.69717
3.69726
3.6974
3.69747
3.69747
3.69754
3.69764
3.69764
3.69773
3.69778
3.69781
3.69781
3.69804
3.69804
3.69809
3.69819
3.69825
3.6984
3.69842
3.69847
3.69849
3.69854
3.69858
3.69858
3.69863
3.69863
3.6987
3.69871
3.69876
3.69876
3.69876
3.69877
3.69877
3.69887
3.69892
3.69907
3.69915
3.69925
3.69929
3.69929
3.69933
3.69937
3.69948
3.69961
3.69971
3.69972
3.69997
3.69997
3.70019
3.70021
3.70023
3.70024
3.70037
3.70038
3.70042
3.70053
3.70056
3.70056
3.70057
3.70115
3.70118
3.70128
3.70147
3.70152
3.7017
3.70175
3.70176
3.7018
3.70185
3.7019
3.702
3.70204
3.70219
3.70219
3.70232
3.70238
3.70238
3.70266
3.70285
3.7029
3.70294
3.70299
3.70304
3.70309
3.70318
3.70328
3.70332
3.70337
3.70337
3.70347
3.70351
3.70356
3.70366
3.70366
3.7037
3.7037
3.70385
3.70399
3.70403
3.70403
3.70404
3.70413
3.70418
3.70418
3.70427
3.70428
3.70451
3.70461
3.70475
3.70499
3.70503
3.70522
3.70532
3.70532
3.70537
3.70541
3.70546
3.70547
3.70556
3.70556
3.70571
3.70571
3.70575
3.70585
3.70604
3.70613
3.70617
3.70617
3.70622
3.70633
3.70675
3.70679
3.70684
3.70685
3.70693
3.70709
3.70718
3.70722
3.70731
3.70749
3.70765
3.70768
3.7077
3.70774
3.70804
3.70817
3.70822
3.70843
3.70865
3.70881
3.70888
3.70917
3.70917
3.70928
3.70936
3.70955
3.70963
3.70979
3.7101
3.71031
3.71046
3.71062
3.71074
3.71098
3.71124
3.71136
3.71141
3.71174
3.71187
3.71193
3.71201
3.71203
3.71208
3.7121
3.71215
3.71217
3.7123
3.71239
3.71254
3.71258
3.7126
3.7126
3.71273
3.71289
3.71292
3.71303
3.71305
3.71317
3.71341
3.71366
3.71373
3.71398
3.71422
3.71426
3.71441
3.71461
3.71466
3.71475
3.7148
3.71493
3.71507
3.71527
3.71546
3.71551
3.71555
3.71556
3.7157
3.71575
3.71585
3.71604
3.71613
3.71637
3.71638
3.71661
3.71666
3.71666
3.71675
3.71675
3.71695
3.71728
3.71728
3.71728
3.71733
3.71733
3.71742
3.71752
3.71752
3.71752
3.71762
3.71771
3.718
3.71805
3.71814
3.71814
3.71819
3.71824
3.71833
3.71838
3.71848
3.71882
3.7189
3.71905
3.7193
3.71934
3.71944
3.71949
3.71973
3.71978
3.72006
3.7201
3.72011
3.72014
3.72029
3.72049
3.72054
3.72068
3.72068
3.72101
3.7213
3.72136
3.7214
3.72145
3.72146
3.7216
3.72165
3.72183
3.72197
3.72236
3.72245
3.72257
3.72266
3.72279
3.72308
3.72334
3.72336
3.72336
3.72346
3.72346
3.72348
3.72362
3.72365
3.72406
3.7242
3.72432
3.72432
3.72444
3.72456
3.72485
3.72492
3.72495
3.72507
3.72523
3.72528
3.7256
3.72584
3.72584
3.72589
3.72605
3.72615
3.72629
3.72642
3.7268
3.7268
3.7272
3.72734
3.72734
3.72741
3.72759
3.72787
3.72806
3.72817
3.7282
3.7283
3.72836
3.72836
3.7284
3.72878
3.72879
3.72918
3.72927
3.72927
3.72931
3.72966
3.72985
3.72995
3.73009
3.73023
3.73023
3.73028
3.73042
3.73047
3.73052
3.73125
3.73129
3.73178
3.73207
3.7326
3.73274
3.73275
3.73279
3.73283
3.73284
3.73293
3.73298
3.73317
3.73342
3.73418
3.73419
3.73453
3.73488
3.73507
3.7351
3.73539
3.73554
3.73593
3.73594
3.73602
3.73602
3.73615
3.73675
3.73686
3.73691
3.73771
3.73841
3.73846
3.73973
3.73977
3.74062
3.74068
3.74168
3.74173
3.74174
3.74226
3.74227
3.74251
3.74293
3.74332
3.74347
3.74396
3.74434
3.74439
3.74478
3.74483
3.74512
3.74546
3.74649
3.74653
3.74673
3.74673
3.74702
3.74794
3.74817
3.74838
3.74857
3.74885
3.74891
3.74896
3.74896
3.74927
3.74956
3.74971
3.7498
3.74998
3.75063
3.75203
3.75222
3.75264
3.75291
3.75315
3.75388
3.7539
3.75646
3.75666
3.75675
3.75675
3.75691
3.75729
3.75753
3.75852
3.75891
3.75901
3.75911
3.76013
3.76189
3.76215
3.76243
3.76253
3.76268
3.76278
3.76327
3.76506
3.76515
3.76567
3.76636
3.7692
3.77106
3.7727
3.77339
3.77472
3.77753
3.77941
3.78059
3.78136
3.78489
3.78535
3.78798
3.78967
3.79629
3.79739
3.80118
3.80484
3.81438
3.81801
3.82038
3.82088
