"o"
56.4467
56.4495
56.4565
56.4963
56.4997
56.5211
56.5611
56.5826
56.6222
56.6511
56.6719
56.6767
56.7142
56.7485
56.7504
56.7747
57.6878
57.7943
57.8629
57.8895
57.9208
57.928
57.9527
57.9737
58.0033
58.0071
58.0195
58.028
58.0471
58.0486
58.0537
58.0937
58.0937
58.1082
58.1193
58.1725
58.2654
58.4552
58.4803
58.4818
58.5239
58.6114
58.638
58.673
58.6975
58.769
58.8093
58.8512
59.223
59.2457
59.2624
59.2686
59.2783
59.2943
59.3003
59.317
59.3543
59.3977
59.4176
59.4488
59.4602
59.4732
59.4818
59.5298
60.3301
60.3608
60.4222
60.4553
60.4759
60.4956
60.5237
60.5557
60.5898
60.6422
60.6533
60.6863
60.6922
60.7735
60.7739
60.7862
60.8917
60.9917
60.9952
61.1245
61.2799
61.2864
61.289
61.4851
61.7096
61.7607
61.7872
61.8372
61.8464
61.9316
61.9323
61.9407
61.9797
62.0179
62.0553
62.0877
62.1086
62.1219
62.1277
62.1344
62.1393
62.161
62.2128
62.2186
62.227
62.253
62.2547
62.2697
62.3225
62.3258
62.3981
62.4099
62.457
62.4612
62.5481
62.5709
63.0703
63.2711
63.2891
63.3897
63.6905
63.7607
63.7615
63.8116
63.8354
63.8459
63.8521
63.8559
63.8679
63.8682
63.9888
64.0118
64.4519
64.695
64.7036
64.7629
64.83
64.8708
64.8849
64.9764
64.9874
65.0705
65.075
65.1413
65.1611
65.1684
65.1788
65.1822
66.0243
66.0722
66.1005
66.1118
66.1242
66.1411
66.1855
66.2328
66.3477
66.4028
66.4409
66.4486
66.4705
66.5211
66.523
66.5574
66.6034
66.6791
66.7224
66.756
68.137
68.138
68.2146
68.2368
68.2539
68.2968
68.4405
68.4674
