"o"
57.5159
57.539
57.5397
57.5777
57.6136
57.6464
57.6603
57.694
58.8037
58.9184
58.9383
58.9471
59.0135
59.0298
59.0609
59.0808
59.1631
59.1654
59.5851
59.5894
59.6015
59.6347
59.6748
59.7316
60.2937
60.3361
60.3922
60.3995
60.408
60.427
60.5314
60.5959
61.6195
61.7161
61.7161
61.729
61.7533
61.8147
61.8408
61.8903
62.2186
62.254
62.4644
62.4669
63.0821
63.1279
63.2488
63.2843
63.2964
63.3168
63.3619
63.425
63.4559
63.4839
63.4925
63.5141
63.5261
63.5715
63.6004
63.6683
64.8788
64.9598
65.0476
65.0997
65.1051
65.115
65.1231
65.299
66.3029
66.315
66.3355
66.3888
66.6271
66.6393
66.9288
67.0956
67.9424
68.0149
68.027
68.1047
68.308
68.4442
68.5009
68.5418
68.6262
68.6882
70.3045
70.4087
70.4832
70.6641
