"o"
52.7704
52.8177
52.8309
52.8355
52.8363
52.8395
52.8553
52.8685
52.8698
52.8882
52.8941
52.912
52.9159
52.9265
52.9364
52.9444
52.9795
52.9828
52.9974
53.0085
53.0085
53.0114
53.0125
53.0319
53.0496
53.0651
53.1109
53.1221
53.1474
53.172
53.1821
53.1854
53.2543
53.3005
53.4239
53.442
53.4548
53.4726
53.4872
53.5036
53.5099
53.5189
53.5345
53.5597
53.6014
53.615
53.6256
53.6306
53.639
53.6476
53.6492
53.6537
53.6648
53.674
53.6743
53.6838
53.6886
53.6944
53.7192
53.7226
53.7226
53.7284
53.7482
53.7546
53.757
53.7577
53.7637
53.7761
53.7788
53.7798
53.7864
53.7962
53.7969
53.7986
53.8016
53.8327
53.8392
53.8594
53.9818
53.9955
54.132
54.178
54.1891
54.2058
54.2109
54.2176
54.2237
54.2283
54.2293
54.2317
54.2442
54.3172
54.32
54.3294
54.337
54.3402
54.3952
54.4029
54.4088
54.4123
54.4185
54.4206
54.4339
54.436
54.4416
54.4514
54.4535
54.4763
54.4784
54.4896
54.4899
54.5015
54.5106
54.52
54.5239
54.5342
54.5405
54.5466
54.5604
54.5607
54.5705
54.5745
54.5843
54.6373
54.6471
54.6523
54.6577
54.6605
55.2113
55.2371
55.2551
55.2774
55.2825
55.2847
55.289
55.3135
55.32
55.3294
55.3366
55.338
55.346
55.3475
55.3562
55.3641
55.372
55.3749
55.3778
55.3814
55.4009
55.401
55.4046
55.4082
55.4147
55.4336
55.4343
55.4386
55.4415
55.456
55.464
55.4742
55.871
55.9056
55.9197
55.9337
55.9433
55.9513
55.9634
55.9958
56.0629
56.0764
56.0979
56.098
56.1126
56.1299
56.1366
56.1397
56.1441
56.1707
56.1723
56.1804
56.196
56.2073
56.2372
56.2401
56.2534
56.2931
56.2945
56.3079
56.3191
56.3191
56.3461
56.3515
56.356
56.3625
56.3644
56.3693
56.3732
56.379
56.3815
56.3845
56.3955
56.3974
56.4083
56.41
56.4143
56.4184
56.426
56.4273
56.433
56.4483
56.4488
56.4496
56.4538
56.4605
56.4699
56.4864
56.4889
56.4954
56.4962
56.4977
56.5145
56.5226
56.5303
56.5348
56.5748
56.5786
56.5861
56.5937
56.599
56.6131
56.638
56.6918
56.7105
56.7654
56.7763
56.7806
56.7992
56.7999
56.8011
56.8083
56.8352
56.8415
56.8479
56.8972
56.9056
56.9129
56.9334
57.0046
57.6716
57.6805
57.7117
57.7177
57.7211
57.7392
57.7688
57.7704
57.7777
57.783
57.788
57.7911
57.8027
57.8045
57.8079
57.8116
57.8169
57.8245
57.8297
57.8585
57.8595
57.8731
57.9016
57.9132
57.9275
57.9411
57.9591
57.9855
57.9894
57.9988
58.0037
58.0071
58.014
58.017
58.0234
58.0661
58.0794
58.0832
58.0905
58.1134
58.1207
58.1459
58.166
58.1772
58.2115
58.2426
58.2586
58.265
58.2684
58.2812
58.3066
58.3211
58.3212
58.3243
58.354
58.3646
58.6064
58.6308
58.6526
58.6989
58.7006
58.7095
58.7168
58.7185
58.7266
58.7526
58.7526
58.7624
58.7673
58.7681
58.7811
58.7811
58.7974
58.8064
58.8097
58.8113
58.8129
58.8227
58.8447
58.8815
58.9069
58.9298
58.9405
58.9708
59.0274
59.0718
59.085
59.1106
59.1279
59.1666
59.1682
59.266
59.3056
59.328
59.3421
59.3721
59.9197
59.9533
59.955
59.9562
59.9861
59.9887
60.0074
60.0116
60.0275
60.0473
60.0694
60.0734
60.0967
60.1339
60.1339
60.211
