"o"
6.95606
6.96235
6.96461
6.98547
6.99123
6.99241
6.99275
6.9936
6.99402
6.9953
6.9958
7.00012
7.00088
7.00149
7.00175
7.00214
7.00284
7.00411
7.00428
7.0053
7.006
7.00611
7.00926
7.00949
7.00957
7.01102
7.01247
7.01247
7.0132
7.01414
7.01431
7.0161
7.01618
7.0169
7.01716
7.0181
7.01993
7.02019
7.02075
7.02295
7.0236
7.02808
7.0283
7.02887
7.02932
7.03009
7.03018
7.03041
7.03093
7.03194
7.03211
7.03326
7.03343
7.03393
7.03393
7.03411
7.03529
7.0353
7.03556
7.03573
7.03582
7.03582
7.03591
7.03625
7.03668
7.0371
7.0371
7.03719
7.03727
7.03728
7.0389
7.03899
7.03916
7.03917
7.03925
7.03951
7.04131
7.04148
7.04217
7.04243
7.04294
7.04337
7.04389
7.04414
7.04449
7.04449
7.04466
7.04483
7.04491
7.04672
7.04673
7.04698
7.04707
7.04715
7.04733
7.04777
7.04872
7.04931
7.0499
7.05127
7.05172
7.05189
7.05189
7.05224
7.05284
7.05319
7.05343
7.05379
7.05379
7.05405
7.05474
7.05491
7.05517
7.05523
7.05551
7.05595
7.05601
7.05609
7.05629
7.05644
7.05715
7.05719
7.05782
7.05819
7.05882
7.06015
7.06023
7.06066
7.06084
7.06087
7.0613
7.06139
7.06165
7.06187
7.06187
7.06229
7.06242
7.06299
7.06329
7.0636
7.06381
7.0641
7.06411
7.0648
7.06502
7.0651
7.06541
7.0658
7.06593
7.06601
7.06619
7.06619
7.06632
7.06675
7.06679
7.06683
7.06696
7.0674
7.06757
7.06787
7.06796
7.06813
7.06835
7.06843
7.06848
7.06857
7.06874
7.06905
7.06913
7.07007
7.07021
7.07034
7.07039
7.07069
7.07073
7.07073
7.07099
7.07117
7.07134
7.07134
7.07137
7.07264
7.07285
7.07311
7.07423
7.07458
7.07498
7.0751
7.07515
7.07524
7.07527
7.07527
7.07527
7.07544
7.0755
7.07553
7.07579
7.07648
7.07695
7.07721
7.07723
7.07724
7.07726
7.07744
7.0775
7.07784
7.07784
7.07787
7.07796
7.07804
7.07819
7.07825
7.07828
7.07845
7.07871
7.0788
7.07882
7.07891
7.07908
7.07958
7.07993
7.08054
7.08097
7.08097
7.08106
7.08116
7.08123
7.08123
7.08125
7.08132
7.0816
7.08177
7.08184
7.08193
7.08217
7.08229
7.08234
7.08247
7.0828
7.08325
7.08365
7.08393
7.08403
7.08411
7.08435
7.08436
7.08452
7.08454
7.08464
7.08496
7.0855
7.08568
7.08594
7.08662
7.08671
7.08672
7.0868
7.08707
7.08724
7.08733
7.0874
7.08776
7.08793
7.08793
7.08802
7.08846
7.08871
7.08924
7.08924
7.08924
7.08932
7.08933
7.0895
7.0895
7.08985
7.09002
7.09037
7.09115
7.09115
7.09133
7.09159
7.09185
7.09202
7.09202
7.09211
7.09211
7.0922
7.09237
7.09246
7.09246
7.09272
7.09316
7.09316
7.09324
7.09324
7.09324
7.09351
7.09359
7.09368
7.09368
7.09386
7.09386
7.09403
7.09403
7.09411
7.09429
7.0943
7.09464
7.09472
7.09481
7.09498
7.09551
7.09568
7.09569
7.09577
7.09586
7.09603
7.09612
7.09655
7.09655
7.09665
7.09665
7.09673
7.09673
7.09708
7.09708
7.09716
7.09749
7.09752
7.0976
7.09778
7.09788
7.09804
7.09812
7.09812
7.09883
7.09909
7.09909
7.09918
7.09935
7.09988
7.09997
7.09997
7.10004
7.10015
7.1003
7.10056
7.10066
7.10084
7.101
7.10135
7.10144
7.10163
7.10163
7.10205
7.10224
7.10233
7.10241
7.10248
7.10259
7.10285
7.10294
7.10318
7.10329
7.10336
7.10344
7.10346
7.1041
7.10434
7.1044
7.10451
7.10456
7.10469
7.10477
7.10519
7.10521
7.1053
7.10545
7.10582
7.10589
7.10597
7.10609
7.10615
7.10624
7.10644
7.1065
7.10652
7.10702
7.10705
7.10757
7.10772
7.10775
7.10786
7.10801
7.10807
7.10807
7.10827
7.10851
7.10863
7.10868
7.10906
7.10924
7.10924
7.10933
7.10941
7.10991
7.10994
7.11017
7.11023
7.11026
7.11029
7.11038
7.11046
7.11064
7.11064
7.11064
7.11108
7.11113
7.11113
7.11125
7.11166
7.11169
7.11183
7.11187
7.11231
7.11239
7.11245
7.11262
7.11266
7.11283
7.11301
7.11301
7.11315
7.11323
7.1138
7.11393
7.11393
7.11402
7.1141
7.11411
7.11437
7.1145
7.1145
7.11455
7.1149
7.1149
7.11506
7.1156
7.11581
7.1159
7.11604
7.11608
7.11616
7.11639
7.11652
7.11656
7.11674
7.11687
7.11691
7.11726
7.11731
7.11744
7.11748
7.11779
7.11779
7.11783
7.11787
7.11792
7.11801
7.11805
7.11831
7.11836
7.11845
7.11862
7.11871
7.11902
7.11924
7.1195
7.11963
7.1198
7.12012
7.12025
7.12029
7.12042
7.12055
7.12064
7.12086
7.12108
7.12108
7.1213
7.12182
7.12184
7.12191
7.122
7.12205
7.12214
7.12214
7.12223
7.1224
7.12252
7.12261
7.12267
7.12267
7.12351
7.12358
7.12361
7.12367
7.12367
7.12372
7.12428
7.12451
7.12454
7.12486
7.12486
7.12498
7.12516
7.12525
7.12527
7.1256
7.12613
7.12621
7.12621
7.1263
7.12683
7.127
7.127
7.12706
7.12706
7.12712
7.12715
7.12715
7.12739
7.1275
7.12762
7.12771
7.12771
7.12786
7.12803
7.12806
7.12841
7.12841
7.12847
7.12865
7.12874
7.12935
7.12944
7.12953
7.12964
7.12977
7.12982
7.1299
7.12995
7.12999
7.13015
7.13032
7.13034
7.13052
7.13085
7.13103
7.13116
7.13129
7.1314
7.1314
7.13145
7.13173
7.13191
7.13193
7.13226
7.13233
7.13242
7.13246
7.13253
7.13263
7.13281
7.1329
7.13298
7.13298
7.13307
7.13314
7.13325
7.13327
7.13334
7.13341
7.13341
7.13342
7.1335
7.1336
7.13378
7.13428
7.13431
7.13438
7.13448
7.13482
7.13501
7.1351
7.13545
7.13561
7.1359
7.13598
7.13642
7.13642
7.13711
7.1372
7.13756
7.13765
7.13792
7.13801
7.13809
7.13809
7.13852
7.13853
7.13906
7.13932
7.1395
7.13959
7.13976
7.14003
7.14012
7.14021
7.14029
7.1403
7.14039
7.14055
7.14065
7.14082
7.14083
7.141
7.14109
7.14135
7.14135
7.14136
7.14145
7.14171
7.14179
7.1418
7.1418
7.1418
7.14188
7.14188
7.14197
7.14215
7.14242
7.1425
7.14268
7.14286
7.14295
7.14295
7.14303
7.14303
7.14339
7.14339
7.14339
7.14348
7.14365
7.14365
7.14374
7.14383
7.14392
7.1441
7.14436
7.14445
7.14453
7.14462
7.14471
7.14498
7.14516
7.14533
7.14533
7.14533
7.14533
7.14542
7.14568
7.14586
7.14595
7.14595
7.14604
7.1463
7.1463
7.14631
7.1464
7.14683
7.14701
7.14702
7.14718
7.14746
7.14772
7.1478
7.14789
7.1479
7.14799
7.14844
7.14879
7.14914
7.14923
7.14948
7.1495
7.14967
7.14975
7.14975
7.14986
7.14994
7.1502
7.15054
7.15097
7.15099
7.15099
7.15109
7.15153
7.15171
7.15178
7.15189
7.15203
7.15242
7.15242
7.1526
7.15265
7.15267
7.15276
7.15277
7.15285
7.15286
7.15295
7.15304
7.15347
7.15368
7.15382
7.15389
7.15391
7.1541
7.15464
7.15464
7.15497
7.15526
7.15533
7.15557
7.15579
7.15586
7.15595
7.15603
7.15621
7.1563
7.15657
7.15657
7.15665
7.15665
7.15674
7.15677
7.15683
7.15703
7.15712
7.15712
7.15736
7.15739
7.15748
7.15754
7.15757
7.15783
7.15783
7.15843
7.15887
7.15899
7.15914
7.15931
7.15931
7.1597
7.15979
7.15979
7.1599
7.16011
7.16035
7.16041
7.16052
7.16118
7.16132
7.16135
7.16139
7.16144
7.16144
7.16147
7.16153
7.16156
7.16183
7.16185
7.16201
7.16227
7.16227
7.1626
7.16265
7.16268
7.16286
7.16295
7.16295
7.16315
7.16348
7.16352
7.16379
7.16391
7.16396
7.16402
7.16437
7.16441
7.16441
7.1645
7.16454
7.16459
7.16473
7.16483
7.16503
7.16512
7.16517
7.16557
7.16561
7.16574
7.16579
7.16584
7.16601
7.16606
7.1661
7.1661
7.16633
7.16633
7.16637
7.16663
7.16672
7.16677
7.16681
7.16686
7.16686
7.1669
7.16708
7.16717
7.16757
7.16757
7.16775
7.16793
7.16819
7.16824
7.16824
7.16837
7.16846
7.16859
7.16868
7.16873
7.16881
7.16886
7.16895
7.16926
7.16944
7.16948
7.16957
7.16957
7.16961
7.16966
7.16998
7.1702
7.17046
7.17055
7.17077
7.17095
7.17144
7.17153
7.17162
7.17166
7.17166
7.17184
7.17193
7.17216
7.17228
7.17232
7.17273
7.17278
7.17291
7.173
7.17308
7.17326
7.17332
7.17332
7.1734
7.17353
7.17362
7.17394
7.17398
7.17403
7.17417
7.17433
7.17448
7.1746
7.17463
7.17519
7.17546
7.17555
7.17608
7.17635
7.17635
7.17656
7.17674
7.17688
7.17694
7.177
7.177
7.17703
7.17706
7.17751
7.1776
7.17769
7.17772
7.17781
7.17781
7.17798
7.17805
7.17813
7.17822
7.17858
7.17861
7.1787
7.17905
7.17905
7.17923
7.17977
7.17986
7.17992
7.18004
7.18006
7.18012
7.18012
7.18012
7.18019
7.18064
7.18068
7.18097
7.18137
7.18144
7.18155
7.18162
7.18173
7.1818
7.18198
7.182
7.182
7.18207
7.18209
7.18209
7.18233
7.18244
7.18278
7.18307
7.18307
7.18307
7.18314
7.18334
7.18341
7.1835
7.18359
7.18376
7.18414
7.18423
7.18441
7.18448
7.18466
7.18478
7.18494
7.18502
7.18503
7.18539
7.18539
7.18573
7.18582
7.18582
7.18584
7.18591
7.18593
7.18609
7.18636
7.18637
7.18655
7.18655
7.18664
7.18681
7.18681
7.1869
7.18699
7.18699
7.18725
7.18725
7.18725
7.18727
7.18734
7.18743
7.18762
7.18798
7.18815
7.18815
7.18824
7.18833
7.18844
7.1887
7.18897
7.18905
7.18914
7.18996
7.19003
7.19004
7.19013
7.1903
7.19039
7.19057
7.19075
7.19093
7.19102
7.19156
7.19174
7.19183
7.192
7.19227
7.19236
7.19245
7.19272
7.19272
7.1929
7.1929
7.1929
7.19299
7.19308
7.19317
7.19326
7.19353
7.19353
7.19353
7.19353
7.1938
7.19389
7.19424
7.19424
7.19451
7.1946
7.19505
7.1955
7.19559
7.19577
7.19586
7.19595
7.19604
7.19621
7.19648
7.19657
7.19685
7.19693
7.1972
7.19765
7.19783
7.19819
7.19827
7.19829
7.19855
7.19863
7.19872
7.19882
7.19909
7.19927
7.19954
7.19963
7.19971
7.19988
7.20007
7.20025
7.20035
7.20044
7.20053
7.2007
7.20079
7.20142
7.20159
7.20161
7.20186
7.20188
7.20222
7.20231
7.20231
7.20249
7.20257
7.20267
7.20276
7.20287
7.20296
7.20323
7.2033
7.20332
7.20359
7.20359
7.20366
7.20378
7.20386
7.20429
7.20431
7.20456
7.20457
7.20475
7.20501
7.20601
7.20601
7.20635
7.20646
7.20671
7.20689
7.20707
7.20718
7.20718
7.20727
7.20745
7.20745
7.20752
7.20779
7.2079
7.20797
7.20845
7.20872
7.20905
7.2091
7.20918
7.20944
7.20977
7.2098
7.21013
7.21013
7.21016
7.21043
7.2107
7.21073
7.2113
7.21202
7.21205
7.21214
7.21229
7.2128
7.21301
7.21304
7.21319
7.21319
7.2133
7.21352
7.21367
7.21403
7.21416
7.21436
7.21436
7.21448
7.2145
7.21457
7.21472
7.21481
7.21499
7.21504
7.21512
7.21526
7.21535
7.21535
7.21539
7.21598
7.21607
7.21652
7.21661
7.21665
7.2167
7.21679
7.2171
7.21724
7.21759
7.21823
7.21836
7.2185
7.219
7.21972
7.21976
7.21999
7.21999
7.22094
7.22117
7.22139
7.22224
7.22239
7.22252
7.22252
7.2237
7.22397
7.22415
7.22442
7.2246
7.22491
7.22491
7.2256
7.2256
7.22572
7.22587
7.22605
7.22619
7.22642
7.22663
7.22681
7.22744
7.22813
7.22819
7.22867
7.22876
7.22889
7.22943
7.22985
7.22988
7.23009
7.2304
7.23069
7.23078
7.23133
7.23148
7.23157
7.23157
7.23166
7.23185
7.23239
7.2325
7.23262
7.2335
7.23368
7.23393
7.23411
7.2342
7.23468
7.23495
7.23502
7.2352
7.23602
7.23647
7.23703
7.23738
7.23739
7.2375
7.23767
7.2382
7.2383
7.23866
7.23929
7.23948
7.23984
7.24001
7.2401
7.24064
7.24074
7.24083
7.24119
7.2412
7.24173
7.24183
7.24184
7.24193
7.24201
7.24202
7.24212
7.24219
7.24237
7.24238
7.24347
7.24365
7.24401
7.24438
7.24447
7.24456
7.24492
7.24492
7.24519
7.24556
7.24556
7.24565
7.24583
7.24601
7.2462
7.2462
7.24629
7.24638
7.24638
7.24647
7.24656
7.24665
7.24747
7.24756
7.24829
7.24847
7.24865
7.24938
7.24965
7.25019
7.25056
7.25057
7.25076
7.25092
7.25154
7.25156
7.25184
7.2521
7.25265
7.25266
7.25274
7.25284
7.25329
7.25347
7.25383
7.25385
7.25394
7.25394
7.25403
7.2543
7.25447
7.25473
7.25484
7.25485
7.2554
7.25602
7.25611
7.25611
7.25638
7.25657
7.25693
7.25795
7.25802
7.25832
7.25841
7.25921
7.2596
7.25969
7.25969
7.25987
7.26076
7.26078
7.26092
7.26097
7.26124
7.26131
7.26158
7.26163
7.2617
7.2617
7.26176
7.26188
7.26206
7.26213
7.26213
7.26261
7.26289
7.26298
7.26359
7.26395
7.26401
7.2641
7.26466
7.26517
7.26526
7.26572
7.26614
7.26624
7.26664
7.26695
7.26742
7.26761
7.26775
7.26819
7.26825
7.2683
7.26852
7.26874
7.26925
7.26929
7.26989
7.27035
7.27048
7.2709
7.27103
7.27131
7.27149
7.27172
7.27177
7.27186
7.27204
7.27209
7.27209
7.27291
7.27305
7.27328
7.27341
7.2736
7.27369
7.27392
7.27447
7.27452
7.27452
7.27452
7.27479
7.27497
7.27539
7.27543
7.27562
7.27589
7.27668
7.27708
7.27727
7.27758
7.27791
7.27795
7.278
7.27828
7.27874
7.27877
7.27951
7.27956
7.27969
7.27987
7.28042
7.28051
7.28067
7.28112
7.28171
7.28177
7.28177
7.28195
7.28235
7.28238
7.28241
7.28241
7.28253
7.28269
7.28281
7.28315
7.28324
7.28327
7.28336
7.28339
7.28348
7.28351
7.28361
7.28373
7.28373
7.284
7.28407
7.28409
7.28428
7.28462
7.2848
7.2848
7.28554
7.28563
7.28581
7.28602
7.28641
7.28646
7.28655
7.28664
7.28666
7.2871
7.28719
7.28721
7.28731
7.28736
7.28758
7.28793
7.28795
7.28799
7.28841
7.28848
7.28859
7.28894
7.28913
7.28922
7.28945
7.29006
7.29025
7.29034
7.2904
7.29054
7.29059
7.2906
7.29089
7.29097
7.29097
7.29097
7.29109
7.29152
7.29215
7.29227
7.29236
7.29254
7.29292
7.29309
7.29328
7.29337
7.29401
7.2941
7.29448
7.29456
7.29466
7.29484
7.29493
7.29503
7.29513
7.29522
7.29539
7.29558
7.29566
7.29641
7.2965
7.2966
7.29724
7.29733
7.29761
7.29779
7.29789
7.29844
7.29853
7.29862
7.29863
7.29872
7.29899
7.29909
7.29945
7.29955
7.29982
7.29992
7.30001
7.30056
7.30065
7.30084
7.30084
7.30121
7.30121
7.30139
7.30149
7.30158
7.30177
7.30185
7.30186
7.30204
7.30212
7.30213
7.30213
7.30222
7.30231
7.30232
7.3025
7.30269
7.30278
7.30278
7.30305
7.30351
7.30352
7.30371
7.30379
7.30397
7.30398
7.30435
7.30462
7.30491
7.30501
7.30676
7.30694
7.30713
7.30731
7.30748
7.3075
7.30813
7.30816
7.30852
7.3087
7.30878
7.30907
7.30935
7.30963
7.31009
7.31022
7.31029
7.31037
7.31083
7.31102
7.31137
7.31174
7.31213
7.31248
7.3125
7.31275
7.31303
7.31312
7.31333
7.3134
7.31343
7.31373
7.31417
7.31423
7.31426
7.31454
7.3146
7.31497
7.31525
7.31553
7.31571
7.31581
7.31581
7.31584
7.31584
7.31602
7.31609
7.31636
7.31649
7.31649
7.31658
7.31683
7.31686
7.3171
7.3171
7.31751
7.31757
7.31757
7.3176
7.318
7.3181
7.31812
7.31812
7.31816
7.31816
7.31822
7.31828
7.3184
7.31843
7.31871
7.31871
7.3189
7.3189
7.31924
7.31936
7.31992
7.32016
7.32016
7.32025
7.32044
7.32063
7.32072
7.32109
7.32109
7.32118
7.32142
7.32146
7.32146
7.32155
7.32178
7.32178
7.32188
7.32192
7.32196
7.32206
7.32229
7.32229
7.32243
7.32252
7.32261
7.32276
7.32299
7.32317
7.32317
7.32326
7.32332
7.3235
7.32354
7.32364
7.32369
7.32392
7.32401
7.32434
7.32443
7.32461
7.32475
7.32499
7.32526
7.32536
7.32545
7.32568
7.32619
7.32628
7.32647
7.32652
7.32661
7.3268
7.3268
7.3268
7.32703
7.32749
7.32754
7.32773
7.32778
7.32786
7.32805
7.32805
7.32806
7.32819
7.3287
7.32921
7.32922
7.32922
7.32922
7.32926
7.32931
7.32935
7.32936
7.3294
7.3294
7.32944
7.32954
7.32972
7.32978
7.32987
7.32987
7.33024
7.33061
7.33089
7.33089
7.33102
7.33121
7.33127
7.33132
7.33192
7.3322
7.33304
7.33326
7.33326
7.3336
7.3336
7.33369
7.33372
7.33378
7.33406
7.33428
7.33462
7.33475
7.33478
7.33503
7.33509
7.33521
7.33527
7.33543
7.33561
7.33583
7.33593
7.33614
7.33667
7.33677
7.33679
7.33689
7.33705
7.33707
7.33714
7.33714
7.33717
7.33723
7.33742
7.33782
7.33807
7.3381
7.3381
7.33826
7.33866
7.33866
7.33875
7.33882
7.33884
7.33891
7.33901
7.33903
7.3391
7.33917
7.33919
7.33922
7.33929
7.33931
7.3394
7.33947
7.3395
7.33957
7.33957
7.34017
7.34024
7.34031
7.34034
7.3405
7.34087
7.34097
7.34097
7.34117
7.34136
7.34153
7.34209
7.34211
7.34235
7.34246
7.34285
7.34302
7.34304
7.3433
7.34341
7.34341
7.34345
7.34386
7.34389
7.34405
7.34405
7.34425
7.34433
7.34442
7.34478
7.34489
7.34497
7.34508
7.34527
7.34528
7.34535
7.34536
7.34545
7.34565
7.34573
7.34575
7.34593
7.34612
7.34619
7.34621
7.34638
7.3464
7.34666
7.34677
7.34695
7.34714
7.34714
7.34714
7.34732
7.34733
7.34751
7.34761
7.3477
7.34779
7.34789
7.34826
7.34854
7.34863
7.34873
7.34891
7.3492
7.34938
7.34958
7.34967
7.34968
7.34985
7.34994
7.35004
7.35022
7.35022
7.35031
7.35042
7.3506
7.3507
7.35079
7.35079
7.35135
7.35135
7.35154
7.35163
7.35182
7.35191
7.35219
7.35219
7.35219
7.35219
7.35238
7.35238
7.35266
7.35313
7.35341
7.35341
7.3535
7.35378
7.35378
7.35397
7.35415
7.35425
7.35434
7.35434
7.35444
7.35453
7.35463
7.35491
7.355
7.355
7.3551
7.35528
7.35594
7.35603
7.35612
7.35622
7.35622
7.35641
7.35679
7.35687
7.35688
7.35706
7.35725
7.35733
7.35734
7.35743
7.35753
7.35753
7.35771
7.35781
7.358
7.358
7.35829
7.35829
7.35846
7.35876
7.35885
7.35886
7.35893
7.35913
7.35932
7.3594
7.35949
7.35966
7.35979
7.36015
7.36015
7.36035
7.36043
7.36044
7.36054
7.3609
7.36099
7.36102
7.36118
7.36128
7.36129
7.36137
7.36138
7.36138
7.36138
7.36165
7.36178
7.36192
7.36193
7.36204
7.36221
7.36221
7.36251
7.36261
7.36279
7.36315
7.36315
7.36317
7.36353
7.36354
7.36364
7.3639
7.36418
7.36437
7.36439
7.36446
7.36448
7.36458
7.36458
7.36465
7.36477
7.36486
7.36493
7.36512
7.36514
7.3654
7.36542
7.36559
7.36571
7.3658
7.36589
7.36599
7.3662
7.36627
7.36636
7.36646
7.36653
7.36653
7.36665
7.36674
7.36719
7.36728
7.36737
7.3674
7.36749
7.36749
7.36756
7.36778
7.36784
7.36815
7.36825
7.36825
7.3685
7.36853
7.36872
7.36878
7.36897
7.36916
7.36935
7.36963
7.36972
7.37038
7.37051
7.37051
7.37054
7.37057
7.37069
7.37076
7.37098
7.37129
7.37145
7.3717
7.37173
7.37179
7.37182
7.37198
7.37201
7.3722
7.3722
7.3722
7.37235
7.37248
7.37288
7.37305
7.37333
7.37348
7.37352
7.37358
7.37371
7.37386
7.37395
7.37418
7.37465
7.37465
7.37478
7.37518
7.37522
7.37574
7.37578
7.37593
7.37597
7.37602
7.37602
7.37606
7.37627
7.37631
7.37649
7.37654
7.37659
7.37678
7.37678
7.37682
7.37697
7.37701
7.3771
7.37729
7.37767
7.37776
7.3779
7.37814
7.37828
7.37833
7.37875
7.37885
7.37927
7.37932
7.37937
7.37946
7.37989
7.37998
7.38003
7.38007
7.38012
7.38017
7.38022
7.38073
7.38083
7.38083
7.38111
7.38144
7.38144
7.38158
7.38158
7.38177
7.38186
7.38186
7.38201
7.38224
7.38224
7.38258
7.38262
7.38262
7.38281
7.38285
7.38286
7.3829
7.38328
7.38329
7.38356
7.38362
7.38366
7.38371
7.38375
7.38384
7.38394
7.38399
7.38403
7.38409
7.38409
7.38443
7.38447
7.38451
7.38456
7.3846
7.3848
7.38484
7.38488
7.38494
7.38509
7.38526
7.38535
7.38539
7.38573
7.38579
7.38588
7.38592
7.38592
7.38592
7.38605
7.38607
7.38636
7.38649
7.38655
7.38711
7.38711
7.38721
7.38724
7.38724
7.38749
7.38753
7.38777
7.38784
7.38803
7.38815
7.38844
7.38847
7.38885
7.38932
7.38941
7.38951
7.3896
7.39014
7.39026
7.39026
7.39026
7.39036
7.39077
7.3908
7.39093
7.39093
7.39099
7.3913
7.3913
7.3913
7.39147
7.39159
7.39175
7.39184
7.39194
7.39203
7.39211
7.39216
7.39253
7.3926
7.39279
7.39289
7.39298
7.39317
7.3932
7.3935
7.39364
7.39367
7.39374
7.39376
7.39395
7.39419
7.39431
7.39431
7.3944
7.39442
7.39442
7.39452
7.39459
7.39478
7.39507
7.39516
7.3953
7.39537
7.39552
7.39563
7.39573
7.39584
7.39601
7.39622
7.39628
7.39649
7.39679
7.39679
7.39679
7.39687
7.39698
7.39791
7.398
7.39823
7.39831
7.39831
7.39849
7.39849
7.39867
7.39876
7.39878
7.39903
7.39905
7.39906
7.39906
7.39943
7.39982
7.4001
7.40017
7.40019
7.40019
7.40019
7.40041
7.40048
7.40066
7.40069
7.40077
7.40078
7.40086
7.40086
7.40104
7.40115
7.40115
7.40124
7.40133
7.40153
7.40172
7.402
7.40209
7.40256
7.40266
7.40266
7.40275
7.40275
7.40277
7.40285
7.40332
7.40351
7.4037
7.4039
7.40475
7.40475
7.40494
7.40513
7.40522
7.40532
7.40532
7.40541
7.40541
7.40542
7.40551
7.4056
7.4056
7.40589
7.40598
7.40608
7.40608
7.40608
7.40608
7.40627
7.40674
7.40674
7.40684
7.40693
7.40703
7.40722
7.40741
7.40798
7.40817
7.40817
7.40826
7.40836
7.40836
7.40873
7.40874
7.40883
7.40902
7.4094
7.4094
7.4094
7.40959
7.40968
7.40969
7.40969
7.40997
7.41035
7.41036
7.41045
7.41045
7.41054
7.41054
7.41064
7.41083
7.41092
7.41111
7.4113
7.41169
7.41178
7.41178
7.41178
7.41178
7.41226
7.41226
7.41227
7.41236
7.41254
7.41264
7.41273
7.41312
7.4132
7.41321
7.4133
7.41331
7.41341
7.41349
7.41359
7.41377
7.41396
7.41406
7.41406
7.41433
7.41434
7.41445
7.41464
7.41474
7.41475
7.4151
7.41521
7.4154
7.41574
7.41579
7.41596
7.41604
7.41618
7.41644
7.41655
7.41656
7.41674
7.41682
7.41682
7.41704
7.4171
7.41712
7.41716
7.41722
7.41729
7.41741
7.41767
7.41769
7.41779
7.41805
7.41805
7.41807
7.41807
7.41817
7.41821
7.41828
7.41851
7.41863
7.41865
7.41867
7.41882
7.41891
7.41891
7.41901
7.41912
7.41914
7.4195
7.4195
7.4196
7.42008
7.42015
7.42025
7.42065
7.42074
7.42141
7.42141
7.42148
7.42167
7.42179
7.42189
7.42246
7.42263
7.42263
7.42289
7.42304
7.42304
7.42332
7.42332
7.42339
7.42342
7.42342
7.42349
7.42373
7.42396
7.42415
7.42463
7.42466
7.42466
7.42473
7.42485
7.42485
7.42485
7.42501
7.42552
7.42568
7.42574
7.42577
7.42606
7.42635
7.42638
7.42638
7.42648
7.42654
7.42657
7.42682
7.42695
7.42695
7.42698
7.42711
7.42714
7.42721
7.42723
7.42753
7.42753
7.42762
7.42772
7.42806
7.42814
7.42816
7.42829
7.4286
7.42915
7.42925
7.42925
7.42982
7.42997
7.43017
7.43021
7.43078
7.43083
7.43093
7.43117
7.43135
7.43174
7.43179
7.43202
7.43221
7.43231
7.43232
7.43241
7.4326
7.43269
7.43303
7.43322
7.43336
7.43375
7.43384
7.43389
7.43399
7.43408
7.43427
7.43447
7.43475
7.43514
7.43547
7.43557
7.43566
7.436
7.43609
7.43614
7.43619
7.43619
7.43628
7.43633
7.43672
7.43686
7.43744
7.43754
7.4381
7.4381
7.43829
7.43848
7.43868
7.43868
7.43883
7.43896
7.43902
7.43911
7.43925
7.43935
7.43954
7.43982
7.43988
7.43992
7.43998
7.43998
7.44021
7.4403
7.44117
7.44122
7.44122
7.44132
7.44151
7.44161
7.44161
7.44184
7.44232
7.44241
7.44241
7.44286
7.44314
7.44314
7.44327
7.44337
7.44347
7.44347
7.44347
7.44353
7.44356
7.44366
7.44404
7.44417
7.44481
7.4449
7.44507
7.44523
7.44532
7.44535
7.44545
7.44545
7.44679
7.44711
7.44714
7.44728
7.44747
7.44759
7.44785
7.44797
7.44804
7.44913
7.44913
7.45009
7.45054
7.45054
7.45083
7.45112
7.45114
7.45114
7.45143
7.45151
7.45156
7.4516
7.4516
7.45199
7.45249
7.45257
7.45271
7.45276
7.45297
7.45297
7.45297
7.45306
7.45314
7.45324
7.45326
7.45334
7.45345
7.45364
7.45366
7.45449
7.45451
7.4546
7.45497
7.45517
7.45536
7.45565
7.45566
7.45603
7.45604
7.45614
7.45679
7.4568
7.45787
7.45806
7.45835
7.45835
7.45864
7.45902
7.45912
7.45951
7.4597
7.46018
7.46038
7.46086
7.46124
7.46201
7.46288
7.46327
7.46346
7.46384
7.46403
7.46423
7.46433
7.46452
7.46471
7.46481
7.46558
7.46597
7.46597
7.46655
7.46665
7.46703
7.46771
7.46836
7.46897
7.46915
7.46934
7.46935
7.46953
7.47021
7.4705
7.4706
7.47069
7.4709
7.47172
7.47177
7.47193
7.47195
7.47198
7.47216
7.47313
7.47324
7.47349
7.47353
7.47359
7.4738
7.474
7.47465
7.47496
7.47533
7.47545
7.47574
7.47596
7.47642
7.47649
7.477
7.47755
7.47891
7.47968
7.4802
7.48046
7.48062
7.48065
7.48075
7.48091
7.48117
7.48169
7.48172
7.48253
7.48275
7.48294
7.4833
7.4833
7.4834
7.48398
7.48404
7.48443
7.48491
7.4852
7.4854
7.48569
7.48592
7.48608
7.48612
7.48676
7.48685
7.48705
7.48748
7.48796
7.48855
7.48913
7.48928
7.4903
7.49049
7.49064
7.49219
7.49248
7.49248
7.49302
7.49312
7.49384
7.49433
7.49472
7.49481
7.4952
7.49569
7.49715
7.49724
7.4974
7.4974
7.49746
7.49754
7.49769
7.49779
7.49802
7.49812
7.49916
7.49929
7.49987
7.49997
7.50071
7.50123
7.50218
7.50228
7.50269
7.50289
7.50376
7.50435
7.50454
7.50493
7.50511
7.5052
7.50591
7.50649
7.50735
7.50831
7.50852
7.50874
7.50999
7.51007
7.51038
7.51059
7.51067
7.51088
7.51108
7.51148
7.51226
7.51234
7.51302
7.51323
7.51362
7.5143
7.51489
7.51498
7.51517
7.51538
7.51625
7.51625
7.51733
7.51948
7.51968
7.52007
7.52213
7.52222
7.52232
7.52291
7.52359
7.52448
7.52634
7.52821
7.52892
7.529
7.5291
7.52947
7.52959
7.53036
7.53097
7.53173
7.53222
7.53438
7.53477
7.53526
7.53532
7.53618
7.53716
7.53752
7.53828
7.5387
7.53979
7.53992
7.54022
7.54101
7.5412
7.54195
7.54254
7.54272
7.54327
7.54416
7.54446
7.54461
7.5453
7.5453
7.54658
7.54678
7.54717
7.54801
7.55102
7.55265
7.55467
7.55473
7.55559
7.55921
7.55961
7.56255
7.56317
7.56535
7.56574
7.56602
7.56614
7.56761
7.5683
7.5684
7.56842
7.56983
7.57099
7.57158
7.57308
7.57317
7.57417
7.57516
7.57645
7.58014
7.58971
7.59168
7.5944
7.595
7.60051
7.60235
7.60271
7.60466
7.60501
7.60676
7.61083
7.61117
7.6196
7.61988
7.62384
7.62432
7.62461
7.62753
7.63046
7.63097
7.63116
7.63127
7.63137
7.63218
7.63541
7.65919
7.66192
7.66843
7.67839
