o
29.4858068809861
29.5928442818145
29.3634556090251
28.5966857030603
29.0363025018522
29.1701256691381
29.4764246456465
29.4900735081322
29.3254288016576
29.4546978653293
28.7187143480894
28.4319877292059
29.2057580749123
29.3727851565876
28.3454277532182
29.1364799016876
28.4157422375829
29.2762071589588
29.7401024413735
29.7249205099034
29.3753241514435
29.3077674926695
29.3753241514435
28.9351194868593
28.9807695041005
29.9654640311558
29.7968727166447
29.9373063765435
29.1368962560732
29.1844387828128
29.1819326768949
29.5494398794255
29.298081758747
29.2510077897485
29.3191458767704
29.1861097592396
28.6871983904779
29.048066786335
29.5944729890563
28.8116433517027
29.5708671123809
29.0406198370649
28.8132719102394
28.9031270376775
29.7048454299117
29.0125213431986
28.9935443505958
28.4113868491089
28.9910709207758
28.9322454771195
29.4581266540369
29.6398690432885
29.7112018669778
28.213296398892
28.7976249381494
29.5491470349309
29.4020053379499
29.4990374455397
29.5829643930267
29.6027307720241
29.472161966739
28.9320140259224
29.2362426120388
29.0885215951586
28.6408926739464
28.7804326950234
28.556615802822
29.2988685863799
29.3782704588373
29.5658736955165
29.3216315372995
29.0288579323704
28.7832780170892
28.8819919787991
28.6755498023104
29.7273655051757
29.720865826106
29.5465089306425
28.9406418631071
29.3744594984145
28.7625606864627
29.2144495412844
29.3714961015752
29.2576481904188
29.2647903503733
29.6156361258447
28.2596336508729
28.3111870148984
29.0435154191297
28.3513397016088
29.0534475142845
29.0671152420596
29.1448092508683
29.5773013432359
29.6992207413881
28.9554444191862
29.3549966871201
29.604020801255
29.0185245831613
28.5442169248438
30.1993035489368
30.2490574999258
29.5050164318909
28.6453208894386
29.2249229224923
28.9406418631071
29.1885079201398
29.407945051298
29.4657702595243
29.1334305400692
29.7275220257891
28.5538151147477
29.0346478231138
29.0860307130216
28.3405876708709
29.116781438409
28.636063454594
28.7426838727875
29.4325780223272
29.7961928711366
29.4083677417492
29.3858826584342
28.54340362923
29.0166806740645
28.4656232532141
29.5271884729563
29.1477256482832
28.8605803255485
28.5826429482597
28.7450305918177
28.9673797171487
29.307716644137
28.9143635434992
29.0661190027954
28.732553221486
28.5482153863394
28.4239888423989
29.561080328392
29.2694136063996
28.961205058974
28.9575015274443
29.0201774246372
28.8566371681416
29.1751367137172
29.3749009551525
29.4003143339149
28.996842913621
28.5126971697058
27.9863293849596
29.0327633096496
28.8826562411468
28.6880056278579
28.4280237016382
29.3052401621202
28.9844771706374
28.9006690100918
28.8920692049367
29.1639848387327
29.5888900175589
29.2213373059073
28.5950575405447
28.9300148904488
28.7061141208753
28.5990663245994
28.9538299956002
28.7295618741814
28.9986922158412
28.8298473713963
29.2121316264284
29.3842140911646
29.0820401643085
28.9873615672225
29.0236715869785
28.789269325803
28.8153078673281
29.0346478231138
29.1943616777447
29.0599021830574
28.4875594073246
28.6807959694897
28.7820585244605
29.3330262817007
28.9505085516222
28.7386307551294
29.2580682209716
29.0524455088455
28.2287107318965
28.881582676719
29.7361970351348
29.4683266096965
28.9929295946965
28.3532046912172
28.2678650687972
28.7605311807623
28.8987833583846
29.2643701267931
29.1613604819208
28.8619498102306
29.1038914673331
29.2152871355257
29.3850610327285
29.2451341776509
28.8291600096144
28.6038942820268
28.3923971315185
28.2377066215898
29.1784783666924
28.8185659972015
28.924857787298
28.9931320829838
29.2463926102298
28.3706692639488
29.4687247080587
29.3406625032377
28.8275296546069
29.0662865288667
28.5626234468461
28.487998435186
29.4160078481159
29.5472988638998
29.1627334878
28.826307009359
28.7673358822782
28.6300004212359
29.304818982739
29.2467316275132
29.1334305400692
28.8456094661156
28.7357942528411
28.1682354079418
28.3525223872295
29.1003025632243
28.9890100516087
29.2484902385495
29.3770170585523
28.7025436731936
28.5906586087469
29.8732693575562
29.2896645837822
28.0869469392253
28.0788245176749
28.7872370464492
28.7787046054396
29.3474193269812
29.1069491235082
29.4568043917943
29.1989627061335
28.629627028166
28.4509716327898
29.2307912967399
29.3321819228555
29.2778232699795
28.7751500176491
28.4386643037551
28.1869355351783
29.1251036099122
29.0565876331285
29.5876887340302
28.9999430815641
28.3118470771282
28.5670231704069
28.7212153668367
29.4551235727706
29.3203660010359
29.1126221358779
28.9756166915476
28.679585145157
28.6449182678117
29.3698030003891
29.3309154757279
29.4444845770426
28.9542102945146
28.7309329799532
28.628822678298
29.4423577000867
29.167501933045
28.3365328436691
28.6630925746127
28.676408480446
28.6812536960378
28.4117048417002
29.8892718339811
29.4661962870858
29.408793777688
29.0255504600222
28.4545467238178
28.3919142948691
29.0371299119482
29.3418949853866
28.4903471125215
28.3421641842936
29.0354751389087
28.9801490245151
29.6804650959479
29.5084816966291
29.0775687326919
28.8069917411472
28.7854165194658
28.8179953313999
29.136628904909
28.9102618662581
28.4732312506986
29.0003557452864
29.1630296352475
28.8382623461157
28.7888628469771
29.1273231147237
29.0311098455186
28.4534125954145
28.9515533594593
28.7750493931696
28.672272688922
28.9692406052426
28.6888129106693
29.2778886607412
29.034003531355
28.8454737080368
28.6159373508856
29.1248268079818
29.4580811072424
29.5597940387265
29.5114251788352
28.5858557522372
28.5390205990674
28.8305111120542
29.121774170501
29.2698339748377
29.3778469699591
28.0623485349196
29.5550786008469
29.4028537215241
29.4495903356791
29.7357631644221
29.7961928711366
29.6699617114822
29.4457441585073
28.6489068734896
29.1819326768949
28.8307905490434
28.5838450107943
29.2174760342184
28.5318288090271
28.9201078473109
29.9081330163482
29.6341534345373
29.2307912967399
28.9916922726755
28.5562156708889
28.5466280258166
28.9207551451711
30.1111455519639
29.2498279421886
29.5019378723897
29.3103448275862
29.3297294188688
28.899277518062
29.0751535709705
29.35378505547
29.6076980014804
29.4542304360381
28.7742372498659
28.4105951037356
28.8638487019054
29.1777567900175
29.1289875569651
29.0662865288667
28.9367620345141
29.1108352241106
29.5057782149004
29.9563870247728
29.8099415204678
29.3952281409933
29.0642149526049
28.9717103113144
28.6634053081421
29.7529585151245
29.79426033082
29.5007017086968
28.0710932444897
29.503689769932
29.2930308733317
29.3448851534166
29.103210059805
29.3246275096358
29.3393959451487
29.1735820980942
28.7264018033249
28.9404584486552
29.2364136665902
28.7279435580403
28.7855056512721
28.7283481199831
28.6573625107166
29.6517123536683
29.935548280064
29.2262706762606
28.5702275529649
28.7328786426921
29.3263145782994
28.749488882309
29.6077947347786
29.6417979880212
30.0941641821885
29.0509638537051
29.3242057727985
29.2736852684019
29.332642815013
29.3787101607976
29.0121085357351
29.1785918717802
29.3998904172795
28.9581321365676
29.0030297426852
29.5665791801401
29.0240847235666
29.3541792634822
29.0824549642709
28.7486781811773
29.2522667278779
29.0633864047779
28.9536089061812
29.139394632292
29.113183031826
28.7276159882779
28.5574229691877
29.5776485769381
29.6571976855755
29.7328416726181
28.2920740586645
29.2897241884306
29.094228218549
29.1778705875622
29.4840294840295
29.8110505472666
29.5420974889217
28.8499632124059
28.8087938172005
29.1644019795749
28.9805659734061
28.5450423977836
29.4380790210396
28.7073259970167
28.9468456452025
29.7640759275741
29.5288412824781
29.2430370306629
28.6545434104387
29.1181720813995
29.3727851565876
29.0919986302933
29.5808174640037
29.560651552732
29.7322926544606
28.7119088206703
29.6121935980704
29.2391787779228
29.6272605687038
29.3309154757279
29.598001626583
29.8717478930011
29.4751145611981
28.6867947888235
29.4177054478301
29.6767432721557
28.2398238300348
28.6384449001376
28.1832255210925
28.9371727005663
29.9403835423336
29.9140283442387
28.5794379423926
28.6509196678236
28.8132719102394
29.1227468791956
29.0191278606399
29.6492427659048
29.6928725450201
30.0191486227721
28.4959241600134
29.791837212022
29.590266283358
29.3423514174701
29.5318927061005
29.3128234617596
29.3833671984206
29.5559358412855
28.7775879354411
28.9505085516222
29.0715090652326
28.7617488498123
28.638477860686
28.6933138102412
29.138845598433
29.3444298858188
29.5272453311311
29.3753062930612
29.352459960825
29.3842005853771
28.7151451960605
28.3670174266466
29.9015508311692
29.8577435281363
29.5242510285681
27.5946110622165
29.4317279225937
29.5191193511008
29.2157059506573
29.4296028880866
29.9186705422943
29.4986104678092
29.9406475877064
28.6292248475824
28.0310845196341
28.8309189678588
28.916175739939
29.1291291291291
29.144262670175
28.6868516250721
29.3681100943872
29.86430643885
28.7792134434795
29.1809851088202
29.7210190897026
28.817465816377
28.6884668984642
29.4977142526474
29.7590379030022
29.6659489029855
28.6002833377751
29.3630564075978
29.336863156986
29.6219891332772
29.476392864371
29.2116158794287
29.7864259210565
29.5871726039324
28.8916598180633
28.9470321838754
28.9330665644999
28.175436657086
29.149809146664
28.7280207394049
28.9437449430068
29.6336128591568
29.69013920438
29.2103604377973
28.4177224010815
28.8051309580991
28.9059952650307
29.0030297426852
29.7687734622632
29.407945051298
29.2551282603391
28.2882682804953
29.703691827841
29.8249721945794
29.4219553040365
29.2790851363388
29.2710951526032
29.2752998635352
29.0315231938947
28.7523266963732
28.9729453222689
29.0783074970408
28.6662261524835
29.0305119512265
28.8280642195346
29.120109736233
29.4491647881625
29.5131346482463
29.1739995135282
28.6529327450043
28.7430045532077
28.7535430739075
28.7535430739075
29.7425424841368
29.5400217312568
29.034003531355
28.4561922572362
29.376170580608
29.994115916446
29.3027132674178
28.9146033636802
29.2317176322165
29.8802737437536
29.1505156408679
28.6055161765738
28.7467381338599
29.3178352562074
28.9269095448871
29.5949025356692
28.8096079123984
29.067529616377
29.4989945168617
29.583738374708
29.4661962870858
29.156771295316
29.2203137097468
29.0487186065737
28.38123885918
29.443633789387
28.9739689219352
28.8955054586701
28.7918173598553
28.5754346606842
28.1845966615497
28.8787178869507
29.3795409987314
29.2161247777969
29.003244720214
28.6957378803452
28.8693090064311
29.6255378532388
29.3047666978215
29.247990815155
28.3118470771282
28.5430176047954
28.4529576835551
29.3702262573858
29.3418949853866
29.2400177907861
28.886495067468
28.9385871494498
29.000768420753
29.5735202356594
28.7013316066552
28.7041599211656
29.1086112380082
29.2283654190737
28.4907848589434
28.586642751044
29.3449178629995
29.3871906421966
29.4096446334607
29.0090013224692
28.9382225689765
28.4653810733123
29.0996234166381
28.6831078991029
28.5618279569892
28.6633600764356
28.60628496908
29.045584045584
29.6275846035367
29.1398110699841
29.0121085357351
28.9956058645355
29.018301881422
28.8409856007242
28.7138612327668
29.1923776253812
29.2955560983319
29.1940495110462
29.2116158794287
28.5454290914182
28.8422094914775
29.455102276667
29.3170381020848
29.1210831500471
29.0882634064225
29.4691506120738
28.6046968379114
29.1489757115695
29.0137598360772
28.1929676589743
28.4876004191408
29.2652821035408
29.0924137143835
29.2799908096154
29.0849440125526
28.9100937203136
28.6795319005289
28.5978765480582
29.0820401643085
29.33644106814
29.2968188741056
29.0795516129952
28.8332367040457
28.4903867650346
28.5498256766407
28.2805586762646
29.2045031367269
29.294293431412
29.0915835580476
28.9219858156028
29.1861097592396
29.0389654779537
29.2573035642542
29.1709607236917
29.0036574779057
28.5830493260964
28.3998272041917
28.4971195257005
29.1542687113756
28.9793248585161
29.1646989796648
28.681952454635
29.206176411608
28.7486781811773
29.6758794335531
29.1748343802315
29.1719125557972
28.7154787556156
29.0691872317979
28.3068636161706
28.4649838837959
29.1591029287746
29.53397130572
29.0193177615295
28.627561044064
28.716620447923
28.3664274987485
29.4559316160333
29.0917388018197
29.4968189705032
28.7855056512721
28.1917982468269
28.586650216608
29.4840650124356
29.4410673289343
29.2854578096948
28.459369678698
29.1402275195793
29.328845545295
29.437241936881
29.0329933329534
29.0222437412777
29.3571109606603
29.1592743089338
28.3962658492406
28.8419354382191
29.6199404113073
29.0487186065737
28.9139533234021
29.0238970064656
28.7812455867815
28.5694259479919
29.3833532778731
28.7958854946732
28.7840910695874
28.9817974971559
28.7633725689446
28.4648798134
29.1592743089338
29.2098436313081
28.8709448930443
29.0930893206378
28.8403028373311
28.0588713119381
29.4636403064912
29.4516986364687
28.6964843640048
28.5778357089798
28.6497119572854
28.8360910762268
28.7669300225734
29.2518470697941
28.8246769770138
29.020779960148
29.5011285375311
28.9273199313349
28.5682260798901
29.2380051048209
29.1790094305872
28.9908674499986
28.6203797326143
28.7050339446181
28.9406418631071
29.03216615858
29.1288501393554
29.328845545295
29.0273902397358
28.8458817870582
28.941280002271
29.4015861571738
29.3313769491915
28.8454737080368
28.4339701575791
29.301871066019
29.1978119540625
28.6340517604743
29.5024537124162
29.0061342707903
29.123022621072
28.7467381338599
28.7719001030593
28.1472274014226
29.3452749499633
29.4823597455176
29.0766488413547
28.9910709207758
28.9659483187249
28.8716140634071
29.2489098003213
28.9869494754201
29.0542754955186
28.9100937203136
28.9581321365676
28.8998497604672
29.5854553896603
29.0702971511934
