o
63.0352504638219
61.9719542980549
60.7061177815895
59.4726302670457
58.5881995889031
58.6399723852261
64.5332847092431
63.046479521399
61.8717403339064
60.811294548891
59.7790133014287
58.3804143126177
64.573513760073
63.0474154567857
61.9294817579982
60.730423840302
59.5652173913044
58.4768749913944
64.2385007487181
62.9017447199265
61.8663325952686
60.6774963210607
59.553523852259
58.7600481480969
64.2181026400944
68.6117707878964
68.5342671335668
67.0360198251097
59.6421750365128
65.9594955581785
65.9032012786494
65.9748652385317
65.9738403703359
67.1483683278523
66.8513592217727
64.711260094469
60.1523992974902
62.0443821127522
63.2973649695958
59.9613152804642
63.0015872780407
61.0552041403105
63.2219840419197
67.0932069510269
66.7494420519913
64.4158286693665
63.1392721217888
61.9493552716028
60.8958733618193
59.541000154215
62.6847973262134
