o
63.1745937611197
62.1753341504699
61.2873067241999
60.1385968131201
58.8690402177367
58.3570724224827
63.8313808910327
62.9822331273835
62.0648469135083
60.968106568988
59.839622509023
58.7934983580318
64.384037714752
63.2092685170076
62.199839427779
61.1167687430973
59.891770328203
58.8056694130474
64.2626609959883
63.2214605774652
61.9989232761506
61.1176453713532
60.1139922688412
58.6542961759766
64.5381155052027
63.3526526972804
62.1573544850111
61.2069089290586
60.0312618816273
58.4565175657516
58.7473299800179
64.4883140458362
63.4422204033038
62.3564689534118
61.3081370264906
60.0295712173485
58.9610245912976
64.4278870131637
63.2501965904539
62.3272950568007
61.1235375086029
59.7617379117029
58.8113595299505
64.3428398973895
63.2068899067609
62.0126847433958
61.1174033347192
59.8752773954325
58.3996602600107
64.3743770952252
68.5890933681109
68.696381345546
67.442412728568
59.7760502904611
65.6890410325207
65.3314112198264
65.8079661461953
65.6255294244482
66.9673728547181
67.2029019793392
65.0107562973926
60.19466851258
62.2098285981254
63.3662482898102
60.074158665708
63.3257538603296
61.3711652023621
63.4615671030487
67.1044757315191
67.3133125858991
64.1485005419728
63.2975325697818
62.2189124467029
61.1027461102746
59.9220914370895
68.5943232284225
68.7081956644371
67.1053252947566
59.7669886578715
65.8469903152562
65.6876945360412
65.7059186189889
65.8317375996047
66.9735436435619
67.4589359749343
64.860177098865
60.1838126297065
62.1265557142441
63.3338285544496
60.0202742657618
63.1162832015635
61.2359227763733
63.3234800433743
66.9756480754124
67.3885551691432
64.5361511444835
63.2548891592723
62.1564482029598
61.0998839059208
59.8080754229917
62.8391450603273
