o
14.408443091628
14.308718006667
14.3575933668769
14.0731581945236
14.3861393169069
14.4304049915241
14.4881934810281
14.6009599446518
14.3789921930447
14.5520887203356
13.8626855877287
13.9232163453617
14.4105734384993
14.1519308872172
14.1586494826647
14.5072679409408
14.2674227181269
14.4532976039454
14.6368246904304
14.5531340238769
14.5622702205882
14.2686273130233
14.3500042455634
14.2581942432892
14.2535844813045
14.3216293325047
14.5334671062061
14.4809562572298
14.29659081296
14.4520616279235
14.4673201215597
14.3985005111894
14.4762013533963
14.5322173813346
13.911564159201
14.5099666585579
14.4598930481283
14.4904754419309
14.2321781969767
14.2116327960757
14.4691780821918
14.0419874813051
13.9815785119409
14.2915533255345
14.4477373760401
14.3772686025408
14.2493781706272
14.0647756432485
13.9494572918243
13.8759647490284
14.7583215683992
14.5472282795822
14.4759946892801
14.0369334699189
14.4475315238299
14.4671137109431
14.1523259222041
14.2857142857143
14.3064745968368
14.3626062322946
14.3926717903633
14.248213709168
14.3018176694378
14.2252494674291
14.3127079925546
14.1967969788097
14.3558264854391
14.1850909802387
14.3885911938987
14.5916076670696
14.4253339592847
14.31293669278
14.1513383760851
14.3834937010217
14.3260409315455
14.5271865920508
14.7029000202799
14.5643618396484
14.4165150136488
14.3793074108738
14.1367387909882
14.4081162879918
14.4838608407774
14.3548113367653
14.3519696841153
14.4718831983575
14.2596234897443
14.4762176424446
14.1286191536748
14.01604595606
14.3430460955826
14.3193713584357
14.2698477414276
14.6331617721264
14.3485206180466
14.4960653536897
14.523029375152
14.2422158923485
13.8691517271535
13.9409672146909
14.439302242791
14.2776682624613
14.695013260293
14.1703233740462
14.5706403034832
14.3198090692124
14.2738495755852
14.6191663903346
14.3780840564914
14.4034090909091
14.0322714566439
13.843192398531
14.4442386860586
14.2646127875079
14.0970387877103
13.8904109589041
14.1967098354918
14.3882850412918
14.6650468587296
14.2126287756675
14.5441493180187
14.2351254883224
14.2167457265557
14.3560992184845
14.3807349207925
14.1452186649927
14.2943738810494
14.1897565071369
14.1665618844042
14.0194668731335
14.1103782249311
14.2243918862049
14.0268363535759
14.5601792022056
14.5643618396484
14.143245693563
14.0784449843804
14.2877272086797
14.4743415887517
14.0581458220688
13.8458387383082
14.1883666587376
14.2515811665495
13.9381443298969
14.2531837732985
14.5528653644675
14.2951799585524
14.2110352753213
14.1828099867124
14.4452675366118
14.4079115632726
14.4886120081159
14.1007634437012
14.3000183333568
14.1027245796303
14.0068791181468
14.4384798302696
14.5103819350038
14.6004319654428
14.5101742938096
14.2905462540166
14.0210176991151
14.4915108900703
14.1653744604166
13.9440861397984
13.8809034907597
14.1645036143906
14.1554167131541
14.6988545030629
14.6280240626668
14.3829787234043
14.0394600207684
14.2331770584767
13.8824238109581
14.4530915932609
14.0196607076196
14.5449329412609
14.1337830868517
14.147192186955
14.1389070931578
14.2515811665495
14.3327632267093
13.8712192719662
14.1865801108064
14.4745482056699
14.1507459145652
14.0700449575401
14.2903448567442
14.3147552092156
14.4704169877558
14.2732468117452
14.2219978120003
14.275457194746
14.3370189180782
14.2784724569111
14.4774414620217
14.3125326407611
14.4058646360175
13.95233639716
13.9138548513248
14.3293199932169
14.4989704873027
14.2417730586104
13.9546405372674
13.9821568924863
14.2921640001129
14.3516944349994
14.2935756515359
14.3941116289644
13.8588666648425
14.1176798506007
14.3236899408953
14.4384264538198
14.1932410469092
14.5658988295517
14.2010839880677
14.10998552822
14.0727787492714
14.4212307823589
14.5128740929454
13.6631902336486
13.9463875555311
14.4271811507598
14.2303805995285
14.6584748825443
14.2722555788349
14.2001734799519
14.1107450195326
14.5969655569138
14.4640465129535
13.9402013432036
14.3169475985613
14.546965918537
14.3205835461433
14.3468981016863
14.2194701671313
14.3741237449195
14.4492213079748
14.1514695220568
14.157391134544
13.9327385037749
14.1366871404894
14.2668390869223
14.7003446977377
14.3768837821393
14.1729207934604
13.9591814280999
14.2710515585676
13.9757111778151
14.3365631797508
14.5296820647895
14.3777887952405
14.33575322731
14.2796848621272
14.0069551777434
14.0280561122245
14.379622021364
14.3006086564473
13.9044905339872
14.2490137997838
14.3325143325143
14.3554204087405
14.3957337569319
14.2887309072992
14.4147470673446
14.144370122631
13.784018686512
14.3207855973813
14.0804039619344
14.4518958324434
14.2660369933097
14.3775851323021
14.3240191927745
13.9996138037571
14.4270403957131
14.4577969343191
14.5287132120934
14.4359573619107
14.2455350864857
14.3425505104136
13.8262043387556
14.5545364509323
14.5299267771935
14.4890260631001
14.3469586994355
14.1438375271997
14.0097819779491
14.350410416077
14.161220043573
14.3200112978393
13.9272322716222
14.1115564462258
14.1426539094535
14.4104927734153
14.0524643833146
14.2535528352329
14.2039877730727
14.1206317344819
13.9460605476548
14.311750328478
14.4269758839013
14.2373738082869
14.401567981366
14.3467557089901
14.2638101534696
14.0712295343324
14.4196618837903
14.1262595334855
14.016626619162
14.3002056975401
14.0620670545858
14.265034503113
14.6163040191236
14.4718831983575
14.3505492796448
14.3865517632385
14.1038823889059
14.246213875672
14.1702383112985
13.866688525486
14.4671137109431
13.9717533585946
14.0944914724157
14.2128279883382
14.5863601708934
14.4921322299876
14.7475893363585
14.3479737378311
14.0375164393992
14.0142353672863
14.4605116796441
14.4473256774855
14.6988475755599
14.5288858321871
14.3672059676986
14.4718831983575
14.0121760978505
14.1946130394652
14.3737166324435
14.327456488291
14.3016161530766
14.1667598077568
14.3644373928688
14.6673802670215
14.3414799728445
14.3558264854391
14.3175534616036
14.3306930972652
14.1664805716838
14.0731805388018
14.6413307150283
14.7238194807458
14.6801210313726
14.1707194365252
14.5635251199265
14.2941723758775
13.9031714038912
14.3319529052593
14.5461848541795
14.2100395190448
14.3719704056467
14.1231527779712
14.3554894882141
14.2603999662476
13.9889082029633
14.3797152419309
14.2975987366224
14.2082475093531
14.5089285714286
14.1233494902223
14.222995244975
14.4025907618885
14.3012284388531
14.3111186383267
14.2746533399029
14.4987691074598
14.5355928312121
14.4314328860017
14.0368866656505
14.1698139599944
14.5318395042247
14.6108579011135
14.4640182583268
14.3681011151574
14.6807586506443
14.161220043573
14.2106369560648
14.1475869574317
14.2427732674102
14.1029207232267
14.2587957364232
14.2311794756638
14.4396613165322
14.3364610311496
14.5445669653113
14.1495611403374
14.5459761870607
14.3727852586818
14.3558959693061
14.1943250696418
14.3695264008163
14.5315542320467
14.3961421175803
14.059145370178
14.7730911419672
14.4065631475857
14.3994098369958
14.1514695220568
14.4180232392966
14.4942023190724
14.3347894312736
14.275457194746
14.5566258487776
14.3117246051573
13.7816679351963
14.4230769230769
14.400545346096
14.1205960172678
14.4832314460378
14.4528855884491
14.5545364509323
14.4011589098294
14.2700329308452
13.8947887690642
13.983699474577
14.2754672930057
14.4364794902429
14.5430057455619
14.1394441735739
14.4873752872497
14.3222001157064
14.2620278776978
14.4296448087432
14.3603687810681
14.7084421235857
14.5655449522853
13.9643667881956
13.8877486796377
14.4112677656146
14.3771778237344
14.4210960032963
14.2941640378549
14.3623268384486
14.6032659520898
14.1884619148133
14.3258387319869
14.3918554859201
14.1494967518889
14.2610259508522
14.4137235689232
14.3638269541321
14.6029551542383
14.261202216534
13.7938539810369
14.5518211302776
14.2748542951263
14.4615428498082
14.2124295685813
14.5193161316189
14.4933750696797
14.2851105194201
13.8759647490284
14.5781816090632
14.5097590292485
14.3270929000353
14.4124168514412
14.3717667068245
14.2437736167105
14.3839988651677
14.3196068462972
14.820661229501
14.2517814726841
13.854162397016
14.1796366992491
14.1780505879556
14.2628295205441
14.5619924822817
14.36395284661
14.2067324515362
14.4855144855145
14.3900191394343
14.4477815893983
14.2849100683987
14.6004319654428
14.4312877149038
14.3398039049476
14.1848927398505
14.3466953129417
14.4043141985383
14.4397655494224
14.4687887556842
14.180532852732
14.2662375082576
14.5095348371787
13.9996138037571
14.6132672325585
14.333776257386
13.6301314622147
14.3747344568758
14.2606252195293
14.3835907910975
14.4640182583268
14.4824040219378
14.1162712996993
14.4434157111317
14.2343758773654
14.351222826087
14.4208205930456
14.36606548319
14.1871755767912
14.3827747124154
13.9096558251828
14.3285100610445
14.4944109322737
14.3687119172453
14.5809067771019
14.1357534189285
14.3008250475989
14.5580887842417
14.1705214025183
14.4105734384993
14.3258784136986
14.2802822256961
13.9157643377661
14.0210176991151
14.7767473685743
14.490477686092
14.7531214116484
13.8273959539541
14.1963998489447
14.2869207814875
14.3058491895701
14.2530156010841
14.3834937010217
14.8364913307484
14.5766314338235
14.4016572547462
14.4593073778082
14.2863175081284
13.8031386841461
14.1676670109712
14.1597611673781
14.7297846403901
14.2456140350877
14.4471646549761
14.0651658274729
14.1145028604836
14.0509711089885
14.4278606965174
14.4446974440713
14.8942420681551
14.6724739180136
14.2178101207252
13.9517604810193
14.4430042588346
14.365454906072
14.3676127114446
14.4490156163253
14.2049430402777
14.3611075738925
14.4236924083584
14.2533841244852
14.2573923313789
14.1513383760851
14.2024763292061
14.4985558637651
14.2792767419591
14.2867206762945
14.2712379665597
14.6246484459508
14.5564168819983
14.4165150136488
14.156277485376
13.9289540921454
14.0342135857831
14.3601654109783
14.550568247044
14.7191174335898
14.1221692989053
14.5878290893397
14.4323147212457
14.2219978120003
14.2499789201495
14.4572129230945
14.3966606562265
14.0078466044096
14.5189003436426
14.3127346639189
14.2634088703211
14.0474343344786
14.393799594021
14.2810867146459
14.0597052176204
14.4216409950079
14.7523095948207
14.3807349207925
14.3640304279461
14.5247235432304
14.4214358857663
13.8902206819085
14.5783063311502
14.6708101467081
14.540089102812
13.9685947456064
14.1615392128138
14.2979898294102
14.3171495472113
14.77051136529
14.087830335332
14.4574537788793
14.5087052231339
13.9077294090243
13.9180276166577
14.3889991494188
14.4045186194369
14.7203851954983
14.090568342727
14.2991983996168
14.3471008961637
14.3857361528431
14.3611075738925
14.4280657862941
14.4646648900543
14.4391492993812
14.4075856293205
14.6761133603239
14.5657539750875
14.4896502498216
14.2327774970524
14.4473256774855
14.1885651918395
14.6035860877079
14.1479817499407
14.2487774717554
14.52763689504
14.5174452732401
14.4220512309946
14.2650141384016
14.3970694722494
14.0686784599376
14.3648443808525
13.8659081896375
14.2634088703211
14.5468108914584
14.383386762745
14.3762494151674
14.2614027932097
14.3795113235106
14.3006233605055
13.875015393878
14.5440476872815
14.7225203794494
14.5338430917708
14.1500885251844
14.3898151298628
14.2863175081284
14.3985927680763
14.2572199123497
14.4661079756
14.6120956480428
14.4387384952416
14.1825142873112
13.9607174295775
14.2879263503146
14.3315024780086
14.3875714062965
13.9233734344778
14.0344570116977
14.4227353463588
14.3477093139957
14.3361581920904
14.6036861718199
14.2045454545455
14.3230085373598
13.9967180109492
14.5499418863268
14.2050628300856
14.369322771267
14.1766630316249
14.6792709584956
14.6540262442916
14.190948022504
14.3493950329017
14.2988084326306
14.2525827535315
14.4282075726746
14.2399730367375
14.196312318871
14.2796789184622
14.150350967778
14.1653744604166
14.2417730586104
14.3589453113937
14.5597610705876
14.467939388751
14.4173349257806
14.2521821018455
14.3839988651677
14.247376037993
14.1428511653207
14.5064377682403
14.7203995122235
14.4378630823556
14.0760997820564
14.4430042588346
14.3463497453311
14.3950256242813
14.4419757306443
14.2285834561145
14.3277002204262
14.4753575970621
14.2974086828883
14.5328819006083
14.0274184846515
13.6821794335524
14.5842622290621
14.3299275024378
14.1200061270243
14.3689155294818
14.1521284019539
14.6359787901117
14.4691548470955
14.405574516496
14.2696154387942
14.0487615455025
14.7628902037366
14.4197235626539
14.1708050639994
14.0837237754946
14.5944388416655
14.3734835478241
14.3002343375025
14.2722290319399
14.2976104783278
14.3571863883102
14.3121286115542
14.1655723505909
14.2393731305557
13.7631489650492
14.090770128679
14.4179499210852
14.2953814921333
14.5157826927206
14.6286571642911
14.5466022063781
14.3103107623698
14.0297474922172
14.4627804481465
14.3793074108738
14.2475762259379
14.3598885163335
14.5892025527511
14.5745383532926
14.0958517921869
14.4890297346295
14.2706502636204
14.3112953484765
14.4977217865764
14.616935483871
14.327456488291
14.4661079756
14.2380204241948
14.3327167205614
14.0170137546263
14.2734598022809
14.0925247139842
14.1229180870751
14.604106415735
14.6456193004733
14.3302884411752
14.4556006551307
14.2542165798306
14.140823093427
14.0757176535848
14.2824979596432
14.794280711993
14.6362586605081
14.5760860190323
14.1078260869565
14.384202910886
14.3969589083843
14.4245800528664
14.2091190346199
14.576212769624
14.2911451220027
14.2634308118211
14.1694470425642
13.9273854935646
14.1093719591871
14.1093965241349
14.383386762745
14.5247235432304
14.6877761200516
14.2597983377632
14.3277002204262
14.490270818165
14.3331215138036
14.1751857438132
14.2260469809946
14.2284400583156
14.5549542825154
14.4793020233896
14.5284694959452
14.4191800691097
14.791259445109
14.095471100114
14.5618519688658
14.2992117101237
14.4557701903201
14.5937077228635
14.0716069941715
14.2108361129019
14.4183599471042
14.0088142243344
13.86628741778
14.2305803101537
14.2437736167105
14.2251900900648
14.6818214725259
14.4718626457533
14.2525827535315
14.2973971405206
14.1162712996993
14.4003408364695
14.3678975260011
14.6332302891977
14.8642699926632
14.7020405793736
14.109617661397
14.2947858604389
14.0692490382078
14.1567443680474
14.6930842422836
14.7897492743688
14.8228277394457
14.3780840564914
14.089791154279
14.2138241354659
14.0105562771161
14.0583407275954
14.4741166216583
14.1436988634777
14.1458714443312
14.4045503021685
14.4269112453002
14.3544733861835
14.302237016559
14.203073130419
14.3119266055046
14.3412771374019
14.4206862257583
14.4157707111307
14.297385620915
14.1449614671739
14.460955420365
14.5012429636826
14.1046663516856
14.5313461896377
14.8108155433308
14.4159754573344
14.1619343946645
14.1791461779169
14.3546083242586
13.8057671381937
14.2558181996938
14.6340056805894
14.23183162972
14.5124392336288
14.5582329317269
14.361920393927
14.1730084479509
14.3432487811771
14.4954442889378
14.218275036071
14.0915464604534
14.4733277246218
14.6595799994223
14.5875251509054
14.1866771028429
14.1848927398505
14.2822936180402
14.5518211302776
14.4286181823356
14.7437295528899
14.553909748536
14.3064541136341
14.3657825459281
14.417818434921
14.2849100683987
14.2358237843448
14.3430460955826
14.1303893861982
14.2316320807628
14.1960027412971
14.4112677656146
14.3236523901006
14.4993785980601
14.1109411928264
14.4574537788793
14.1710296684119
14.5313843508169
14.2485772500527
14.2305803101537
14.2782713998057
14.3548798097341
14.6136884430801
14.4656690015265
14.3054654214046
14.1594403250806
14.4834383168359
14.2223967684022
13.9602120189991
14.6421763992376
14.5580887842417
14.4310823311748
14.3882850412918
14.162208969399
14.4376575114263
14.5299267771935
13.8271470259361
14.3384380435244
14.3082914714681
14.3068783068783
14.1058635320303
13.9109916040169
14.7216818142223
14.2905462540166
14.8560545015017
14.3347894312736
14.2503794479735
13.9153823985508
14.5087367516471
14.1896624177056
14.5466555616187
14.5686220931069
14.3638269541321
14.4095495239449
14.1300409687578
14.0880293431144
14.0772722855437
14.0229567141474
14.1333890863475
14.3923694893122
14.597699494695
14.4302608547154
14.3993183754615
14.1598357794194
14.0210176991151
14.3264856311283
14.2415730337079
14.2887338829
14.2700329308452
14.4731020111046
13.9604042184101
14.3528479220926
14.3552862562999
14.6011652161404
14.5954962468724
14.4836541617318
14.8049826424341
14.4755813787492
14.3901227559781
14.2646127875079
14.3929823565315
14.1913452387617
14.3109166607861
14.2219978120003
14.3054654214046
14.528261336772
14.1651765757711
14.0903785225946
14.2644121205301
14.1196128942422
14.3426971060002
14.2110352753213
14.676750003615
14.6447740520575
13.9380956304414
13.8596826610591
14.7769624970883
14.6179880463743
14.4506613135153
14.3816594876445
14.2328294584514
14.5810288603813
14.1109411928264
14.3006086564473
14.3851245057328
14.248213709168
14.1418082008555
14.2045454545455
14.0886125145744
14.5271865920508
14.48985710003
14.273861255256
14.3949171051325
14.5024861404812
14.4409982073244
14.3483177834323
14.4601313521291
14.5321783950175
14.4022703086201
13.9520818155576
14.004829251466
14.3771778237344
14.1465386277161
14.6948112114895
14.3718849116448
14.3321095735668
13.7887000584152
14.1323568315674
13.7711145783868
14.4073811213627
14.1938190462872
14.5695174116499
14.2180758670925
14.2921512855896
14.3187653415343
14.0935031033477
14.3157360262902
14.3521726219935
14.1315697876784
14.4488099305318
14.1983857204806
14.2420160520851
14.3793074108738
14.3439144457647
14.2907476569657
14.2128279883382
13.8447044688085
14.4675265380664
14.348379793406
14.4115974985787
14.2206016408387
14.1434429659386
13.8744458431394
14.0245083123565
14.2098403845345
14.2762704474169
14.5072536268134
14.2418162174297
14.2841059416252
14.1790418659284
14.4360131547102
14.3449290534327
14.0939037611542
14.2915533255345
14.1125384476208
14.1339800953416
14.4140558366976
14.4884049894981
14.2887338829
14.3222361897767
14.2523824248728
13.9190116678106
14.0435432940003
14.5660355675583
13.6303146801446
14.2899420792289
14.1685413668311
14.0386825236401
13.9316333260057
14.2363743576784
14.6756592468232
14.4034090909091
14.322640789864
13.9550246346096
13.9810001792436
14.3911439114391
14.4075021312873
14.2650141384016
14.4206155071392
14.411187857082
13.9950865376653
14.1511408833996
14.0800088867906
14.3084933749136
14.3729889863783
13.8955504090554
14.3711556450013
13.8155387379539
14.449838418063
14.4873752872497
14.3446677407502
14.270248991241
14.1546270987895
14.0597296099291
14.487168507893
14.3097049152566
14.3862436865104
14.0322714566439
14.3736002041221
14.1172539574255
14.4154902546168
14.422461490321
14.4146705522781
14.1231527779712
14.0993909730526
14.127875384894
14.4366297445827
14.3856313930228
14.463605631392
14.0647756432485
13.8050160491812
14.405949728203
14.0134606614243
14.1610222749808
14.263609509073
13.9440861397984
14.5012513407222
14.3060709095783
14.1525234479678
14.3791035040202
14.4935822303536
14.3972738889678
14.2732468117452
14.4175399183859
14.1772576653664
14.1446267157683
14.2080484250645
14.2150196963537
13.9902592475062
14.1349652201793
14.2939708763868
14.4553580338432
14.4344264626412
14.4063586686537
14.2316320807628
14.0177226039233
14.2907476569657
14.0431543085062
14.4156951947683
14.3356000735159
14.277467228003
14.2933588689236
14.4813810814667
14.1785519717267
14.3765669041515
14.140232094844
14.4735341090577
13.8845191031832
14.0962433164364
14.1447643468324
14.5232371794872
14.5350918646446
14.0141107597995
14.3002056975401
14.1969955520743
14.023792088647
14.3319072026659
14.3181914457984
14.0995870239304
14.0328540389433
13.8621170487635
14.4842658591284
14.1689373297003
14.3897143343693
14.3595553352687
14.4048413904792
14.2307800263845
14.3335736397948
14.3516290655872
14.3206180179926
14.2227957471877
14.1554869962168
14.1641872354691
13.9046966061022
14.2603999662476
14.6967171534169
14.3697300361369
14.0768814293449
13.9448531939765
14.1730962764173
14.2563900683294
14.6375263446603
14.3216293325047
14.2640108035111
14.4500021375743
14.5234753215503
14.1326011512356
14.0636052204546
14.6031654593372
14.4530915932609
14.3672867931479
14.4822075735525
14.1355058839914
14.2103126268778
14.0665493299333
14.5303060669396
14.2676412707338
14.3266475644699
14.3772686025408
13.9754120954849
14.0146227523392
14.3636234860826
14.4532976039454
14.1393014013805
14.0373221108589
13.9230251685455
14.3056672451009
14.0309122860424
14.241373014424
14.4607179019124
14.4156951947683
14.1535111594992
13.9700209412543
14.4444444444444
14.1495611403374
14.1314194132813
14.3378298125053
14.0032038888582
14.1610222749808
14.4764080234135
14.4809562572298
14.207650273224
14.2515811665495
14.3972738889678
14.4085257548846
14.5572527851154
14.1300409687578
14.0355733960828
14.5572527851154
13.7955429784224
14.1180401821144
14.2439737034332
14.429091322643
14.4432586268232
14.4593073778082
14.0847024866785
14.0383391884042
14.1526534482278
14.2881274810665
14.5783063311502
14.2788813235046
14.1564038550049
14.1761756449112
14.3578572135855
14.3592790651614
14.4623977658089
14.116239934356
14.1761756449112
14.2176775458748
14.0817713897252
14.5103645461044
14.3460869811027
14.3696467756778
13.7958218368151
14.0722049689441
13.9465223006953
14.5925585140031
14.3445231931418
14.3242594188363
13.8447044688085
14.3234500586216
14.0219871395976
14.0996019263424
14.014747997399
14.3346351955624
14.0056409689194
14.2383268209035
14.2597728008559
14.4532587604155
14.3655340631913
14.1212222593956
14.2974086828883
14.3374755852464
14.3742993770664
14.0359142049548
14.6144413186179
14.223932151984
14.3249052548221
14.113127714063
14.0295533787149
13.9688662350186
14.2397730623938
13.9825493380309
14.2372691348337
14.3400064989192
14.0562248995984
14.0501931036392
14.0827482864833
14.3151303170484
14.681420409344
14.3877753522524
14.0313528159474
13.9564942386492
13.9612935172831
14.4993785980601
14.4490156163253
14.22584759422
14.2268445839874
14.0829436821001
14.0350392013164
14.3090760425184
14.5980152452179
14.3700536576388
14.4141329508499
14.5573338300403
14.2903357384981
14.0864598064498
14.2788745881094
13.9446614225205
14.1180401821144
14.2130272065935
14.2845068041586
14.145810663765
14.3046581835623
14.2889352347669
14.4319039011685
14.3766570727765
13.9046966061022
13.8549195895446
14.5228512911588
14.401977076143
14.3613857179277
14.2237932920928
14.0702401931536
14.2559892025644
14.1068447412354
14.2887338829
14.3770647535057
14.2219978120003
14.3141489857282
14.0507434145801
14.6510619852623
14.1812231654616
14.325676019327
14.3032284429914
14.2672401675522
14.2302353947313
14.1268493646397
14.5500938946946
14.2987955201803
14.4673451352661
14.356232585112
14.0640155189137
14.1876686096085
14.4176136363636
14.2804884911925
14.4010442530611
14.2486137432442
13.9039191243956
14.2174783936351
14.5925585140031
14.3609043832593
13.9703251025408
14.3786035046961
14.263831700839
13.9756047136655
14.4171299390045
14.2104378048097
14.3187980117488
14.0278065988794
14.3721741102434
14.1933316536491
14.0862679724943
14.2800811176206
14.3343841445313
14.3581320268472
14.3701373240934
14.3264856311283
14.0706306806355
14.1651765757711
14.2102386591365
14.485300419988
14.291754756871
13.9586746142092
13.9877503724549
14.1462053571429
14.2529834277441
14.4212307823589
14.2241923492362
14.5290940092562
14.1467974385089
14.2911504798951
14.3210225266577
14.0984108004394
13.962518761274
14.1048824593128
14.3462066816785
14.1600335148722
14.6037964109802
14.2680249901503
13.9817713001393
14.0291651678242
14.1977037244469
14.3891017454236
14.5597610705876
14.4316984999004
14.462574167047
14.2445739973309
14.0764905948497
14.138315672058
14.3248664990252
14.1426539094535
14.2622051563357
14.4021816322473
13.9815785119409
13.9463875555311
14.4079115632726
14.2334282228548
14.267841830782
14.4288862037103
14.4266302802888
14.1948115516398
13.9799460084844
14.1593661068021
14.4677575688466
14.0747417319559
13.9580296487802
14.2095168764262
14.2746642289572
14.351766751976
14.5565626434144
14.590880340406
14.1491022638564
14.0038631346578
14.2708509082729
14.523029375152
14.4921328421714
14.0610930248667
14.1720189891092
14.4574537788793
14.0410579902612
13.9599493865875
14.325676019327
14.3167763250784
14.404432132964
14.3378298125053
14.0074595938666
13.9486897310682
14.1779578153373
14.62409589949
14.2704496246098
14.1615392128138
14.4073811213627
13.9653274628509
14.2408171282656
14.443669688216
14.213425659859
14.2311794756638
14.1158782749116
14.04821280133
14.5359672008945
14.4191800691097
13.9740639168722
13.9715608465609
14.1723039078661
14.1552893877209
14.384202910886
14.1586494826647
14.1092002003673
14.3634200237974
14.4551519644181
13.9165282790991
14.0256722363616
13.7303489458504
13.9276148616167
14.524307445498
14.2961876832845
13.8940272125622
14.3228430984801
14.5353420965869
14.4925464862006
14.1318133039734
14.0524959117492
14.4175399183859
14.0276125390809
14.0704354341853
14.3396546603878
14.1887637304975
14.3046581835623
14.4731020111046
14.2126287756675
14.2853117691809
14.1961135689085
14.2321781969767
14.334181509754
14.0445158520201
14.0892038349312
13.882233752721
14.4720691919048
14.3066764490095
14.2998166690171
14.0008836849663
14.128465932841
14.2768641585943
14.2477764195085
14.4927536231884
14.3709519692739
14.2595978062157
14.0460722250696
14.4900613041055
14.550568247044
14.0813775864463
13.9885222381636
14.0109434587962
14.1239396598554
14.161220043573
14.2728449974664
14.3177870970475
13.9659803043868
14.2497786646805
14.1251201471018
14.0558073772196
14.4167199829388
14.3471616956251
14.2453744679058
14.162802391195
14.351019714961
14.1302378729393
14.3036492643636
14.7014048975686
14.2700329308452
13.9479222547765
14.2929634641407
14.2941723758775
13.9392939623887
14.0301357353369
14.4267706228836
14.5101742938096
14.4913037886042
14.3398574499378
14.2124295685813
14.4553947818161
14.7313062048727
14.2893379555255
14.3232477328587
14.060485045135
14.2465753424658
14.1324516246041
13.8923173976247
14.3677753350826
14.396771030229
14.3064951205389
14.3319986983772
14.2285272842194
14.2992250469348
14.3714443798147
14.4726690859217
14.2473382934136
14.0499306518724
13.9175116093754
14.3540669856459
14.2909490655918
13.9220693632095
14.1816198374848
14.1513383760851
14.2634088703211
14.3080895737205
14.2405729934696
14.1326011512356
14.1667598077568
14.1396957315968
14.4027953354261
13.9726329120894
13.8961145642233
14.2532157501545
14.5120242486632
14.4991714759157
14.3266475644699
14.050582095544
14.2356241234222
14.2943653442618
14.2033528308752
14.1567987502964
14.0410579902612
14.2210639877825
14.7580551355124
14.4061541955263
14.2740619902121
14.0743514011953
14.4007498615313
14.3135428135852
14.1659681475272
14.0498041332724
14.2672401675522
14.2680423964688
14.0610930248667
14.0927203809894
14.2364228007181
14.2382201523419
14.2416163883822
14.2420160520851
14.1158472985189
14.0199179524013
14.2915475704369
14.4648710275046
14.3855322646938
14.601375262537
14.4013380770812
14.1352588449713
14.0685147747099
14.1456894631321
14.3699701568533
14.2440556303275
14.3508905744594
14.2135672416446
14.0891945861993
14.5192899137425
14.2908607770476
