o
65.7888451924149
65.7595289249622
64.2537174142973
57.5364216273434
63.3171374706865
63.0812222273123
63.1960592338759
63.4825503665115
64.0534631665452
64.683316370469
62.0886551465064
57.8363170639531
60.1394326633385
61.0601291542906
58.7959076226931
61.3857855954362
59.2231618174
60.9736302330043
64.5514052272266
64.5302348825587
61.9834090874998
61.0899198675301
60.1228065069988
58.9578220421209
58.117782747514
61.1281322617409
60.0273247870701
59.3288513474688
58.2888757162616
57.3221002373385
56.6560579455663
62.1332932149842
60.7880366788832
60.4738337189211
59.2182615927275
58.1166272655634
57.1491828912228
61.7717883904934
61.6096069217573
60.1287016276971
59.1283930821212
58.234630569656
57.2164805630213
62.3603309778342
61.5508427845422
60.2849302271268
59.3552837699947
58.1378980264084
57.3826295972101
61.8958411390034
61.1839668074387
60.4211481335148
59.5248392584263
58.3472288952322
56.8341362697866
56.9702320192016
61.5215027334614
60.4508196721312
60.1138232682707
59.3766174018057
57.9746764367332
56.6583896944837
62.0129431372843
61.075701335384
59.7537508861785
59.0869422149734
58.0847502918302
57.3682821463794
61.9329684336807
61.124513445913
60.5225750670438
59.2370486205759
58.3290953268916
57.1756951368118
62.2718909299309
61.2601927353595
60.1210569200326
59.0201399800029
58.8009278365186
57.2481538440223
57.4037018509255
62.0512512392225
61.2644411158404
59.8660947191467
58.9040509902896
58.4423852302469
57.0635282416808
61.6465953350942
61.0543740116167
60.2037395980588
59.6103896103896
58.6456558773424
57.6536593535421
62.1829512441106
60.8063352812164
59.8019629983497
59.5605409613887
58.5517925464078
57.3172423359689
62.1456180721623
60.3651139336715
60.3898287736332
59.3101071315737
58.1977030930741
57.227580090899
57.5300114196585
62.1193666260658
61.0787473755803
59.949497881233
59.4842109810359
58.2282049474946
57.3224544167846
62.0661678536014
60.9354948150989
60.3303491887313
59.669801100663
58.2044128835912
57.0398906424755
61.8579856847654
60.7634036919909
60.3175066816608
59.3868629932129
58.2757160999012
57.2982422064679
61.9190404797601
66.1487947465364
66.2421608096621
64.6231360215306
58.5491713803711
62.9842005734155
63.0236071477621
63.1035325754798
63.5619305589756
64.3693209270429
64.4084713514862
62.0530079932688
57.7881009682655
59.7736417055027
61.3305613305613
58.325095325519
61.1661557145185
59.5289573063507
60.9750697427268
64.4743413659633
64.7421129343176
62.0408899037089
60.9585098374932
59.9332462632419
58.6722734440482
58.0480125934671
66.0514657667888
65.8146353901071
64.7304985658982
58.0349614973863
63.5032904852697
63.1044967683775
63.4925515396559
63.1797947039116
64.124460453995
64.0737235676498
62.5501810304343
58.2484552662021
60.1938916830673
61.5160045876342
58.5774058577406
60.8166811468288
58.8889522614498
61.1743097523403
64.52217656892
64.5998873803416
61.5910141857725
61.4178616052835
60.2457102836466
59.1589655419443
58.1950923877042
65.7182865508243
65.9681180717503
64.422536968865
58.0390393344482
63.4574312800578
63.3620226753195
63.1257164692396
63.1112469437653
64.3151911547146
64.2137660884164
62.3697484067776
58.0374081308582
60.0482712495275
60.9549110766733
58.4927840015862
60.6808598169289
59.2250552097972
61.1724975560625
64.5544492552011
64.8433084217798
61.9450443964483
61.730240344374
59.8758988633728
59.1809245407388
57.9982867334185
60.7220921590627
