o
7.2596318737853
7.36562803578419
7.13813986819734
6.72892244519505
7.1296244315949
7.20128148788682
6.85023867957604
7.21775453951294
7.38855355974111
7.18996801313443
7.27236215502898
7.04176543158537
7.1141484728388
7.0885369427196
6.98560250821633
7.03747315924361
7.07373111466964
7.21027606273508
7.17382401536441
7.11135997760202
7.04235133971358
6.82570882360861
7.19546983437646
7.14366228935355
6.86880182084214
7.29832812365576
7.00031632077677
6.97374910944265
7.16729797090837
7.03718069485233
7.07875815171952
7.13533253739729
7.22637912885146
7.20955976270898
7.28012725891744
7.01318423414095
7.13202673106082
7.10290827740492
7.15110222697711
6.9302338271807
7.21457685370599
6.99012026309272
6.9774774157288
7.23340154615735
7.21361658706651
7.21929313456592
7.13473125377453
7.23420010822819
6.97936416343802
7.18966273688382
7.34165484085841
7.25010725010725
6.98375965949006
7.00256898980691
7.02683224304247
6.9185737094199
7.07349740498912
7.31675638231856
7.39304150018956
7.09815615943551
6.91385634997477
7.08862883268319
7.06265845708077
7.01012112161938
7.03580349708576
6.96246858649528
6.9959983441424
7.09110744356485
7.27079778004044
7.28050776874695
7.12028649673478
7.16780003675795
7.01361221779549
7.26090567983273
7.17794798465307
7.21693422361131
7.11998651836872
7.31369550791956
6.9190457994432
7.18751329052014
7.01516493247731
7.07468184862693
7.15485245762831
7.21852041688023
7.12108656263607
7.17855777535504
6.90237294596545
6.91914022517912
7.4504041146216
7.11489075064202
6.95912372690587
7.21194879089616
6.84219760050743
7.15293453724605
7.11384960089623
7.05469826206743
7.10402421253223
7.15071507150715
7.11638874852619
7.16081466625237
7.22067934202094
7.13471524464896
7.10990197590767
7.03365611387031
7.1767287139925
7.31169149565192
7.0622649394066
7.23541500171252
7.20569633745967
7.08357783552687
7.35080902395175
7.08644908798658
6.81469931987419
7.12518972398673
7.11958658653036
7.0132241465169
7.10402421253223
7.18120139941361
7.1712471180639
7.05008760463887
7.19312405307053
7.30262779598643
7.1542242314138
7.16714400598203
7.02887801361412
7.10062479907189
7.2807532999871
7.12302644493676
6.79380533340466
7.31893558472244
7.19322590694118
7.01647767296032
7.13683618994099
7.3518770441981
7.33108205616648
7.15374195733153
6.86805743700894
6.85477874072171
7.15744980626981
7.08290343269848
7.05594755264181
7.18986625150379
7.03250456835927
7.2469970612571
7.21293785230516
7.23675759003126
7.05813564984965
6.82552504038772
7.21677366091128
7.11139787359385
7.02615058412672
7.04196008167007
7.24824155086636
7.05902009105718
7.24420249474903
7.0466580494517
7.11469106523905
7.21276958971149
7.27215353280358
7.18527231756919
6.95100091676587
7.17764312814995
7.07843520509312
7.02800110895481
6.75342666471301
7.16101694915254
7.16182619505029
7.32711901148927
7.17185577072695
7.06098630976422
7.11588934581538
7.09031409951612
7.15160559176721
7.15734896302976
7.13894236849871
7.11634096799047
7.13162623539982
7.20352802711249
7.22500106878714
7.34133592041818
7.04616838535731
6.90002449712839
7.23851403443648
7.01157532257395
7.01710679289155
7.1412505623032
7.20434529803015
7.22668753111886
7.3380713006298
6.87564289968058
7.09913636490679
6.89430541230118
6.95166675789589
7.18275008837045
7.21857504191889
7.16967284839247
6.95347468415073
7.00737981929788
6.99474017569466
7.23389106443574
7.24865606771131
7.18221869643439
6.99580527652059
7.26485928812977
7.26829617948534
7.13200540175557
6.97156372036742
7.15061421942654
7.26829617948534
7.0789293642926
7.11020110509635
7.05067586360349
7.19127950769581
7.26552179656539
7.07336166405726
6.96624263450631
6.96518782606302
7.20551378446115
7.00695156063921
6.85534676403246
7.25612548660408
6.98308633133161
6.98529918298177
6.88409732782968
7.14728769595128
7.13320952220159
7.12739337025895
7.2392375240951
6.9980261977391
7.20723282062946
7.12198685171658
7.15434764202862
7.28856686936646
7.36019975611172
6.9883802671298
7.15859030837004
7.00247227324835
6.89017843795442
7.23603459595239
7.18028607845914
7.03814759287023
7.31950279353805
7.19322389796121
7.15263180170139
6.86062246278755
7.20784759738413
7.11229571438592
7.15646834639001
7.1190867349088
6.87942685011805
7.31274610203228
7.2659004270687
7.18649449318913
6.78288091829773
6.92944810431075
7.25654090570791
7.12759376933026
6.96610379082453
7.28846209137173
7.37862382116661
7.11325193234009
7.09110959114449
7.05222533803482
7.08021450117305
7.14406493067298
6.99503311258278
6.99291054039889
7.13551855657045
7.22520699434239
7.18425415538961
7.00148850543029
7.02365644918219
7.27512280350008
7.06134193297285
7.07294320760759
7.33542229217507
7.19587512040342
7.08646039673018
6.98867779168788
7.26939698348645
7.15583665535068
7.05486966544919
7.10668420021824
7.0592812873461
7.27533118510562
7.33785930954788
6.98752424313283
7.06242179897122
6.98829323318614
7.06910467284518
7.1929203539823
6.95376023215703
6.97361557257777
7.2570391851545
7.20393663939192
6.99753433337466
6.93666876041183
6.92579312601399
7.15573585756142
7.07767328456984
7.15838816253918
7.20959003455484
7.34592359082627
7.0592812873461
7.14778179566912
7.18671306906601
7.28890164287252
7.15150491314019
7.15674396325829
7.0527148787294
7.0425469850398
6.97828061772236
7.27486655570223
7.20375106564365
7.10631438783377
6.97376927415029
6.8990855649902
7.10123816460306
7.27873088794774
7.08714249769353
7.14658246761485
7.17743990486707
7.09090909090909
6.9872245421094
7.18160828363812
7.19312405307053
7.252480548219
7.27762417088091
7.17443190644993
7.32938969845621
7.04391353180161
7.07156479251639
7.12802379749677
7.20036285293117
7.24689367893978
7.21857504191889
7.11554354068326
7.23368504990958
7.00737981929788
6.93771082856479
7.10489510489511
7.06566337955687
7.11903360520194
7.05712380529006
7.23883893583368
7.07619445605237
7.1916984016875
6.96014358721416
6.8270393764279
7.18711977589768
7.09964711813141
7.12248711068654
7.1629392068493
7.2592422897397
6.97319377776555
7.25664476791618
7.11658852923837
7.15727656450725
7.14104622665427
7.17362140789381
7.07981902474446
7.11000168284063
7.14476966220882
7.31675638231856
6.95158570194562
6.93902689386163
7.07310267857143
7.21410378633731
7.17500212278169
7.14356163611514
7.13994574765633
7.07300400385039
7.19802373786132
6.77318513372699
7.08407271304615
7.36658932714617
7.30367771803203
7.1384407846664
7.09844197582617
7.29287795914266
6.92702083560598
6.98493015069849
6.95852282066736
7.24090254714426
7.39640662764625
6.94206728465214
7.2540491043324
7.29139701441022
7.23531174632169
7.14014645733481
7.09923557443716
6.96864111498258
6.87155069797641
6.90339326239689
7.25973561986424
6.95034683190305
7.16425503052227
7.02332797694908
7.24233983286908
6.83703054413054
7.33443277493273
7.2334536531081
7.29874467349994
7.24575544503516
7.0178838381042
6.91942351785129
7.22109071228155
6.95578207960049
7.19016351594741
7.2799850666973
6.74587862740663
7.09736123748862
7.18099797459032
7.26725435390239
7.02683224304247
7.10462150724475
7.05902009105718
7.09706318765923
6.87066348655681
7.12849570462438
7.22798813868613
7.32288582364411
7.21389849319162
7.2006817213464
6.99339283004814
7.15132024373731
7.19506137798907
7.16354645001766
7.09477897034746
6.99850919330793
7.13441404930767
7.13902762493298
7.30633167280341
7.15548327794669
7.06851994132849
7.16810405768415
6.97376927415029
7.22376576191494
7.17794798465307
6.95740476451861
7.20907746558981
7.10880538418396
7.00518134715026
7.26621282694375
7.32584854133253
7.04538506433951
7.16749604161954
7.07566918804254
6.94920365141588
7.12418851698845
7.21646549760875
7.11349318816382
7.11658852923837
7.08823241573112
7.16425503052227
6.90425285634524
7.05882352941176
7.1502108395504
7.32003118593168
7.04509136385743
7.22592782623568
7.03297313043599
7.15697346132129
7.23438258040581
6.89308244507287
7.02839081734502
7.08011562792387
7.16769870218
7.00305261267732
7.35955871679489
7.10372560283589
7.29454419889503
6.98606919928899
7.04450403634797
7.20088626292467
7.39757207890744
7.37669140113488
7.06098630976422
6.96629522252298
7.29087274766678
7.39908350602726
7.13240673006584
7.08239041153298
7.08862883268319
7.1130939854371
7.11289440087543
6.88400385612839
7.32373206985714
7.26652525368343
7.09785804283914
7.13973891368943
7.1423540184546
6.83573999919104
6.67403838559356
7.34144222415291
7.02624795587461
7.26152964766543
6.97952946683003
7.04440615795032
7.07754589237105
7.21693422361131
7.26399176366288
7.26544622425629
7.03016883476335
7.16532434376631
7.17220347597736
7.11753744413153
7.06281455940828
7.1030289444927
7.18038776926454
7.27038072703807
7.02002160006646
7.19853473612472
7.1680027145099
7.10621478429064
6.99021094719427
6.99928212491027
7.21523310753117
7.18028607845914
6.79153464618511
7.21112817887011
6.83058268777366
7.06433139656398
6.90472299395326
7.108606040212
7.21000014220908
7.30053134044667
7.2463768115942
6.9852029428784
7.13762811127379
7.03316825502518
6.9668695807511
7.15263180170139
7.27758160365171
7.13080168776371
7.20293231800875
6.94701360628109
7.25685250125242
6.9931999062056
7.01390329943972
7.06010137581463
6.90971039182283
7.05892180886612
7.130601108267
7.27841741077837
7.11069970968149
6.95654560173433
7.08456765971718
7.0290729110344
7.10711131670802
7.35592238633073
6.97754275118467
7.10867314097002
7.22822993739328
7.09993011879804
7.13170443516057
6.97108443674463
7.32003118593168
7.07300400385039
7.39422754386221
7.16178875542773
7.0846814682584
7.12152860527386
7.21252821830676
6.96415107272603
7.23255217973177
6.92872145994163
7.15351902441772
7.12292656935739
7.310825202199
7.35720078785772
7.09864035884465
6.95899943834847
7.01948321127539
7.1506995861603
7.21888277841725
7.11046413974581
7.06644966545647
7.24286406798027
7.28357181773865
7.15372049794401
7.20128148788682
7.08112628937831
7.1798060887017
7.09783578759482
6.9028304322422
7.20179194193201
7.22802424518369
7.17281109244172
7.23533349475153
7.14335934753568
7.1894592337848
6.85486047390295
7.09804524305216
7.06713780918728
7.28994762143933
7.02045328911001
7.06959655983412
7.19393896480918
6.82318809434266
7.24679029957204
7.28252766787086
7.09815615943551
7.13451444492915
7.23572478556851
7.24440951632493
6.93741276921814
7.04832341656008
7.11938663745893
7.19679763797411
7.15130356438989
7.02152068446005
7.25527721443058
6.99319952644476
7.16845878136201
6.91721132897604
7.09635962339005
7.03240721513906
7.27085360966394
7.13433045432203
7.16098111079786
7.22565962591565
7.01570246792526
6.85578558125725
7.29654419580018
7.22798813868613
7.24575544503516
7.25996992911864
6.87010488089108
6.97300196674414
7.02556641030971
7.13963837097955
7.30779209547695
7.21071794288315
7.08962006907835
7.108606040212
7.23035895095621
7.07468184862693
7.03014504007321
6.96725253885583
7.27444903581267
7.0822914775029
7.03160756140521
7.2922359980439
7.04469980130334
6.79515359459604
7.13803007264741
7.16385011021308
7.03912476050315
7.02079929099621
7.22294245864972
7.13401249507514
7.11006606203113
6.87248031602587
7.05134433602154
6.9631964909876
7.31472015435787
7.18822662054103
7.24472007087537
7.10790842434354
7.04313398624714
7.14900097294096
6.98318251311929
6.98462555794346
7.23169966337651
7.37594017777907
6.98318251311929
6.90218501123137
7.27131916358317
7.19833032811324
7.17967599410898
7.04205789210512
7.23077142490409
7.1205865003792
7.02644270746715
7.20416050926452
7.25612548660408
7.15808496519787
7.0902149439915
6.92556722717773
7.28082142600704
7.24192603808082
6.97213894771583
7.23872073101085
7.31053177990541
6.97108443674463
7.08892617449665
7.1519255184088
7.21749281097856
7.10790842434354
7.15727656450725
6.97242659698824
7.05401118624259
7.13792957805967
7.10511932956823
7.06251998498519
7.05379210752867
7.26111365719523
7.14074449655639
7.03599877876155
7.21355239055422
6.96252843946164
7.10390155223046
7.0603605231338
7.18102400271409
7.27095767672864
6.92098092643052
7.18661139955013
7.22894995232878
6.97438150415992
7.29769410139045
7.00989388566146
7.08576848506828
7.25828344454128
6.92834347126374
7.04704038176093
6.75334343676052
7.21765198982709
7.27470607609801
7.26513450509847
7.27350979126318
7.00508455841715
6.96304231387252
7.15303545478915
7.12418851698845
7.07747607172214
7.04098462903159
7.15231042153578
7.08053410643102
7.14044754301136
7.24018014936435
6.99242945629732
7.25921691911975
7.23255217973177
7.29612501077184
6.75810772983565
7.03551059489613
7.21667093688616
7.19598047008062
6.77599133956137
7.09497753956814
7.05114858768825
7.15301539024768
7.17574935729017
7.0889326132764
7.27272727272727
7.3037827268414
7.37460985700806
7.23500199783093
7.0449934691382
6.98713981156729
7.1209296457758
7.41616665936729
7.2294643365401
7.38833864188374
7.14446444644465
6.88991062104135
7.03260192427494
7.20230246834815
7.19495786417393
7.07550454754377
7.05996803557779
7.0338677965163
7.25289473308491
7.17260854218143
7.1409494089037
7.0000413388268
7.01609004902976
7.18457861315004
7.17828427701395
7.0410799100075
7.16896459265322
7.12192796758682
6.7425871359932
7.07156479251639
7.2019243086295
7.26687825824705
7.29674386410175
7.02387562465297
7.13922907613296
7.22888123776733
6.98769557952301
7.20089940087379
7.16581932505346
7.12324910255508
7.00518134715026
7.16496375121889
7.1654700661428
7.03746373693489
7.20959003455484
7.03316825502518
7.06295362411713
7.0965664935683
6.85014959318776
7.10813924086197
7.24368499257058
7.06088797281489
7.07774349810841
6.81195249099801
7.10064143861517
7.20856496950223
7.14587737843552
7.16871217691307
7.2760149825634
7.0593149540518
7.10084033613445
7.24917428044439
7.23304087310079
7.09706318765923
7.04812745016265
7.13100227854511
6.87989361269049
6.74776405451448
7.22129641498953
7.27528412352198
6.99831598708003
7.0828851231472
7.21903432956956
6.99889563776919
7.01303012698149
7.12959838002025
6.89326988443236
7.22304536129474
7.07073524489568
7.16911764705882
7.09885186222347
7.08011562792387
7.09934887628649
7.04049325112481
7.0722147051849
7.10571680845398
7.1870038557496
7.19006154806138
7.30958319516731
7.0939848046006
7.29717306366353
7.16370764175821
6.67253359252887
7.22514578296117
7.08705357142857
7.04635614614254
7.00931355639876
7.21908795066009
6.98867779168788
7.34473916759623
7.06561123808462
7.11389243570136
7.28259932776006
7.19036746039625
7.05224503421799
7.21667093688616
7.12198685171658
7.18262569594968
6.90331277317103
7.12919736768097
7.22603081396178
7.24534125986052
7.26537982030007
6.94910840334983
6.93210095982936
7.12178676780447
7.07497802151798
7.0999453850355
7.07043942711311
7.1389346512905
6.9268919158936
7.03765911078414
7.2589304889398
7.14426626835386
7.19914802981896
7.05175459337664
7.14708618793876
7.12398830935252
7.01031498022732
7.17622080679405
7.02268548598919
7.14315845719026
7.11249526535079
7.070833856324
7.17550985748051
7.29853453488037
7.29790419161677
7.16729339251887
7.34420720224817
7.29244577412117
7.0514422142639
7.08903153781747
6.90836891777953
7.12082982898794
7.13793927131195
7.31514147886817
7.16714400598203
7.02453054564562
7.31535215932491
7.05114858768825
7.05702576925748
7.23492131310973
7.19373521956469
7.19832228079125
7.01173222912353
7.29318008544673
7.41444866920152
7.18822662054103
6.81387503863884
7.03433922996878
7.13160411860688
7.03238782162425
7.23035895095621
7.26225774569206
7.11089917109637
7.36982876413641
6.98279780186483
7.01400033202368
7.07487929446569
7.13803007264741
7.10054199403386
7.14910177952001
7.20364871201034
6.93409193484415
7.10312845874722
7.27309242708976
7.0735960934775
7.23366006077987
6.92802776677006
6.97405705796583
7.05892180886612
6.84062820443629
7.13682432432432
7.18435595862265
7.13571941281615
6.77385239427569
7.27074173060896
7.23611766556552
7.10564379098735
7.09070780958787
7.02241343418222
7.03686706440263
7.14225220901674
6.8837917993089
7.22691956124314
7.06723651498645
6.96518782606302
7.02485075662918
7.10155504406894
7.09976147046443
7.07553765696227
6.95561328989512
7.15558446700795
7.16176241631636
6.90340676996814
7.14527312700829
6.8514439384316
7.28511078541254
7.02323068611561
6.99377870966852
6.90914541911394
7.11843506529903
7.11544387483542
7.29392507932861
7.0816198508399
7.33330446205592
6.91994387762052
7.17119101060151
7.05173586529519
7.04196065928277
7.01444312501726
7.01202258202548
7.05212743805095
7.19373521956469
7.16061239477996
6.99348929596116
7.26767104829346
7.1411468090201
6.90209104770203
7.25000357495245
7.16780003675795
7.09438186524872
7.11628886237631
6.8953323903819
6.89927333097461
7.07606420097697
7.02284154973474
7.0158444613575
7.07043942711311
7.01642701947162
7.05175459337664
7.10561722166162
7.09180176525717
7.2463768115942
7.01293312123937
7.15374195733153
7.10123816460306
7.08585484479602
7.01798098085628
7.00837687650328
6.99348929596116
7.12018650113754
7.12819503416472
7.01963281920638
7.26933830382106
7.1224272334698
7.09507116021173
7.01347470731169
7.19577319149539
7.11624127980276
6.97242659698824
7.28448275862069
7.13803007264741
6.96782705495925
7.12248711068654
6.99918549912338
7.13320952220159
6.935040420206
7.0803133771838
7.23500199783093
7.09736123748862
6.99291054039889
7.22685482146675
7.17957432346319
7.22196158712557
7.14949193571087
6.84156655712978
6.94273609402761
6.93647932710689
7.21437193779734
7.23789401553221
7.05676029284859
7.15545833039305
6.99570874670567
7.00750507940457
6.99831598708003
7.14124739421939
7.30579131662752
7.09784689329477
6.91306951173045
6.96033431527026
7.03620598908557
7.25382682202422
7.27533118510562
7.08636154393405
7.20884360498943
7.00573698146514
6.90564550113508
7.10946902902567
7.06428780019747
6.96997969375995
7.04812745016265
7.2103077535696
7.06403611436215
7.20375106564365
6.92824898053817
7.14798294615092
6.79716873837591
7.05379210752867
7.1317263550982
7.03092497573152
6.7111428798348
6.97463269685798
7.04753961634696
7.06472514456908
7.21893154117781
7.06748261008963
7.28458742223308
7.06689154342584
7.17896436005267
7.0502836800534
7.06039632915094
6.8765736253621
7.06310915840552
7.14506737179668
7.04098462903159
7.17200096003162
7.12912415622325
7.06812110418522
7.11255477927278
7.12549014096384
7.09944828745064
7.13813057006491
6.86954636605062
7.08308302714483
7.19679763797411
7.23035895095621
7.07803992740472
7.09309158062621
6.90829813326066
7.12969864015413
7.02060485211034
6.97472864591215
7.12502454486802
7.06134193297285
7.2058781809413
7.0507571236242
7.09774772257307
7.02917036379769
7.12018650113754
7.1315038048753
6.90030622660769
6.83509490940466
7.00595575331297
7.2645470046281
7.08278617529547
7.24710187395475
7.17804960924227
7.02313339797756
6.98915096290374
7.10233242277789
7.06649755390469
7.19036746039625
7.17622080679405
7.13511687799935
6.89326988443236
7.12468908531359
7.02216066481994
7.15465052283985
7.07530745553559
6.98262590719156
7.15392198281932
6.90395618434107
7.15533269479971
7.04039914073869
7.12118658351593
6.8953323903819
7.12959838002025
6.96179935737237
7.06285523236376
7.03853842736562
7.20518432197368
7.28019413851036
7.16719207226565
7.05774263600423
7.12102946536208
7.08221221542194
7.13192660292858
7.0846814682584
7.17899437551228
6.87499154159505
6.93998551892786
7.0865592522843
7.22627633394501
7.21119722908327
7.02113250314431
7.01764080177928
7.15059893304055
7.29057535268876
7.17534393626939
6.877597714688
7.03737566841216
7.05310656022215
7.01594154765859
7.30905631000779
7.18762822417477
7.1529146719234
7.22473476121398
7.17179845552214
7.05869275233437
6.92296161026997
7.12882402469829
7.17950167474596
7.14345979694575
7.08566965157475
6.96720749386255
7.06949817696012
7.07205702194008
7.17473589062765
7.10867314097002
6.92824898053817
7.19740440061773
6.9730412342832
7.28044026599404
6.91212888126922
7.07954735492502
7.23069915736734
7.16471799500726
7.06360021135182
6.92787104340829
7.33326583450251
7.10163603765128
6.98116325181758
7.00169863694743
6.89861619473964
7.11159737417943
7.03990668999417
6.98626172989211
7.17632238248241
6.98587667929728
7.18384697130712
7.09835491774589
7.14406493067298
7.19526560038602
7.11678832116788
7.13622160290516
6.9880048420821
6.9213581121587
7.09804524305216
7.0276402069557
7.00168150618849
7.05947748749305
7.23100792848704
7.01628385564134
7.17200096003162
7.21482240437158
7.06462670345289
7.23510524438102
7.14346098571308
6.93741276921814
7.14255525971007
7.01361221779549
7.25446428571429
7.06620209059233
7.15061421942654
6.75225741150148
6.9852029428784
7.18863430127042
6.94092682592922
7.06088797281489
7.12358792783679
7.03190013869626
7.22706085270765
7.24140886108493
6.96285106090778
6.94102184984393
7.15132024373731
7.25446428571429
6.94453956469928
6.99493660407555
7.21283543944342
6.97572228935516
7.04616067465601
6.98762035763411
6.88290924857058
7.1161889790304
7.07517548388897
7.1454745327959
6.88045381139143
7.0158444613575
7.23768736616702
7.08674624695983
7.12859593374765
6.79406089193825
7.2760149825634
7.06379665164915
6.98963937313392
7.02132658843693
7.01415257162582
7.33055311043449
7.23595185528096
7.08152113304338
6.81248239885207
6.98887008681057
7.25527721443058
7.02070207020702
7.20528671924963
7.05410933173793
6.93399710057715
7.17043574186431
6.98406588118839
6.9717971591299
6.95356986421375
7.24379358040183
7.29581065360697
7.12999943747539
7.12128660720556
6.86749925500501
7.15636733195946
7.20600358168225
7.23582805274876
6.83509490940466
6.86889488016691
7.14990833450853
7.24958890398227
7.03599877876155
7.18578150688815
7.11139787359385
7.11010139257015
7.02702702702703
7.05676029284859
7.10621478429064
6.89064666068662
7.00121520106054
7.12068650721198
7.00614938160713
7.1025314150428
7.12699260592088
6.9587416618628
6.80728796036467
7.27768606904471
7.04675599043754
7.25197391005836
7.09150418216913
7.0544037846111
7.13702525408936
7.11299419175622
7.17977766763436
6.54142905065414
7.16911764705882
7.09170256811951
7.29097759498404
7.28699551569507
7.08823241573112
7.1190867349088
7.10549136990517
7.15281395643542
7.17737149961853
7.08487908287077
6.92437707867619
7.1665842108983
7.17899437551228
7.3418892357498
7.17625619799686
6.9413131106101
7.1886453365786
6.94302076072546
6.98243395552135
7.18762822417477
7.10708189932567
7.28388512108742
7.0820147495504
7.29906031782523
7.21181147075525
6.95442660205073
6.94529893496302
7.00795982838776
7.15644150172572
6.89936167323102
7.17017883103502
7.00537493264063
6.9884765948062
7.17865941721179
7.13110257816786
7.06620209059233
7.12719298245614
7.25072936330874
6.87196725311068
7.11439155814998
6.98289397570449
7.02254972574658
7.02585848507525
7.17398686891555
7.09140499335618
7.09319081662633
7.05293176601516
6.89495729750313
7.14869857026029
7.22520699434239
7.20190914514617
7.14869857026029
6.99522613758658
6.9065101009413
7.15596330275229
7.26444291609354
7.07922589293195
6.95654560173433
7.08130228920206
6.92783843242283
7.20590116403019
6.91876253769839
7.12498946007476
6.93105852438174
7.23066830200519
7.14225340207928
7.05253933146935
7.12979890310786
7.18280668881129
6.98316312448247
6.92793309830286
6.91753533809966
6.98529918298177
7.05253933146935
7.15051337019068
7.11968656527784
7.21328268385334
7.03834300469223
7.13431365651165
7.02313339797756
7.07981902474446
6.91711714165112
7.19669065563552
7.01725304932797
7.09338695263628
6.99185201497468
7.25591779488794
7.04851939385514
7.02683224304247
7.10830704521556
6.94948941128093
7.01147835707371
7.07122832954435
7.2215021294173
7.12068650721198
7.24327104405966
7.27810396060924
6.95320642931593
6.95454171353324
6.99570874670567
7.2915018768067
6.83392749041501
6.99319952644476
7.12882402469829
7.16088016802695
7.28023159161914
7.25766126151868
7.02307383904995
7.08319970997923
7.2960202220403
7.13663566632014
7.04811587768467
7.23863263939355
7.20546934838728
7.17038124408938
6.86694116372305
6.95673650845923
7.17652554248588
7.08585484479602
7.08278617529547
7.07162284678151
7.17368234877963
7.30673891739206
7.16461694685772
7.07471624538681
7.24513663072622
7.0258906837796
6.8075526312263
7.1141484728388
7.04215589780556
7.03201782921056
6.95823688139493
7.12063020380701
7.30325771298772
7.04459729309962
6.95176188847075
6.77712852530751
7.09002093510119
7.05428186577424
7.26794094082637
7.22504302314005
7.04000886930251
7.11494558747321
7.06910467284518
7.1240253547989
6.91147059223684
6.9095904571483
7.0684161460435
7.0699901187146
7.25797233969597
7.07599732560731
7.38329166908901
7.02647376137653
7.04557432526144
7.12452491480022
6.9060210171427
7.09061470604656
7.22956722216688
6.97007532620776
7.14446444644465
7.10827526376179
7.07481477355022
7.0402977198878
7.24182259677189
7.02235518989446
6.86368743823358
7.07547169811321
7.1654700661428
7.14175036272204
7.11429172805725
6.92471590909091
7.26090567983273
7.13082537900056
7.03913091674981
7.10320623068641
7.23100792848704
6.98483411018988
7.05937938605634
6.98906239251565
7.01851340149213
6.99088982467729
6.95499787790419
6.94691354648142
7.20802531322275
7.10996654956682
7.18000904568069
7.08527434517002
6.9573792045579
7.09110959114449
7.14898886840513
7.00351554422003
6.98906239251565
7.13453084841931
6.98531433914526
7.09308982253313
7.19393896480918
7.15150491314019
7.1475806565081
6.88253624170167
7.23976741534603
7.22072974855372
6.93581639201016
7.26700522137186
7.25973561986424
7.03211517165006
7.02045328911001
7.10830704521556
7.13361098604232
7.33008515621611
7.02225792601006
7.00944270091662
7.09061470604656
7.07235239248772
7.18396900145659
7.16249559393726
6.94748358862144
6.87136480454484
6.82607641974311
7.00702084139532
7.38335177957709
7.08535971826262
7.22294245864972
7.18751329052014
6.98934366340865
7.31432858214554
7.00276243093923
6.88391038696538
6.92916399021444
7.10472106612856
7.19353007945516
7.17449445993179
7.16380866425993
6.88241522547715
7.12599089222466
7.10920410567054
6.87215354586858
7.12749356838598
7.15896279594138
7.16481904600717
6.97715941710503
7.12642388193704
7.12612397772385
7.04938734163163
7.01560557933987
7.0497786536033
7.11335153679199
7.18732314657612
7.17990756575693
6.7956229766969
7.06251998498519
7.02550201914034
7.15724812263128
7.07658874989552
7.08804241663179
6.95376023215703
7.23687959427888
7.22232510434622
6.82901861480025
6.85329620567999
7.14819462264018
7.02770885602207
7.07112970711297
7.1999659173211
6.94026173136944
7.23892743939005
6.9441590993138
7.02031321397416
6.98501047062714
7.17561141304348
7.17530675497813
7.01109052189064
7.05018564098285
6.79305955650834
7.02060485211034
7.33602465598819
7.09041325781414
7.11708803009672
7.23541500171252
6.85348148748935
7.02731922325253
7.16698944035284
7.21744689919727
7.08112628937831
6.9720430698992
6.78987545198875
7.13009970888942
7.06216656683986
7.15970231454676
6.99271764316451
7.17398686891555
7.19312184325521
6.99773643239662
7.08397373201062
7.20876995919296
7.24006454653205
7.12989916888158
6.83859828967601
6.90030622660769
7.00827999944708
7.17733829754102
7.19700195894728
6.88297583491719
6.98279780186483
7.04019995834201
7.21852041688023
7.13162623539982
7.07166323291943
6.92635970712952
7.32505659615579
7.11519029976423
7.14265588459046
7.02196615052215
7.13040054005401
7.04567204338359
7.23584878785289
7.06055678327704
6.97696776585955
6.99021644902509
7.11424810240036
7.0915055489635
6.95414099931554
7.1418529453114
7.001006050082
6.86403005039928
7.23028750355821
7.13142600443608
7.2058781809413
6.91485741509562
7.17088732672708
6.89823741886424
7.19271666643069
7.17662712680123
7.12859593374765
7.1423540184546
7.23830734966592
7.02118820108018
7.01914690368401
7.17815123670909
7.12639154391094
7.19536771593199
6.90340676996814
7.21430909116781
6.97108443674463
7.08962006907835
6.90265486725664
7.24627324310032
7.22057650677908
6.80262981349792
7.05489459403047
7.25311511995537
7.24430600405795
7.18914396721637
6.88073394495413
6.97300196674414
6.94977519464854
7.10332749562172
7.06369843013474
7.15412347904462
7.04088704088704
7.22093502579921
6.91442209341971
7.21667093688616
7.05882352941176
7.13712572321466
6.99455059667517
6.91829048632717
7.10113870330686
7.33687394179703
7.2352084938779
7.13351061584568
7.14376294542841
6.83343666603768
7.07166323291943
7.19393896480918
7.23399407609934
6.93231441048035
7.0258906837796
7.01715611791032
7.24028334022206
7.01502430402121
7.13473125377453
7.22463201308398
7.07688449911539
7.06301095600912
7.09963244028902
7.06595821626283
7.13120288061213
7.02521054887915
6.91664624349863
7.14567039891971
7.0292933346248
7.01647767296032
6.92560428624013
7.17757431897819
7.30336270972009
7.05947748749305
7.12322620449829
6.8249298026413
7.01928922787819
7.26118837638113
7.01386204230408
7.07964601769912
7.25869829249125
7.03669330821548
7.06399310287288
6.8803922365338
6.99955908289242
7.06910467284518
7.07058053920136
7.19200385083671
7.14878766130508
7.0416689723867
7.11460240694408
6.91970961690095
7.26997457651327
7.17487525020439
7.086866324158
7.02572879858657
7.086866324158
7.11738796056771
7.2416344183929
7.05416043017905
7.01507759309794
6.94747761519983
7.17740457154138
7.19699112041174
7.15631414672553
7.16219264606361
7.13332865267149
7.0416678217959
7.06733444629939
7.19649117826575
6.97981772625898
7.05273554328321
6.97789644636516
6.88589475967143
7.26142564557941
7.21430909116781
7.12198685171658
7.04773555005699
6.86647615694029
6.98222081445471
6.99368223577124
7.25539861761044
7.12228699866545
7.09120662405416
7.15788284790558
6.97405705796583
6.97530439567999
7.03219274033594
7.19986367122043
7.26746269512492
6.88886775276166
7.02595584872715
6.92717584369449
7.39821975777032
7.27737268186255
7.15485245762831
7.14950503426686
6.92887989941508
7.0920993733214
7.16952316307484
7.27904439212083
6.85274042035548
6.77119504247022
6.99339283004814
7.15121937458567
7.22345700119679
7.21502775010673
7.02206340632401
7.18578150688815
7.03160756140521
6.90763927680968
7.08427068341554
7.27220671390738
6.93610049153468
7.08715244353297
7.14939131658574
7.21903432956956
7.12919736768097
6.89899168583053
6.97520843078447
6.98202850650692
7.0158444613575
7.06069130713311
7.12038649514072
7.02829338619571
6.91980127750177
7.18232044198895
7.16061239477996
7.01885538666002
6.96409439301118
7.10113870330686
7.08268723020829
7.16223088659095
7.18038776926454
7.1890420282457
6.84256697482961
7.18598520282337
7.05587641778582
7.0555818419661
7.06187146558208
7.12348783948969
7.06098630976422
7.09487825356843
7.2841687858282
7.19047686449914
7.21119722908327
7.12502454486802
6.879553641559
6.98214604780296
6.86173668254656
7.13381173490925
7.19067339876326
7.19179539554875
7.02741662739445
7.03287557220142
6.95549580200845
7.20928248442966
7.16172502931081
7.06802276237252
7.21089014748258
6.83098686245243
7.09130756452671
7.05869275233437
7.07284473156605
7.0178346940749
6.86365908691716
7.20230246834815
7.15623987490667
7.07708167899583
7.10661321521684
7.23624115094771
7.09716253482089
7.02634533032138
7.02342527047806
7.12872398647227
7.25662452681951
7.12512447929085
7.0178838381042
7.05921666364991
7.03990668999417
7.05097002990056
7.14265588459046
6.97933730710461
7.15727656450725
7.09726188476398
7.24451303155007
7.1365229508889
7.36265810836322
7.10282992434856
6.72485144312394
6.93143755554037
7.16698944035284
7.03971119133574
7.08575581395349
7.16673955673434
7.02773742823546
7.15331756223949
7.02375356026878
6.81760229758566
7.23852949558279
6.97055352781361
6.8721084386245
7.10151815919703
7.19628286491387
7.07254931989363
7.13222699575998
7.0104743110277
7.04557432526144
7.10559075713706
7.13743782842049
7.06507377995355
7.18193770941428
7.35507036543696
6.76251331203408
7.11773689593813
7.04322990322491
7.21232341875488
7.14014645733481
7.15220972306306
7.19097936316573
7.09934887628649
7.04205789210512
7.18201521397306
7.25031460931244
6.96792281685495
7.20149995738757
7.07399087497035
7.08763787342905
7.02673485509958
7.12248711068654
7.29443924897489
6.98020210920506
7.03034000776527
7.07952244641486
6.99773643239662
7.04753961634696
6.98116325181758
7.06876359377614
7.31285157940286
7.04489557713952
7.22232510434622
6.98270163067431
6.79916317991632
7.13401249507514
7.25965806580945
7.17500212278169
6.95463711060205
7.12999943747539
6.9065101009413
7.15162286826626
7.08053410643102
7.26975523723491
6.96256420115905
7.03551059489613
6.89795918367347
7.13421326654096
7.03892930527017
7.2889860114726
6.97664818153046
7.15818602812447
7.1519255184088
6.89627030115074
7.2334536531081
6.98193235650545
7.08258828788556
6.97357743146775
7.1077091306725
7.0595115430672
7.07043942711311
7.29569884736592
7.2103077535696
7.22438336254435
7.07053803029035
7.04039548414869
6.98270163067431
7.20549152253315
7.14990833450853
7.22747295043408
7.18364339657396
7.03913091674981
6.80199239462268
7.02618221048118
7.12073001499839
7.14929070029273
7.1501963488958
7.15646834639001
7.0879351321124
7.31665079227639
6.9728101662747
7.08448386466962
7.30851125050354
7.18589979347611
7.03007154620058
7.21508919440973
7.28584362021642
7.27789500882822
7.1198865311969
7.15808496519787
7.04352537475167
7.13421326654096
6.95960136721163
7.11129812749842
7.07507675132571
7.24751626045315
7.01380626954044
7.07043942711311
7.22943105660915
7.29401947949186
7.19965918773076
6.7847870888312
6.92348659684005
6.98760974130684
7.19833032811324
7.15717552725938
7.18618891030729
7.10004481290612
7.04342752354755
7.00973343656675
7.01380626954044
7.21677366091128
7.21379585100026
6.99609488194952
6.93210095982936
6.96801858138288
7.12098654456586
7.33061507764379
7.32913149069041
7.23046206503137
7.19271365338781
7.26440726440726
7.20148566082137
6.97946005358247
7.14908947620254
7.1023124458239
7.12822383745405
6.87238734290237
7.13140349396574
7.31095345215435
7.1957762071021
7.05771207869071
7.27085360966394
7.20567375886525
7.24400017111812
6.95528355102823
7.10032706230956
7.03484185453941
7.04039914073869
7.14647459343875
7.05154009522355
7.31177224117334
7.15130356438989
7.28002292920608
7.04498807344539
7.09735106739689
7.08239041153298
6.84561583538117
7.02041042399402
7.1213289409126
7.04596521401426
7.13813986819734
7.1870180948743
7.22822993739328
7.02637657505636
7.13914302176877
7.2580991510744
7.21164103950045
7.09915006231009
7.07290533188248
7.08417169684775
7.36210544621895
7.16441485910924
7.11534421177954
6.97351984295853
7.09130756452671
7.2596318737853
7.36562803578419
6.9110290208694
7.26642110845169
7.07389217546601
7.26783696009843
7.14456492693698
6.82355469589512
7.24999643208837
6.93619519654829
7.17169720755569
7.20710495701274
7.1922074980179
7.15029699068209
7.16542541187091
7.20424312902402
7.29266857118247
7.08616384661524
6.92834347126374
7.03708321212373
7.15011000169233
7.17429141490611
7.34431358915301
7.07803992740472
7.1973084621609
7.21821210438645
6.93276449111868
7.10531847803237
7.2580991510744
7.13361098604232
7.17175432144171
7.01390329943972
7.20651571361563
7.10103924479677
7.08506267555444
7.08446866485014
6.83859828967601
6.99648105982198
7.30000575937338
7.08417169684775
7.19455087271179
6.93826721223982
6.93437645321006
7.06305201861191
7.08932266905308
7.39285454413156
7.31556285191746
7.19771033466519
7.08794351969416
7.22216693441761
7.10380221224707
6.85532299636992
6.92607640498459
7.05908509810461
7.18579814696938
7.18092249409836
7.00660662317421
7.12672381139434
7.15724812263128
7.11624127980276
7.22124296355263
6.75684662756208
7.29455349578553
6.98579463413963
7.31651111879249
7.02958514377439
7.05918319136223
7.19873030268677
7.16815532884618
7.04371819580982
7.1724060033603
7.36231884057971
7.15402272951316
7.19455026979564
7.11424810240036
7.11783662603335
7.08596616032696
7.10002935051503
7.13743782842049
7.04508577530614
7.17574935729017
6.97036223929748
7.14345979694575
7.11016557728106
7.03503669851821
7.10936953327269
7.12802379749677
7.07747607172214
7.08586732131898
7.15200833462389
6.98252993003725
6.93638461433429
7.15734896302976
7.11046413974581
7.16603188037805
7.03111998668664
7.336163821737
7.09754938944309
7.01173222912353
7.10320623068641
7.0256963460847
7.2416250890948
7.33266935146293
7.27824978150923
7.06807377563397
7.18181174304129
7.14154916681927
7.149202588942
7.09190096516995
6.99252475657187
6.83583216481501
7.18995958306743
7.11459122674076
7.12178676780447
7.13521729340239
7.11768752369053
6.9847217821373
7.17195722288236
7.08595387840671
7.03160756140521
7.26430338476498
7.24472333143183
7.16077922810183
7.09983088985479
6.97600966754096
7.1387417265075
7.14677621305271
7.2405929304447
7.25838715208321
7.11464664855326
7.12742374498415
7.05702576925748
7.14345979694575
7.02851529532216
7.01812555260831
7.27689442773242
6.92362209017064
7.2058781809413
7.31324590069534
6.87099304785349
7.2688769012835
7.30514811619212
7.06605650063289
7.13944402282374
7.01386204230408
7.37932336834154
7.12392545120532
6.88748186612796
7.02939060164942
7.20884360498943
7.19709849257622
7.10966802888653
7.26648548133314
7.15886191006327
7.31177224117334
7.31935739500036
6.98233798364374
6.79771446922964
7.09071367754003
7.00013779798815
7.12622394299021
7.07747607172214
7.23100792848704
7.32315587654428
7.18102400271409
7.06088797281489
7.12498946007476
7.1289968784274
7.15765150127513
6.983969864445
7.20702791834878
7.4145571008643
7.19189741261916
6.93959676425902
6.86266547551369
7.26704602462482
7.20672058677204
7.29328499913689
7.24917428044439
7.13431365651165
7.03756142250354
7.23066830200519
7.09885186222347
7.21266697964235
7.28647188169184
7.0953747113568
6.68962514349048
6.9176297226126
7.276954874268
7.27591056513877
7.20426287744227
6.86852265799634
7.10631438783377
6.96485974118746
7.25259634366149
6.95480744219159
7.1626975734247
7.13423026149482
7.18293097585855
7.17784636294136
7.22603081396178
7.17571297148114
7.38023494475741
6.99300699300699
7.00944270091662
7.28869248317718
6.89402472620679
6.92060378181026
7.30178807566262
7.19180021518772
7.09596312334125
7.1542242314138
7.16148586734334
7.01996821667933
7.36423994665275
7.28117072052057
7.19424460431655
7.09328790650265
7.04889826275185
6.71203012485961
7.17216013580422
6.96505110451698
7.00721452856788
7.01973001038422
7.1200865083489
7.28699551569507
6.95139507780901
7.23448580927784
7.22057650677908
7.21810933940775
6.97396112738827
6.85950860482736
6.88176129654012
7.14789228817144
7.14205217783287
7.21482240437158
7.20702791834878
7.11299419175622
7.22386868802006
7.09269466439104
7.02313339797756
7.26767104829346
7.18517048836484
7.34431358915301
7.09130580731789
6.99262195793415
7.14064828090298
7.07846224587903
7.17909582962366
7.22006237450335
7.1752052080385
7.11489075064202
7.23396969437548
7.15555931916335
6.93541988700874
7.04664937370823
7.01773774658783
7.12192796758682
7.28597449908925
7.00370865674934
7.29078462046299
7.31967378461716
7.09497206703911
7.17260854218143
7.15563506261181
7.28482519287579
7.02462768090491
7.11703886351537
7.13272770671572
6.97284980920746
7.15343915343915
7.00247227324835
7.22572185959012
7.18221869643439
7.19027331531047
7.12063020380701
6.8866415421739
7.28012725891744
7.09110959114449
7.18691641672797
7.14104622665427
6.87961354754668
7.02556641030971
7.0920993733214
7.01244813278008
7.12388820975425
7.12468908531359
7.30694952872337
7.05960984168094
7.11409207627654
7.08555776057244
7.22438336254435
7.1963890308295
7.19792154691426
7.01992440081415
7.38216922203294
7.10432284733413
7.30305518344065
7.22623679822123
7.0902149439915
6.98116325181758
7.11718793868269
7.10392467317743
7.16435626775192
7.03024252256749
7.05310656022215
7.13483146067416
7.21416703352883
7.21642162085375
7.0841874799537
7.18275008837045
6.8263971941895
7.07038372141575
7.18132854578097
7.16229362584065
7.04928952042629
7.05702576925748
7.18610309511685
6.92456585153077
7.02579351358827
7.24482359497578
7.20559392854097
7.05283365328437
7.23056518204766
7.10541805645094
7.24192603808082
7.09924946790635
7.10054199403386
7.06718706439922
7.04587461956446
6.77038125125192
7.02946273830156
7.32648372133351
7.2560216392598
6.97357743146775
7.06994645247657
7.01273911780572
7.1236880189965
6.99850919330793
7.10084033613445
7.12288736846542
7.04949944382647
7.23562152133581
7.07024222900891
7.07152421334524
7.34282445290889
7.37819430700274
7.2407883461868
7.09934887628649
7.24720546613683
6.97856877400174
6.9844331175093
7.03277801667337
7.24554834652871
7.00322589539276
7.09556666759784
7.12372565242389
7.12652385561775
7.27262315500136
7.19965918773076
7.09716253482089
6.94178213483761
6.73369370326591
7.25664476791618
7.12118658351593
7.351345093556
6.77839453458582
7.03367301727958
7.09239661575406
7.09645875532584
7.1767287139925
7.31781245038465
7.13772859737298
6.79433403465512
7.14245463766483
7.08625099584888
7.1834398333782
7.26537982030007
7.16121924348145
7.25789134636032
7.20211375646344
7.06531584888307
7.1279946012822
7.01535907015359
7.05813564984965
6.91980127750177
6.99358576453549
7.20293231800875
7.24886334391353
7.21513042735772
7.01623282268444
7.17998102332432
6.92556722717773
7.05302988147571
7.05941324719085
7.10034311322737
7.22664880197272
7.08783604311417
7.18771708465061
7.31517285161886
6.83795266032774
7.04802947105025
7.3532611060349
7.21667093688616
7.26475519064609
6.89870581365346
6.99965552876335
7.09735106739689
7.12982456140351
7.21314268675366
7.07863286049369
6.99184973728849
7.12679224065224
7.14295777624368
7.23314406368591
7.3177758571017
7.27616483091511
6.67647986541899
7.25413757157749
6.91147059223684
7.03902703152984
7.17703349282297
7.27371849131314
7.10273041845869
7.18221869643439
7.04479768786127
7.01730103806228
7.32288582364411
7.15404478686026
7.19802373786132
7.20959003455484
7.01002419633598
7.09825553719934
7.11349318816382
6.90472299395326
7.15434764202862
7.16861081654295
7.00953961012028
7.18832853638825
7.18496683861459
6.90726284383047
7.23046206503137
7.00121520106054
7.19914802981896
7.02498233362431
7.18498507842666
7.15160559176721
7.28597449908925
7.17656033678976
7.23337605012103
7.11409207627654
7.05734966592428
7.2454448017149
7.27006796868278
7.00150525458136
6.90792162847099
7.00769879334891
7.10004481290612
7.35475447885689
7.23965101169482
7.18315634677111
7.22103766879886
6.81421864520456
6.83972425678587
7.02297674675809
7.35667542115879
7.25664476791618
6.87765372980452
7.17937099080984
6.93011112781749
7.07412513403239
7.24720383474093
7.06114562917866
7.0497786536033
7.0017780105578
7.25299828669332
7.14627352783952
7.20301732694326
7.14647459343875
7.10638595509547
7.06890793721474
7.10320623068641
6.97543493484559
7.27824978150923
6.79380533340466
7.23780757120264
6.9967633083121
7.14959255766822
7.0699901187146
7.10151815919703
7.21570409931536
7.04664937370823
7.31619500252034
6.89112564095607
7.11245519713262
7.27163633246664
7.2220093928688
7.11221652437576
7.13394721719996
6.75514266755143
7.1119184015649
7.26139596049114
7.19669065563552
7.42245145453749
7.05349828522237
7.14396208637444
7.31616167423676
7.05122877012163
6.99742923523185
7.0486899684263
6.85771256888027
6.97126578464404
7.21975574814542
7.37649087720824
7.22693132285499
7.07925138310177
7.13392969989748
7.02355934078089
7.15241112284407
6.97103179504069
7.09873955451217
7.18650973291082
7.21242581707698
7.14135095241442
6.95499787790419
7.12262695942346
7.15372049794401
7.15472803582998
7.38995083064211
7.03396519018014
7.11086226203807
7.01144190026638
7.10569014714933
7.20403879970503
7.08804241663179
7.1521090274258
6.98281786941581
7.21344996024083
7.31071999078965
7.16977403920794
7.22144826997981
7.04225352112676
7.25506998000571
7.00081308655926
6.93799508331057
7.19129117651222
7.04909388615991
7.13222699575998
7.11355075406439
7.33309274630097
7.22134561530698
7.16057735678845
7.20546934838728
7.32886099689822
7.32706398199966
7.1384407846664
6.80208347281175
7.08260718020216
7.09883875295203
7.02715414090274
7.18082098835237
7.23801382061694
7.17463455970623
7.09338695263628
7.02812634025539
7.21293785230516
6.94415966099378
7.13553298779374
7.22812708982513
7.04909388615991
7.01773774658783
7.22329655329314
7.1209296457758
6.88673490137599
7.03347824883006
6.97741629164774
7.06000306351218
7.02060485211034
7.09785804283914
7.08763787342905
7.05460010018367
7.06738409211297
7.19189741261916
7.18201521397306
7.11439155814998
7.03172581806102
6.89945537763653
6.8259385665529
7.21980614536255
7.2308020781439
7.1501963488958
7.1911893774242
7.2394578957119
7.05359622327131
6.91966110006266
7.18232044198895
7.18150655825944
7.10084033613445
6.99078925597044
7.09646716309277
7.10183499089508
7.13090198174377
7.21276958971149
7.13351061584568
6.96399873631581
7.15636733195946
7.06590665198668
6.96543386272463
7.31696757154609
7.23510524438102
7.01632991973429
6.93902689386163
6.96231269865294
7.30337889525569
7.01316701316701
6.97613500062041
7.16982733019388
6.96170376371401
6.79961911403779
7.06610360831208
7.18518832831219
7.03835069829306
7.25455194573367
6.84857635893011
6.89430541230118
6.92211260696572
7.08349601204752
6.99628150392508
7.04635614614254
6.99801631033723
7.07412513403239
7.0897240869189
7.19312405307053
7.3099835957061
7.11903360520194
6.98205008383958
7.04322990322491
6.91363401290182
7.0915055489635
6.92673747937659
7.05751597666018
7.31450951030223
6.99204448481846
7.23461220769603
7.06949817696012
7.05214694059227
6.9978330181778
6.75396645663208
7.19312184325521
7.0003451846738
7.21713928510542
7.24307060568039
7.02385067404079
7.12552424501704
7.01347470731169
7.10251104524355
7.05261696515341
7.24679029957204
7.02254972574658
7.16557133771465
7.04773555005699
6.9116885241432
7.15717552725938
7.31158605174353
7.09706318765923
7.01497080554556
7.01079967365903
7.14950503426686
7.21112817887011
7.15323729841839
7.0760958894569
7.11664004931215
7.18579814696938
7.12162844165312
6.78455045675517
7.08852972428835
7.14406493067298
7.01623282268444
7.06758113081298
7.17601766404348
7.12382555041369
7.07245085481985
7.13563321721542
7.00679990620819
7.1787914758917
7.23059623952062
7.27783269580665
6.94463431305537
6.97572228935516
6.75460057440698
7.23894208846329
7.19088399745205
7.11973202898348
6.83641061527696
7.05437982558462
7.10658478239581
7.00322589539276
7.22442652559125
7.0459725387737
7.09736123748862
6.82469813835157
7.28029867892016
7.19210145544302
7.16132039493199
6.98568416991609
7.19189741261916
6.86025113660966
7.04548296994205
7.09071074934967
7.21734435825306
7.03357563170647
6.95690280878104
7.19740440061773
7.14898886840513
7.13232713232713
7.07392811886427
7.17797999208727
6.95071559532605
7.08250843487717
7.19781231846069
7.12942431302102
7.05134433602154
7.07915273132664
6.98013135837753
7.24596337079934
7.20955976270898
7.34815500556898
7.23059623952062
7.23090500185043
7.06487726861832
6.92947756104215
6.75657702231798
7.10211385751034
7.03133650758498
6.93553231575786
7.28085765063349
7.18061798546914
7.14436396877857
7.34167702401942
6.97850127069167
7.07392811886427
6.87461939238108
7.17686450136332
6.86208293934891
7.27960564026138
7.24606611499378
7.14104979054795
7.08547199285874
7.14506737179668
6.99137088672052
7.17727009423699
7.22802424518369
7.04205827719094
7.14939131658574
6.93818459941544
7.01812555260831
7.15966907671275
7.13332865267149
7.28722870135273
7.20679822383634
7.2007711061972
6.89383226367889
7.02527435982707
7.08862883268319
7.29181648209406
7.27006796868278
7.21605465414176
6.71016583506492
6.78851174934726
7.07231335788416
7.17408838137284
6.9372229215697
6.92102928127773
7.13351061584568
7.09378629094318
6.98462555794346
7.02790368860981
7.00208543372878
7.20405814399591
7.02177164700017
7.11998651836872
7.17550985748051
7.06334721854581
7.32161682094531
7.06187146558208
7.07073524489568
6.94844173998849
6.87131530798943
7.2346922758601
7.06689154342584
7.13762811127379
6.91876253769839
7.19455087271179
7.05715319729406
7.21194879089616
7.14837441190928
7.13884992987377
6.85512653028242
7.18946862905732
7.05054506669622
7.05085498556518
7.02317093402643
7.04459729309962
7.06477901705004
7.15311611140838
7.26233023588277
7.14386162283786
7.13092547621387
6.95614071122431
7.04966621423229
7.0557249792071
7.13574743099073
7.07484884286608
6.74484860531372
7.192719667637
7.17568443905602
7.17710095882685
7.20136953353801
7.05191260615969
7.202694288787
7.09140499335618
6.90030622660769
7.11409207627654
7.14275651230611
6.90124549105016
7.05479642668299
6.93513528301371
7.10322797579018
7.03521771709266
7.05636743215031
7.21143588649456
7.05057781362555
7.14004055881028
7.11069970968149
7.16891490625265
7.00992727373282
7.14466897776275
6.96428571428571
6.93703308431163
7.20620842572062
7.02556641030971
6.97712823053423
7.21790381822841
7.09974653764826
7.23510524438102
7.15009570994257
6.84414744557017
7.15121937458567
7.16891490625265
6.98809130003308
7.04088434618376
7.12328767123288
6.98241313299638
7.05008760463887
7.13592028036989
7.01332116031041
7.02595584872715
7.34931725277593
7.09448113735587
7.20723282062946
6.83159511682432
7.12819503416472
7.0816198508399
6.96042968321824
7.14939131658574
7.03162848640044
6.83043577642424
7.14657513048127
7.22524854570539
6.97103179504069
7.04900938477581
7.04460191746561
6.89664553690454
7.13030026017861
7.0622649394066
7.07260933249634
6.95425553802894
7.20129538094426
6.99213901530823
7.25083305922229
7.07349740498912
6.9666781174854
7.20364871201034
7.22016519510111
7.0617731039766
7.09140499335618
6.98222081445471
6.78260869565217
7.1870038557496
7.21174362038064
7.13009970888942
7.15525636140395
7.05568003117302
7.06088797281489
7.06000306351218
7.0599047539477
6.96830589076115
6.95998352666621
7.15404478686026
6.99397166544812
6.88671556642217
7.02293882978723
7.20874130835817
6.94900415845918
7.05937938605634
7.25755757471856
7.09526935486124
7.18061798546914
7.15402272951316
7.03289400819581
7.20485618653203
7.00515734024656
6.91363401290182
7.00216405463893
7.17544528722969
7.16300056401579
7.07530745553559
7.32759242430799
7.15011000169233
6.98895827302428
7.0004271914231
6.88673490137599
7.07402662507659
7.06075305433166
7.16926811369217
7.20282998764012
7.24316756432419
6.95998352666621
6.88924218335983
7.06945354657892
6.9864542711075
7.31316802977195
7.2545680884857
6.97780041013501
7.21307743743687
7.00110253583241
7.08557082083827
6.86004429319937
7.05751597666018
7.0364009086376
7.14496687717127
7.12892406573205
7.21929313456592
7.19465216406073
6.90161128168899
7.21099250511015
7.14587143058095
6.86774189187362
7.04616067465601
6.97482459760627
7.10688304420817
7.02744577246569
7.21652413557974
7.0653685674548
7.3179866893313
7.0158962531247
6.85735883694874
7.17189970634741
7.10320623068641
7.21355239055422
6.98713981156729
7.04625840904362
7.14949193571087
7.03971619411879
6.98502619384823
6.87071425673208
7.20526494950641
7.11853481496013
7.27950132549975
7.23183144707808
7.31714343329588
7.08102758534172
7.26731710108438
7.12552424501704
6.99955908289242
7.16007272829779
7.37557349439573
7.11106133990313
6.92267858602927
7.0839899039199
6.96252843946164
7.04733366627823
6.92258424975812
6.96176510894888
7.16855993791011
7.10449765048109
7.0507571236242
7.10747964294709
7.21621660013921
6.94729356418041
7.00274320058448
7.15674396325829
7.06075305433166
7.14225459044513
7.13122578471559
7.05079077544764
7.22135007849294
6.87640144051097
7.04421040931447
6.83970536653806
7.05892180886612
7.0545019410316
7.19026548672566
7.0360964236646
7.1233877539551
7.09616918834941
6.83463420552433
7.18293097585855
7.19006154806138
7.10065814400584
7.13399503722084
6.89993727329752
7.18209302655671
6.90304361468466
7.15973568406605
7.17486245817027
6.95666520017598
6.92733147144187
7.11563611818143
7.36524941412789
7.07836361609631
6.92409393869178
7.07935003762647
7.36146533735219
7.08833912400407
7.01574737774334
7.31000475799126
7.20549152253315
7.10880538418396
7.0805111374904
6.70448684889118
6.95034683190305
7.22253087738792
6.98116325181758
7.18527231756919
7.25726800360716
7.05056140789163
7.05673167750181
7.09487297663441
6.95090580701658
7.16360662210565
7.2672131382058
6.99300699300699
7.18082098835237
6.89645809858677
6.936084053847
6.90340676996814
7.20805254627655
7.1172878500737
7.06767965428313
6.93750769693901
7.13330988392543
7.08635004053336
7.21646549760875
7.1135929958469
6.88194812069878
7.00392330220479
7.39142478095432
7.20682302771855
6.87019797552746
7.12068650721198
6.8083849221803
7.13742714756314
7.09329005540321
6.93390226890412
7.21492507577806
7.27726822546613
7.0837757782373
7.01138139425537
7.16678681989738
7.10462150724475
7.19230550984509
7.06625307757577
7.07501183811036
7.04596521401426
7.22103766879886
7.21703675290173
6.93259822318053
7.07432216017491
6.82181368928519
7.27460190170695
6.99425864988779
7.18925574220574
7.29245919524555
7.25911318786528
6.89252811961521
7.18356265113056
6.98877393792648
7.22093502579921
7.21416703352883
7.30861639834837
6.9717971591299
7.18153158884318
7.0909116288159
6.99975197729214
7.32991847630041
7.00873332321574
7.11843506529903
7.05839852162677
7.11394922208685
7.08636154393405
7.17645895432777
7.11135997760202
7.15220972306306
6.93856366268746
6.86922775276189
7.14707785812769
7.36894020714265
6.95938077950545
7.23770445090329
7.15573585756142
6.99772711619258
7.0717616760632
7.1761548241277
6.90808708541278
7.11614159440795
7.24503330148181
7.1529146719234
6.99647421771706
7.08992198294511
7.11604191180591
6.99618515101018
6.91824755886639
7.01831947169186
7.15170627322897
6.99464386522919
7.10618713892036
7.23399407609934
7.14898886840513
6.96176510894888
6.96844993141289
7.24234777525911
7.18834017263337
7.08083018552333
7.10519322489056
7.07530745553559
7.1929203539823
7.04313225283181
7.27631409660772
7.02951290585424
6.95811461067367
7.2447265791796
6.81211698604052
7.13072528459735
7.18895052643496
7.19801629472193
7.0454766098498
6.89000406890004
6.98617891769236
7.12862395105386
6.9404596005137
6.85070057853357
7.1870180948743
7.24451669946664
7.13824017086811
6.99869118963973
7.1847818400396
7.14436396877857
7.15744980626981
7.21535495577228
7.08292167040062
6.96725799386772
6.92922389969642
6.99214242540799
7.2452421960628
7.00224236838123
7.07898140550464
7.07809544999444
7.09160571229537
7.33415144733993
7.10164807892719
