o
58.3365690766483
57.6047114396577
57.2220783375737
52.4720246992917
56.703754585667
56.3447893070911
55.996183433717
55.977823482071
57.3776752570233
56.4998947020067
55.4227886941642
52.3638289569047
54.3728381840022
55.508768819349
54.0886841347538
54.2644616162346
51.6610747483637
54.4327088857015
55.747680890538
57.0612542537676
55.5950161295096
55.4727066015031
54.4311316517682
53.8236726741354
53.0357571394289
57.4800618427297
57.941271776197
57.7621215850357
53.7639026066045
56.2342795544377
56.532209512342
56.337183140843
55.1987655228158
56.0613749664169
55.7543010672881
55.3092457026705
52.6242029290169
52.957436606211
54.6332804702391
53.6950180175027
55.5530898169929
54.3509726725336
54.6356652310558
55.6461173681091
55.9262458669685
54.961943793911
55.8297897647863
53.9457238496128
54.1417345541057
53.4664179635773
56.8715354557296
55.8655062114111
57.0790137719272
53.159109248694
55.9871177444125
56.8396833325765
56.5197104023361
56.8543136601762
57.0244043189722
56.2361468879171
55.9070002828096
53.1116107411021
54.1171385346877
54.4639879355597
52.5697010413168
55.4595791805094
53.7654418185202
54.1983521161311
56.6080390649726
57.1102661596958
55.9286448173683
55.2466684317359
53.9818048549131
54.7729460145245
53.5974200176946
56.8973877204679
57.560242810718
57.0352026010726
52.8903729377122
56.6863976805992
55.5909313035881
55.8805579124429
55.959692326039
57.7538461538462
57.5228697077887
56.0675080277799
52.9814409709971
54.7983188371957
55.1160298844838
53.2934046750593
54.7919220218292
53.2858420014474
54.6030915092556
56.4993003415537
56.6809564062311
54.8525672871796
54.3270622286541
54.1827839039316
52.8323129969742
52.9403469186293
55.7411118533363
58.1179383996285
56.8999742396921
53.3517092438408
57.0529962319193
55.620565537468
56.3576874587261
56.1168066473384
56.9465718315413
57.2652961629964
55.0667253262942
52.7832443070003
54.5903903467326
55.3035435506201
53.6367272311736
54.5618343238256
53.8667890803196
55.3361431224027
56.9034232978224
56.8835969217718
55.496422446928
55.0900312577961
53.9104460464715
53.7883998165979
52.935786283217
55.076670478201
55.1923726697125
53.9202319273218
53.7082570905764
53.2726447734105
52.8857661818335
55.6601117351551
55.0628179379297
54.7043402272065
54.1015484335614
53.1394131462041
53.2781071803455
55.4464799751997
55.7816259244958
54.6486250545613
53.5446989892654
52.0834777785482
51.9955147639022
55.4219356361866
55.1040169009125
54.7141234380916
54.1151729899461
53.0118101903458
53.336172629188
55.9202202872665
55.4874174338362
54.2677110732144
54.6173873834562
53.4869807988149
52.183943188293
52.9454053368292
55.9853329159773
55.7807975050123
54.8585449924781
54.2006984328552
53.4943671399883
52.5763238567169
54.2132155538235
54.3701687849223
53.668643280703
53.8170563961486
53.6264991433467
52.5998851653199
56.1602870813397
54.957921697768
54.2998857605599
54.1534467839631
53.7873145018049
53.2141035088714
55.8364312267658
54.4371494412801
54.0268408106903
53.8440586607796
53.5218091397466
53.0868385345997
52.7365419996349
54.7208580463707
55.4562774143049
53.6214085794254
54.5816617245189
53.9945933509721
52.9634122260148
55.3125046032377
55.1403104304028
54.5531148303115
53.8482497526279
53.5846794908385
52.6396949561219
55.8605197780456
54.681015275735
53.8567453601446
53.6788986891198
53.5800918923547
52.6308412524879
55.5382999807724
53.8620511495738
54.9970691676436
55.093951849677
54.3605788032851
53.4006829823563
52.9673276409569
55.8091810787098
54.7531512605042
54.133971843988
54.2717491901897
53.438701409654
52.8286482453794
56.0283052669294
55.4537663642543
54.8523823443438
53.5974408043186
53.5844315310042
52.3854722090394
55.4087372477227
54.505054025793
53.5217695126995
53.8126236700984
52.9284837886245
52.443301706189
54.9350820440008
55.3500095812267
55.0038085193649
54.4874120293115
53.6796660567246
53.0809572949209
52.5593830046331
55.3581695684864
54.8007180280498
54.3982152170134
53.7365122069893
53.2843297242837
52.3184528785599
55.6692166281207
55.226273292839
54.0957155617023
53.0238861595799
52.5682295311407
53.1409168081494
55.1647157313437
54.9363756033348
53.8965977413939
53.2171201814059
53.538838827421
53.1079838766707
56.101715173609
54.7773302982548
54.4294620849645
54.5591954190042
54.2540430390357
53.0360826198751
53.0413281525963
55.2896298805544
54.6076078260237
55.0181732911244
53.1577456811102
53.0128648694449
52.5600996877756
55.5901081001037
55.4554317960233
54.5385867038587
53.6078940979908
53.2157691053684
53.120887517865
54.5774391928238
55.0528677645955
53.9957424774179
54.1687108597155
54.5822004449162
52.6374828234106
55.5120147874307
55.4562510156146
54.670433693531
52.8345437144626
52.5490635236149
53.2716513644298
52.167268685746
55.2490252335761
54.4187125010869
54.4526457750257
53.7380502604614
52.907443675764
52.7439495456014
54.979648013119
54.9836732900883
54.4305448852682
53.2563680717082
54.2739860665453
53.3320077263947
56.1337400562235
55.1053960425107
55.9521857719881
53.8678988075593
53.1765705786529
51.9570392515086
55.2497571600977
54.4163466415477
54.1245657782839
54.2653583247829
52.9746201486957
53.5243389637232
52.0883907392251
55.2027285290053
55.346746259857
54.9169299169299
54.1643827712547
53.8428448523086
52.7528413481126
56.2041610537345
55.3149490306994
54.693758648314
54.6706656572127
53.3198909462683
53.0208921513269
55.0240986800662
54.6971704844981
53.5060345687456
53.9193865682572
52.838206737399
52.9305629951228
55.9345766549485
56.5389656367225
56.0040589139421
56.9162407679825
52.2454547985634
56.0517354680686
55.1263219741481
55.6783621393072
55.3637812002124
56.8455491434544
57.6896472215817
55.8831412489949
53.6043306243126
54.0396549986321
55.0470826366277
53.6464735984448
55.4914833215046
54.4010665739211
55.5300800260344
57.1280740199659
56.0918028867705
54.1706961504597
54.0817061747965
54.6145114817078
54.8924967090829
53.3460313850353
57.7638987170415
57.9886956790314
57.4774223174652
53.3350377819442
56.5239643545279
55.8896198612806
56.0548157879023
56.6467535602221
56.6903694309827
57.0963719855244
54.4889933684501
53.1357898907568
54.3863968831018
55.31413419754
52.9178821573021
55.149218658207
54.5951525901801
54.622948911905
56.6006451418408
55.7469045993052
55.5859843382233
54.6794227716861
54.7743384776964
53.778840783123
52.5969296279695
57.8528949557822
57.6123479141415
56.6296676117512
53.28659817222
56.0690448104403
56.3162709779984
54.576901834249
55.2116569378483
56.9759502313937
56.9647137352468
55.1435494529701
53.0532086241487
53.6290668113914
54.6332804702391
52.907443675764
55.6551897908669
53.5098469518625
54.4850401926928
56.599791990112
57.5858420108271
55.6255092215392
55.4710235918042
54.3093099608047
53.8073539105265
53.501460426017
54.7038866221093
