o
30.8925834217663
30.8264682434228
30.8810306451851
30.139841917832
30.3360819045126
30.725763729472
30.6174869002363
30.4313542244677
30.380780220421
30.4379562043796
29.9408113180309
29.7608807844486
30.0297266876389
30.3516006352999
30.2279771733148
30.4915357944116
30.1421773528689
30.4831736387006
30.4665000073096
30.8653803634863
30.1143767192703
30.5248517678062
30.7336612375931
30.2102529129242
30.0405641447606
30.7481912828657
30.6839567160668
30.3812984284026
30.3537632843209
29.9801963023461
30.209545983702
30.1523563776583
30.4871798626466
30.1126328285607
30.0371682945803
30.2546383670625
29.8567508153853
30.0143131840329
30.1308465264223
30.4389103921712
30.8345370397665
31.2369907820398
30.921004196422
31.1595386191233
31.1618515989192
30.2286751361161
29.9971156619556
29.9655187338595
30.414692636135
30.1114864375082
30.4843263168673
30.1614026939155
29.8224171399813
29.7649830488996
29.6618661780285
30.2669070186661
29.9652972770602
30.0867052023121
29.9414969311044
30.1737231134191
30.0491687454039
30.235227454342
30.3722676601566
30.6361085126286
30.9812194798106
30.787291804241
30.5365796695277
30.5427217965963
30.6067053040863
30.3519722961864
30.0289905239929
30.0196565878476
30.0105630236293
29.9163149783225
30.1224039911823
30.3551390973609
30.5672376654016
30.454333099743
30.6204438211275
30.8502965808569
30.5671118896431
30.4915447296942
30.9121296830397
30.5556774467214
30.4318606825619
30.1824886398281
30.2867513611615
30.3989775021423
30.4479004212275
29.8612305751477
30.022126133422
29.987733602713
30.0382699111849
30.0745350604241
30.3304266674444
29.9427120160464
30.1080877452259
30.3246262144395
30.0987865025528
30.1611687634066
30.539939095807
30.4613722943091
30.6282300923825
30.3987654141249
30.1925702169682
29.9398613069375
30.2766281855805
30.7764595324797
30.1432018843114
31.1099902085868
30.6158357771261
30.0069180214459
30.4309098608414
30.2797172344718
30.5165005407617
30.6911374205947
30.8390156256903
30.5283299981011
30.3497867508988
30.2612481857765
29.5152992147306
29.7140560404226
29.6696369731526
29.8417439756441
30.3025892558255
30.1721639325256
30.3268773954736
30.0453923193314
30.0680213162341
30.0193580075698
29.9493408554487
30.0809482509396
29.9627085943012
29.3451487783472
29.5259851513421
29.7936037306773
29.5370105744498
29.5924944496169
29.8365613075095
30.1603627355826
29.7363141301232
30.2230089522787
30.018192844148
30.142589825788
29.9568345323741
29.9136084637831
30.1732274317908
29.9458930524377
30.212314533591
30.3608630410396
29.5217701641684
29.4897377423033
29.5493439817456
30.0244654515975
30.0115707260631
30.0865800865801
30.2162248622239
30.2400604510579
30.394472142045
29.8843972140447
30.1235354603253
29.983991231233
29.8849911254131
29.9495540812049
29.9130534922554
30.4937855919425
29.9887650159882
30.3396644138895
30.156867857298
29.5167137678057
29.8322833060038
29.6058269065981
29.4050604057443
29.8690611962061
29.2279725046867
30.6267285151963
30.2412946106054
30.1881331403763
30.2823645491744
29.8028427326914
30.0931936870654
30.255169315926
29.9242913991007
29.7060931899642
29.5231855987239
29.8309769932909
29.5229266205519
30.0393199953741
29.7985229798523
30.0461361014994
29.8173043778008
30.1280478122158
30.5458480164939
31.0360633437329
30.8045368286332
30.7226880883498
30.6009010590369
30.2419647128753
30.6918091782846
30.6449020152275
30.1961296691491
30.0584066435745
29.791031028726
29.7356035636667
29.7099368179207
30.1168149801444
30.1087098128338
30.3626037570992
30.70407623081
30.3012661912385
30.16254744589
30.5639763923671
30.7329997056226
30.7638062497245
30.483086850519
30.2726718355257
30.2999476835436
29.9310721943217
30.445887761804
30.6786306962536
30.230569685376
30.2211766072699
29.9475413616187
29.8950645756458
30.1740418978993
29.543599364161
29.479719322266
29.9487623583748
30.1372242487407
30.0188698270026
30.2805424596939
30.4985508090709
29.8441234988477
29.951663022212
29.9522896637214
30.396289435685
30.4493726291217
30.3105228710639
29.9820079165167
30.3749890737449
30.4838027450008
30.2657123815595
30.3320840233592
30.3842456375448
29.9158212821066
29.7168931425866
29.7761761876732
29.6963008613647
29.7465080186239
29.4327353620626
29.9712979389324
29.8664286948011
29.4895116821102
29.8203025123174
30.0593085491104
30.2077142732899
30.6296003049764
30.3891975443662
30.0157521279824
30.0020213103866
29.8189106005297
30.3039124359571
30.0881120901343
30.1370656930076
30.0588422852836
29.6873882251949
29.8175025147291
29.8473128792018
30.1760389779879
30.4024018771953
30.0973397648826
30.1992482839687
29.8809353033998
30.2823348203258
30.2902205442911
30.3180335507922
29.8603744373405
29.9087480929215
29.7223812249571
30.1370656930076
30.5586829061454
30.3590938888484
30.1791023131027
30.0885210922407
29.6480900614446
29.6151038460988
29.6496728657533
29.85053072424
29.6668581275129
29.9872640963297
29.6997061563821
29.7772095896117
30.3604759682688
30.1388124148724
30.0062032054704
30.2313087165488
30.1381755045938
30.3290248477006
30.1306820648634
30.5043086421559
29.8247633297845
29.9291455618569
29.5317134382843
29.913790617882
30.1015456375936
30.4610678126593
30.8549199893909
30.3638717937526
30.2753623188406
30.5715745674867
31.1244235531369
31.4266537400254
31.1342832597683
31.065460949872
30.657340201358
30.8263940902616
30.7448587438026
30.5967090238332
30.5084249513241
30.1802127813563
30.2105584375954
30.4509190800432
30.2089829304019
29.8617007497805
29.6413199426112
30.1102016024065
30.0563828249241
29.9969743685795
29.9844461086468
30.0168926235544
29.9356362222638
29.9514262240736
30.1703446169064
29.9811176614728
30.3642841561841
29.7033959019917
29.8920484844991
30.0390681522211
30.192131747484
29.7431339946104
30.0267708559439
29.9818291944276
30.0497454881999
30.4326249416161
30.5409356725146
29.382037667089
29.738120562279
29.4507184665119
29.5815708242826
29.6668383994505
30.3285838906659
30.3842066184285
29.9821088474635
29.7381269418553
30.1083669719461
29.9412408548879
30.3516006352999
30.2765520555725
30.2432228478551
30.5835481603
30.0859598853868
30.0718132854578
29.7975661968593
30.3463152985075
30.5188348151614
30.5322292769991
29.9281609195402
30.1852872096732
30.7004646238899
30.7187243522101
30.1331363089805
30.4120482980614
29.9745539757616
29.8533168757356
29.8719772403983
30.6360844586156
30.6698002350176
30.6732290384953
30.9651494334382
30.793211964354
30.5744603000366
31.1406370484608
30.8798708446466
31.0471769245554
30.8745583038869
30.3752579716885
30.0482326686344
30.2814444379834
30.6711517840093
30.1843151427539
30.7913795889586
30.7755557513288
30.8184969739703
30.5530808663522
30.4506343882164
29.7673750717978
29.7357301439519
30.2393038433648
30.0342381647188
30.220934444042
30.813730409374
30.4764964441654
30.072364334927
30.2140708337572
30.3888369920598
30.0283449159005
30.4079613571553
30.7360197368421
30.5793834353134
30.4163695370599
29.8005148930662
29.4305549640104
29.8024204573254
29.9447816496302
30.0849850154189
30.2611679851093
30.3471575023299
30.3859363175971
29.9690921170455
30.4829886200743
30.4653742847133
30.4561873689117
30.3061209622193
29.7759264579144
29.7148918481143
30.4031436472129
30.6845696676205
30.7565523229291
30.496091181413
30.342758088246
30.7138131294567
30.4216253964559
30.4219680168087
30.2356020942408
29.9336566552017
30.4554507261335
30.538249412726
30.7305674352983
30.4608516784104
30.3563124854685
30.5946104276508
30.338780622797
30.4047153570074
30.3608908582089
30.6291755377725
30.2593869564585
29.9881663636101
29.8928694850824
29.9409817187275
30.533346975167
30.9037728602239
30.6195912490266
30.5495990365127
30.3008230752422
30.4700636011404
30.2646703624485
30.1287715283109
30.0021677866898
30.0595971752969
30.0661542247507
29.1033295225191
29.8851900998096
29.9664952920109
30.0155925155925
29.7998964981887
30.0570868411948
30.2210587550902
30.5993783355815
30.5896499640726
30.5446247019412
29.9112507419901
29.3385667761708
28.8988120313421
29.223407125513
29.4870145648414
30.6487040562308
30.9509746012995
30.3342275067063
30.5267475244624
30.0869113273467
30.6520718394178
30.7061382878645
30.7290060077263
30.5716458955006
29.9582313121129
29.7948106773114
29.8488120950324
29.8849911254131
30.1673549228429
30.5952241601311
30.8985037222673
30.8054085831864
30.897635940766
31.0562682172607
31.1286353799176
30.110889139813
29.6576319543509
29.8507462686567
29.5866445600595
29.4367995460349
30.3096507326167
29.9913319849754
30.3163251875576
29.9229192528653
30.3215747985604
30.2004156553839
30.1391707741374
30.0643203006432
30.3481063423313
29.9920846225804
30.5821126801743
30.1108436513542
30.1887886784792
29.9412435577242
29.6192424914505
29.5193461736298
29.1921152946845
29.8746217034155
29.8836656143234
29.5003353932665
30.0680075242367
30.4655308454367
30.4455120248821
30.6032970887408
30.2801677234015
30.4148675458046
30.5119404075075
30.5756711286665
30.3805564438759
30.2344146890195
30.1365903013659
30.436745452692
30.5829228243021
30.357688335491
30.2673983102517
30.2889434461118
30.5160895060828
30.5083257733166
30.4460944808232
29.9193316047249
29.7019777449983
30.0297266876389
30.3674372561579
30.3453899469975
29.9329708581456
30.1388467484432
30.5880631948508
30.4746651135702
30.2762526980632
30.2419062268723
30.8280329973584
30.4704283396905
30.3662021109103
29.7596830227684
30.0575693580583
30.1206566506178
30.1024610893536
30.4912808969056
30.7092980521867
30.5741437629039
30.147986027568
30.2198201339552
29.9847046261291
29.7666819536804
30.3613053613054
30.1928342726338
30.1901019387208
30.3683214441695
29.9694101350571
30.4821833613814
30.0367885739017
30.0157749251053
29.7211578479069
29.7893753144993
29.959736192689
29.8134145990858
29.8610710785727
29.7019763072598
29.8935771349465
30.1258016416463
30.3932297366309
30.5190432975204
30.1365108745951
30.026523669492
30.5064420362977
29.3720794807335
29.7022606402041
29.5697000071597
29.5019320985014
29.6822921881929
30.2810042303275
30.351089059931
30.3508310694359
29.7668669330497
29.8705609027547
30.0952436178078
29.9945202318807
29.7852193001334
29.5099269739845
29.8350348964642
30.35538005923
30.2190628173509
29.7025440874718
29.5361654253122
29.433574810336
30.2003215573806
30.6411592841098
30.4121007227792
30.7454786060873
30.7687786528741
30.655205683712
30.4006500950474
30.3837642674121
30.6661191446925
30.8190925162051
30.7426040276331
30.5908564560339
30.6110475519962
30.4315508722837
30.452854955152
30.4250494243517
30.4403578818524
30.9576082632207
30.9516794342958
30.4541225723921
29.9465086436841
29.8363949483352
30.2445115576722
30.2142836431119
30.2482351579678
30.3849339552727
30.4051098083822
30.2990670503095
30.1642565117522
30.6222475822616
30.3758391216344
30.4893185170042
30.2590312463701
29.8040790568257
30.2326593999913
30.4139268374473
30.0891852108408
29.7916307904253
30.0599754317509
30.0954422349993
29.9251870324189
30.0660410149461
30.4064400402502
30.1538105031428
30.2110856246915
29.952653155494
29.8258720763174
29.4209569269235
29.6934453298873
29.6987149181244
30.7405340304908
30.2766534650593
30.5334581188582
30.2595539324377
30.2642858180656
29.595015576324
29.5562983914745
29.8874722997669
29.7374339287505
29.7700951725719
29.7825899652489
29.5389357421123
29.9198960814029
29.7161316143049
29.7988505747126
29.8329355608592
29.9740109731447
29.7899792129596
29.6773640442374
30.0975666415007
30.6832188765628
30.7213345864662
30.6903872904312
30.6586861399324
30.7882316615941
30.5107487676108
30.6245230967893
30.4037312345139
29.995378660967
29.8819124423963
29.6879255723276
29.5239864526916
29.3143401430176
29.6521901532892
29.7663470922556
29.8501015162642
30.1983216701995
29.5423497267759
30.1033853638759
29.8101811906816
30.0527876202184
30.2765774809771
30.3931429570998
30.2717628251708
30.0312855927683
30.1162992536018
30.1991985597305
30.4739911428112
30.2146794313896
30.2338432900937
30.0661542247507
30.3498993200455
30.2647071649732
29.7742893630454
29.774998202861
29.5280068239977
29.7938455783977
29.7425571695671
29.3566254793353
29.8962517700777
29.2412544894092
29.4289584372995
29.4684817232562
29.5550270765881
29.6529243670931
29.5758130488258
30.1407633144681
30.3982921979179
30.1349282020167
30.2502467630494
30.1605670475915
29.8990421951851
30.0506146059291
29.824965453708
30.2262601554993
30.2055251181262
30.2176250108958
29.9160680093866
29.8945913253845
29.7385527333123
29.9277754551876
29.7888223724823
29.6554981465314
29.8273831748858
30.0310267696082
30.5675576711827
30.6855500821018
30.8196047337973
30.7796132742584
30.7604295018483
31.0219517239342
30.8749871476623
30.9539968721414
30.810311184143
30.7079231129864
30.3914559593808
30.4497462521146
30.3616631266548
30.4452379217372
30.2836549639619
30.0487354730801
29.7669354954232
30.0591921501657
29.7519239864139
29.5825072387283
29.5804794520548
29.8391505769286
29.9809644670051
30.110637067033
30.3369642675354
30.1938135973483
29.9509684098523
29.9665282785767
30.3299326163205
30.0833321298075
29.9928109273904
30.3973924304818
30.547516735362
30.2942244823829
30.4696985211298
30.4163695370599
30.2705054753789
30.2999462045101
30.5922304517111
30.5149210064365
30.4224119063252
30.4918989928478
30.0434745055135
30.0743199365033
30.1899887221307
30.8107152329591
29.8178276810266
30.2216154985623
30.1023653924007
29.8213875488169
29.7504798464491
29.5847010132724
29.9034443003315
30.2483332848118
30.1975459054912
30.1426366874829
30.3334205401006
30.2130986160171
30.2731828847881
30.1738464428677
30.1850765440368
