o
218.302257114818
218.523854743115
218.330825099784
216.767089471034
216.73892921518
216.023306627822
218.266557645135
218.710058008062
217.881746057658
218.049043472578
216.38754235502
216.254313906577
218.745902714042
218.559638435842
218.975587347421
217.388471749434
216.534985966677
216.426139127615
219.339041264729
218.498813129246
218.523854743115
217.498288954796
217.459308861626
215.726523355423
218.334396623644
219.703703703704
219.148167608039
218.853507362346
215.716063549529
217.176237043787
217.243399850256
217.455765909609
218.045481278181
219.087014330034
219.642240031596
218.475841298939
216.860814609023
218.66911306969
217.688406151638
216.347634406859
216.748128541968
214.867518753421
215.408449795049
217.369355285228
216.565263243287
218.490146009297
217.965675468247
217.880286633041
217.784304127917
216.267012313675
217.634120127295
