o
183.970442870801
183.592612956435
182.929973252554
182.488908892175
182.152197282077
182.546191326161
184.249821463351
183.53192246132
183.422200678623
182.796045215935
183.034778542752
182.323370219874
184.181065952787
184.423433083147
183.948276700209
183.445913189619
183.371831941461
181.923076923077
184.318628326487
183.995980355609
183.7517603069
183.61339781016
182.873987210258
182.474243373997
182.871041525724
183.644421440818
183.620661771841
183.879378755243
183.134939836769
182.619465041095
182.463921833317
184.004537719796
183.413026621866
183.089053354617
183.216083645282
182.959251083576
181.531869994085
183.88961764563
184.637148571522
184.047588174274
182.73548013325
183.292978208232
182.272019519399
185.08255774152
184.733271511543
183.727628725849
183.980684782785
183.386364737616
182.598906400772
184.560867374307
185.496258047649
185.278276481149
184.387486599747
182.276529809406
183.407383472009
183.291891368231
183.543792138919
184.648416532475
184.528357092931
185.214794994371
184.502624607934
183.053853595614
184.397739085239
183.628247015819
182.662140202404
182.991892458213
182.944712119503
181.770149540491
185.101248899468
184.484635759437
183.952557642141
184.188325383692
184.29596441674
183.062708612155
182.927025764143
184.969779906489
184.819233962203
184.759084178152
182.528454761752
183.944916970433
183.680072475491
183.031612206406
183.605815100503
184.795169349457
184.518876050249
184.058229448668
182.687047465808
183.647391831783
183.605815100503
182.625339788647
184.153758819236
182.934295749686
182.525520456555
183.799009291935
183.653332901994
184.73503522559
184.975806845767
184.04629524566
183.078833223149
183.703847522894
183.596724120054
