o
14.9358159724701
15.3358626604451
15.2859248128991
15.1826369238283
15.211153884972
15.5293152450995
15.2100609270757
14.9895087810066
14.7597806631247
15.0552506086931
15.2125409289792
15.0629528532434
15.0146292728181
15.0225984647392
14.8813762068867
15.2614060842139
15.0118288049323
15.0275768211446
14.8310786882924
15.181336652291
15.0601976381237
15.0009295142216
14.9251605736503
15.1160284503197
14.9998565979293
15.4383197499489
15.5777931705304
15.452990453356
15.1519520212214
15.0841925139842
14.5115966950468
14.5445875059609
14.6760918530691
14.3587451462413
14.3312101910828
14.7530741487519
14.7990334157885
14.894960394903
14.6614675646934
14.9102241537054
14.852544621838
15.0287186721753
15.0447451472051
15.0697353080876
15.3456777553128
15.1995483562774
14.9264380609901
15.1261232627351
15.1100294087821
14.8951637042633
14.8128159972732
15.0480963078164
15.0870739697684
14.6215273872455
14.6132491580119
14.389089897022
14.5737221540328
14.3859649122807
14.6132170317611
14.7964420116319
14.9009216918102
15.1894701785378
15.1775776586057
15.3050101015974
15.2954272744358
15.1849766884626
15.313913410218
15.2731488190117
14.8424330733408
15.0259815242494
15.0496638908398
14.8280710724786
14.9358460304731
14.9837508268385
15.0027277686852
15.2542372881356
15.1545883921069
15.1451591905223
14.9704455353437
14.872581607432
15.1696837482121
15.1208218781652
15.0415012630819
14.9746120083766
14.872703374575
15.1261956897545
15.1129516989488
15.1795256939831
15.060543096654
15.1707612806374
15.0841285605308
14.8924041613225
15.0251617541337
14.9617357906504
15.1093727364914
14.6243995068517
14.5554681353265
14.7317877031481
14.8409291217695
14.840377187003
14.610572587917
14.8369642602876
14.8585241006683
15.138663254597
15.0304768734313
14.7144212658084
14.5959617368205
14.293475989468
14.3700318243632
14.1886269070735
14.8960130001568
14.8804857537878
14.7823238724562
14.7459165154265
14.38037698026
14.67365005266
14.5670848875325
14.602144469526
14.6858698117487
14.7734078658415
15.5682636755215
15.1430334869167
15.040825096691
14.9832565328143
14.6589198542549
14.9966992910651
14.9569594188807
15.0602409638554
15.0614975185212
14.8239741895138
14.6867394872375
14.5708130173489
14.2916608852505
14.3167332072564
14.1399900481009
14.1849912739965
13.9612705030446
14.1038632924747
14.3271697531297
14.5354990756552
14.3342609814424
14.5434617654498
14.48136506511
14.7900355871886
14.5791822187298
14.700685560817
14.6491141245175
14.7079581063151
15.0633147916577
14.735743696768
14.8398409100629
14.822219048979
14.8317823908375
14.6627981034605
14.9390026396519
14.2668977469671
14.452450174862
14.6625478668128
14.7579441245468
14.8119690954881
14.4385176082889
14.5471477149267
14.7407923353566
14.3012917295756
14.3649512041003
14.2336835935865
14.3933147943712
14.5446880269815
14.6301315434718
14.5928688478273
14.8539670261986
14.9467414958195
14.6776289766627
14.6164590358216
14.8342932273877
14.8119636187381
14.9556183463196
14.9053233297606
14.8589466499829
15.0109678991814
14.7263286326363
14.6038029264155
14.7958457817613
14.8585443759982
14.8902485986907
14.5538054044915
14.5663861288597
14.4490848445777
14.5393521456474
14.4162066743254
14.5473986324882
14.5285241487631
14.7458010518577
14.6322135114482
14.668503187879
14.7670637681571
14.8290598290598
14.8646913650694
14.5978236481939
14.7672734501463
14.9923962009698
14.703171744956
14.9527356058436
15.1515151515152
14.9625935162095
14.6899578251453
14.434553062428
14.3123484306881
14.3035436328196
14.3837442640435
14.4503383940004
14.6375234892691
14.5517880720285
14.5584089538423
14.774118249879
14.6804100292472
14.4996634507516
14.4522864078351
14.6022438969386
14.9448158380692
14.6918960353173
14.765596160945
14.7290228377823
15.0157909847832
15.1155726560014
14.9485786012809
15.328732292045
14.93918938164
15.2265215697028
15.390428577657
14.4124013686195
14.6382858355138
14.6569896580507
14.4405340483772
14.3984746309252
14.6297291943745
14.6184375926894
14.8954741225121
14.8760330578512
14.678405616578
14.613984849981
14.681219976692
14.4840661332144
14.5838323775169
14.3650561656993
14.5477545857053
14.6892973948348
14.848592803705
14.8103928591734
14.869676684233
14.4341477113171
14.4478116851082
14.2986551459829
14.3768393483251
14.4444288776497
14.804921712938
14.7096444103351
14.9643466907703
14.7218654283174
14.784353344622
14.8835356223054
14.7088025871607
14.8154467383268
14.608892986313
14.3957428931522
14.238604924126
14.2354201744987
14.2276988122723
14.4987044614666
14.5294192472404
14.4551623576917
14.6278846696383
15.1860069734605
14.9767774205073
14.6329784237508
15.2429296591733
15.1425563519419
15.1881256472213
15.3852859135286
15.3180779356033
14.0757607120679
14.3185779017079
14.2607925123917
14.4601542416453
14.5183937096321
14.3754361479414
14.7418748932779
15.0534223465459
15.0799235950538
15.1318633808906
15.0676110753381
15.2442096474687
15.4805073761778
15.1034413449528
15.0867018833257
14.9294284202548
14.8805694926884
15.006899724011
14.8719557406034
14.9400544570687
14.8913930611836
14.7767838095373
14.8980322003578
14.7998750106525
14.4095823027541
15.1206913964997
14.9493098115585
14.6574300920841
15.0467962562995
14.8484546502854
14.4445989156124
14.9189684026834
14.8613604627967
15.1567792929732
14.9132088421173
14.9699742636546
14.9922034819679
14.8938598493495
15.2016246011024
15.2038700760194
15.2784622966979
15.2161033481208
15.0594186029803
15.111723425324
14.932624569526
14.6408956783239
14.7098496358034
14.6415372198071
14.4463849109326
14.181742566022
14.47479583216
14.4077216383155
14.1485948218632
14.1944052461194
14.2471922606472
15.4131874881184
15.0759513568356
15.2898550724638
15.4618062666394
15.127262239527
15.3005623283591
15.0921094358117
14.6864943791554
14.5599594068896
14.5168096778731
15.3631284916201
15.3633117119744
15.1706700379267
15.1191006073485
15.0980223312954
14.5760277155773
14.4546094299789
14.5520691223283
14.4649924646826
14.4893011784819
14.5849232595608
14.6468359441271
14.7734078658415
14.6233946055922
14.7945048981807
13.9698450717876
14.1075161634201
14.428225215578
14.5422232252423
14.7186640639471
14.676867610112
14.7154632750758
14.6491141245175
14.8253741981468
14.895744073122
15.0477810288416
14.7837222538418
14.4635048772284
14.3985854021359
14.1228801779261
14.8555786832426
14.7784652585165
14.4738685722292
14.503344763618
14.3654330011386
14.2630966892242
14.3092933475074
14.5651621644508
14.4469904431901
14.7404491518224
14.5333616358876
14.5847171384559
14.8053842962793
14.5875534548728
14.5584455929284
14.8265705870579
14.7000284333238
14.8434148434148
14.8535296714564
15.0827607070314
14.7537951541537
14.3355719629027
14.6437863428921
14.4463631386093
14.6867394872375
14.7308541348276
14.8391351723347
14.8294188239328
14.9115296803653
14.8316845776101
14.7638357416186
14.6358066712049
14.8999024837951
14.8714862890054
14.926875566229
14.7779741207319
14.7742623533594
14.9399109048458
14.6041072286094
14.4787644787645
14.7177906266426
14.8113368618747
14.7851378710542
14.6674618049639
14.6340775027518
15.1248376389089
15.3513892131683
14.8923181760105
14.9493098115585
14.9707468165653
15.4068367838228
15.2603101382422
15.4337180832459
15.4141740535348
15.3126267601553
15.3763425232898
15.1954729555051
14.9842722333429
14.9621293472503
14.8616306232713
14.6491686561471
14.612389380531
14.712350145421
14.6071518862889
15.1617784823809
14.9069205627398
14.8598542427299
14.9442972333818
15.3290599530122
15.1877920729245
14.9155453764672
15.046146314774
14.8344295435779
14.9414708504702
14.7121113715302
14.8330565259722
14.7809881496024
14.8470991711918
14.8738152335275
14.990990990991
15.4484903611983
15.0518212703737
15.0722060489596
14.9790293588975
14.7463737261915
14.7260225620173
14.9035567911496
14.91408346178
14.9439068253832
15.0560828300259
14.9230218403151
15.1587267246477
15.3996328564352
15.058257708053
14.9385889745787
14.9030020127618
14.734787957634
14.8305386577009
14.7835568331469
14.9689511764371
14.728605247863
14.533046884873
14.8016916218996
14.7329650092081
14.9353990395609
14.9497145963577
14.5659132249468
14.7442440739481
14.5710267229255
14.5417653026716
15.0732808836855
14.980522456462
15.1841310660676
15.0030749867704
14.9635924066206
15.1988430947216
15.1814420207321
14.9287749287749
14.8933143669986
14.910622206944
15.0547510727766
14.7568094760202
15.102310610415
14.6402403076837
14.6832945818361
14.575411913815
14.4132259241586
14.5834513224217
14.5953368535795
14.4456886898096
14.512114521958
14.6606028078303
14.7258914904473
14.6092450009871
14.6020380836939
14.5705088383125
14.6060743170635
14.7530741487519
14.9200456881782
14.8527456361219
14.8059735424926
14.7863017200972
14.7342447104203
14.8707912518035
14.8063455766757
14.9821333754287
14.533653167772
14.3576826196474
14.4694760274455
14.5641314289735
14.6203382633925
14.3381734596625
14.1500263837587
14.1568355308813
14.2070407807599
14.6774377062237
14.6967031719912
14.3956074584018
14.573006656281
14.6929263648507
14.8489503328213
14.8616013375441
14.8992112182296
14.7990638200708
14.8470112320868
15.0127630117824
14.7673052145719
14.9106926487149
14.8555905061481
14.7468200830847
15.0339267526431
15.0603706947296
15.0191504927486
15.0831952747965
14.9240892864823
14.7636538979734
14.8754183711417
15.1785325968773
15.2581311679117
15.4272382618839
15.4979934330536
15.4366427124178
15.1449526449527
15.161588714806
15.3513892131683
15.002149305058
14.7881921754695
15.0633640552995
14.8464771674859
14.9803079126387
14.9544490918467
14.8779410297701
14.8271352211987
14.7200498696588
14.8805694926884
14.9381991091505
15.0561182589652
14.7886923383198
14.8410297391404
14.9605287576194
14.6846617434853
15.0645830930688
15.2229752281995
15.124938896397
15.3303939200557
15.4332275194195
15.071352989962
15.2011664332838
15.2840331250908
15.1780671137052
14.3911179818706
14.4573920603536
14.2503614725837
14.1378019876086
14.3539997188247
14.3915106886366
14.3626821506337
14.6324863883848
14.6943657359286
14.4897102057959
14.6774651889741
14.4472185597666
14.1838077429185
14.2851181617125
14.3528001895127
14.3777818340096
14.4777955294151
14.7327026102816
14.8098808123468
14.8098808123468
15.2748161364724
15.0636146931273
15.1582959188093
15.2554638876827
14.9488142320707
14.8524024687487
14.7037971811814
14.6536790389913
14.6768554026619
14.8168257415557
14.7286711497178
14.5171470650116
14.751145341333
14.7223283928597
14.5350476512716
14.73104785808
14.6830439079486
14.5917678812416
14.6549163283493
14.7511798117953
14.5640649672908
14.4270461637491
14.6808268968651
14.2257786668889
14.7509442029502
14.7240483323631
14.7006604644557
14.6927175843695
14.5473456364991
14.5530438706584
15.0180733260658
14.8435943415023
14.7025559828093
14.8265969835544
14.9375456067305
14.7953755585503
14.9724644332262
14.8067997380335
15.0977037111594
14.692144373673
15.1192871514803
15.2333371837819
15.2407694200402
15.358460957252
15.257488138673
14.9943322858824
14.8341184724867
14.8436043426506
14.6260340563436
14.5041933892452
14.5955434751833
14.6134819321639
14.4843895160609
14.548789952727
14.6866283372232
15.0537324613213
14.8099811328784
15.015404105842
14.9506427915519
14.6746366752599
14.9041975379412
14.7696419179212
15.0795141045455
14.998276060223
15.0764654064436
14.8268057187061
15.0084899415777
14.8356967936671
14.8012947568053
15.0667797633596
15.226659705908
15.1775776586057
15.159796335184
14.8752330927674
15.0142413442684
15.0745111551383
15.1366482929786
15.0673497582316
15.1394996755821
15.4886976343206
14.9191936497059
14.9204857700138
14.8229208117788
14.6569705169401
14.9900642225614
14.8548759953195
14.7508417982784
14.8698884758364
15.1499833913433
15.1078722239825
14.4441795565777
14.5490908578752
14.6470057516635
14.5994561807153
15.0766011723061
14.9763795356317
14.8851735648486
14.8223032236018
14.9531372969879
15.0682171435151
15.1208511622528
15.022137887413
15.0399723931673
14.9573871761139
15.0559570158174
15.0414937759336
15.0083299821911
14.9469762109487
14.8862519409108
15.1012256275414
14.9213277984622
14.9609807274975
14.7808431186017
14.7458229648063
14.8837343073671
14.8478736643351
14.653050833074
14.7328602511412
14.6329784237508
14.6476082649307
14.9581229921983
14.8315377361187
15.009867331211
14.485416139285
14.5490090524019
14.6134819321639
14.5514593801163
14.3729384518212
14.2512178440322
14.4491270319085
14.9478330658106
14.8042906869361
15.0372706422018
15.3444903281895
15.1602573349104
15.2100645011331
15.186039803865
15.2589975967803
15.0620158381121
15.0420313219714
15.0657506229385
14.7574143186804
14.9336835943635
15.0135966795477
15.1185100766024
15.3208808779708
14.9934717419688
14.7836470119975
14.7344812412168
14.599881278797
14.2292600505495
14.2082865499508
14.6711707255021
14.64953797611
14.4395736754387
15.1425648709784
15.0159151572246
14.9692481127902
15.0495903406641
14.7599389243907
15.0210582299588
14.9311310510373
15.0922222541939
15.5422164169247
15.3575427931531
15.0738662391205
15.2084683516958
15.1667914962263
15.1967788024419
15.2412963794677
14.713826732251
14.6088729084681
14.2290516739245
14.4538334997118
14.2591874064631
14.4336804489238
14.6746065504041
14.3483237026491
14.432323913013
14.6013204672423
15.4707999535586
15.2518649986292
14.9289772727273
14.6261734465802
14.7429185885282
14.9537248628885
14.6265385263868
14.8203038162282
14.7480890000284
14.8247402106824
15.2014151553938
15.4328184202856
15.3190994578725
15.2700455498518
15.4309316734053
14.3599658162765
14.6120921794835
14.627565149471
14.7593582887701
14.6881601519856
14.6822633142402
14.4480291766026
14.3946163297219
14.6785079928952
14.5805451856026
15.2351352136405
15.10240376341
14.7887124621437
14.8088199798384
14.408175802083
14.2839137923791
14.1417786166315
14.0996782345711
14.2605239587998
14.3751838930688
15.258894995661
15.0859901438198
15.3252239784398
15.171836917175
15.2134062730041
14.7955983807515
14.590395480226
14.7830438201444
14.4483915808984
14.4246944039475
14.4962144091248
14.4234141961192
14.6596858638744
14.6482999521113
14.8388658663363
14.8786105666748
14.6855123674912
14.7704193946969
14.7591554876323
14.7688567915542
14.9249459811399
14.7362466412106
14.6309804308873
14.7590489558079
14.8274635361082
14.9000242624916
15.191488128026
14.8981106227524
14.613366434395
14.8520507254655
14.6367111452161
14.8134471445412
15.0008596481174
14.9174823176395
15.0230958513807
15.1921487902817
15.0077403818588
14.9341351660939
15.1934301811914
15.1776274819331
14.3810416462655
14.2620139692454
14.3268083912159
14.2803299970686
14.1977111231627
14.5538378852383
14.4415467878074
14.3924212060485
14.6040306556912
14.5256596482816
14.5113343383254
14.640275581658
14.7308377896613
14.4941729507394
14.4123238649072
14.6157207086581
14.6520664076298
14.7437264519798
14.4801824363082
14.5444836356993
14.3339189603726
14.4775199013342
14.2888882717249
14.356678094172
14.7203420021375
14.7374971713057
14.9336995236665
15.0149719902002
15.3035370426675
15.1894339404285
15.0493807806866
15.0564079099761
15.0000712931145
14.7774859819718
14.6818463619456
15.1873881157244
14.8792573186012
14.8075585274785
15.0562280638923
14.9552772808587
15.2554193060964
15.4000523514528
15.2406842402071
15.2013563841349
15.4696455725816
15.4943577150208
15.4942171535789
15.2208099490716
14.9442791876005
15.0390006620039
14.5607735587662
14.6139550599763
14.6283549814142
14.7886420949152
14.7307413668196
15.0336962156558
15.2624269428853
15.141873716484
15.0156173883142
15.345045555604
14.7108699338647
14.6561919243115
14.6748445401363
14.6322789207276
14.3298796791444
14.7678427033238
15.0567855913732
15.1656993072458
14.8370884860805
14.8018598302265
14.7621883774356
14.7031559732463
14.344062338821
14.4845934038091
14.7021112915634
15.0438659571408
15.1991916859122
15.3540278926669
15.2951220570999
15.0345737813101
14.7304372435263
15.0000717020636
15.0061925746709
14.8711593521644
14.9585520465823
14.7131780748132
14.8608406826251
14.7906316536551
14.7592067988669
14.8914581338516
14.7530468248878
14.5567202817977
14.6170282011009
14.7590962190501
14.6878650596917
14.7756501857674
14.8642088128623
14.9752085064917
14.7931108411348
14.9910544237318
14.8152385310605
14.7388748473575
14.9011846370077
14.6761853295031
14.5537188916023
14.5117617194111
14.5011355461201
14.5604356843546
14.826146631591
14.7536777283613
14.5276066717295
14.702546361935
14.7209275889508
14.8750410814055
14.7758079854655
14.6395281404263
14.6202558544775
14.6065984459259
14.4452655502726
14.8206262035518
14.6805323989036
14.7474202659929
14.9277251694053
14.8682910059731
14.8287029146071
14.2180750913722
14.1493043490347
14.1012689758244
13.815555494761
14.2909233703579
14.3699851827001
14.3406639351116
14.3781351740327
14.594303833305
14.6790547706928
14.9034275028194
14.9848146238038
14.9095998400503
14.6264722139547
14.4239470936304
14.8629291883536
15.0228421670701
14.999714562996
15.0630496219892
15.2533271410534
14.157191743018
14.3552072673237
14.3126177024482
14.3569403516612
14.3967188873234
14.4558418113884
14.4307031458371
14.5858385796138
14.6583040072653
14.7639047982691
14.866912542528
14.8170289081515
15.0515374994609
15.2981987604685
15.284063796868
14.87194784165
15.1000431841083
15.2177993387332
15.1831932288437
15.0889659239654
14.9369266055046
14.9668437862534
15.0077971872899
14.9914723460364
15.0893409931896
14.8707912518035
14.8051910968976
14.6628808746875
14.9223864383523
14.9565615652149
14.9899971420406
15.0049443226278
14.9536194067299
15.1585281184911
15.1154229286673
15.0847703231416
15.1537060065358
15.1458164564287
15.3536883813075
15.0750175207746
15.2107274127236
14.7439250222643
14.7504317544803
14.8603017652842
14.9189561030139
14.7532643717144
14.9251595546779
14.9875104079933
15.0301747561708
14.9663757332952
14.7221513062718
14.9298511300969
15.1230644788537
14.9912824763484
15.0619692448933
15.131408129706
15.434842809462
15.5009396716248
15.7108149893249
15.5288559680383
15.216295976391
15.1995483562774
15.1194786386676
14.7998750106525
14.834342714642
14.5441246800011
14.3909015969709
14.7470413570688
14.7886123423116
14.8032390964626
14.9080431759866
14.939938862498
14.9984958528514
15.1911615060329
15.1342131510097
14.8738644952441
14.816707114574
14.9443697623202
14.8377652392661
14.9086521889004
14.5323457346439
14.4762866641417
14.5544805799227
14.6760631283411
14.6335935175872
14.1300741068466
14.5068106102138
14.2115104924164
14.4340660891159
14.3449244819108
14.4568824886089
14.9960423112902
14.7587323683575
14.9042987135237
14.9639543900968
14.9507111573962
14.8755139333029
14.7584212317115
14.689249561726
14.7367525246794
14.737228441157
15.0951020290357
14.8676692156807
14.869941374011
14.6340089297032
14.3799435423014
14.3037851513088
14.5104306864065
14.5041160329283
14.3596593755218
14.6260810581652
14.4923481520857
14.3879852617717
14.439673318178
14.4574603574478
14.7776244861967
14.7676023275335
14.6375891029713
14.8447275622796
14.9904255623196
15.0597220627082
14.7954497279729
14.9648768902814
14.8352743529144
14.9289910454571
14.7611950890639
14.76853166714
14.5429071803853
14.6538798834479
14.3874862329044
14.7722902035642
14.7340086420628
14.5111909521746
14.7543779849898
14.5838889434752
14.6514956144701
14.6073911143071
14.3516074356053
14.509258087646
14.7715952753664
14.6522724393711
14.9539932170404
14.8451497312516
14.7313200056713
14.9075221049934
14.57287139019
14.6549767336284
14.9104086397296
14.8258494715188
14.9616660945188
14.4837778872546
14.5257041808766
14.5961725591956
14.5437650470948
14.6386867490269
14.6809232858113
14.9899065099432
15.1642066953583
15.095697222622
15.0895990065412
14.9447600559536
14.6771449860117
14.7948794623151
15.1043916486681
15.1928714815938
14.6909255283083
14.7044240767237
14.7206755359091
14.8643256185156
14.8284000113737
15.1821278069618
15.0868244598544
15.1853506029477
14.9960649638692
14.8057804943769
14.8039647890328
14.7362466412106
14.9085513738694
15.0106707535414
15.0841925139842
15.0999238538569
15.0192554557125
15.0730031491555
14.7104279652682
15.0406039117008
15.1306542753062
15.356596488672
15.0210009254645
15.0684735478886
15.1158112535203
15.0821282558761
14.871314129879
15.131408129706
15.1034413449528
15.1683528409993
14.8714226757176
14.9091117609955
14.9820273184759
14.9994247583985
14.9534050179211
14.567483798253
14.6322843328527
14.4414435846126
14.745993862939
14.8546548853887
14.7785361395893
14.8093087083309
14.3908922631557
14.5357836377452
14.8388658663363
14.7179880212325
14.8806537165795
14.6648736640951
14.823081655721
14.7705043517705
14.9272993203132
15.2910537878457
14.9978513107005
15.1445019816588
15.1004293824386
14.342484538102
14.0866383283122
14.3629322114179
14.5691433739366
14.7512328222036
15.1412851417161
15.3823828181686
15.1258087706686
15.381938907172
15.349795432783
15.0062346820312
14.8346027054678
14.5344754950148
14.4283818702423
14.3854865188236
14.4713940823087
14.6682682116866
14.5258439557361
14.5188266876555
14.5669291338583
14.6948800835674
14.6898879896041
14.5532776512275
14.21768142426
14.1033972595163
14.9349905492869
14.6699266503668
14.5645496879025
14.4425592775916
14.4539464460956
14.9393359335646
14.9129837416991
15.1178558033525
15.3118764639542
15.3841675520689
15.3267280704303
15.2703798054655
15.2613341033786
15.4239019407559
15.3714277412137
15.0619775151341
14.8564917028702
14.8386545527043
14.7808577181783
14.5783747024822
14.5573380867499
14.4739988465812
14.3173802121816
14.5288326300985
14.9743707884582
14.8267136724192
14.7721795344353
14.5429071803853
14.6041072286094
14.346284840481
15.0850325504029
15.1362984218078
15.3035443586227
15.4150427549299
15.0381288413385
15.1750301776168
14.7575941590996
14.7104629760725
14.6846821381123
14.8697297835707
15.026263670025
14.9554049232965
15.1266787450033
15.3308892785208
14.9955685164537
14.8507822926428
14.8568341437061
15.0431034482759
14.8988246008481
15.0182887470415
14.9194123520183
14.966804029304
15.1338094207603
14.8961974744953
14.9692062043796
14.3844781445138
14.1760434565711
14.2282065519156
14.2209111401776
14.4760188131918
14.3320562655555
14.0399609466317
14.449602777033
14.5041380277739
14.6665723781911
15.1157093864377
15.2374612913495
15.5137371876417
15.6077612203769
15.2501663917585
15.2902107998845
15.1467112469015
15.0189350470507
14.8500821855694
15.0852141870106
14.9251589385916
14.8829503092283
14.8705263308406
14.5088657472558
14.7031559732463
14.513339052414
14.7329911233374
15.0692233443303
14.9946294307197
14.9111177636174
14.9806816712868
14.5043752286092
14.3637326200228
14.2077413441107
14.3980896193286
14.2616163165159
14.507232509709
14.5479687874811
14.8505635194547
14.7102758532387
14.7292316416218
14.755570762585
14.8982454131723
14.7482985464827
14.8124937687827
14.2801846885454
14.4626080158586
14.6083085635398
14.5220924184275
14.6817538896747
15.3991428778964
15.2783409604356
15.1154915776884
14.8450916109621
14.8660205245154
14.9535382416011
15.1242088265402
14.940466017205
15.0319966786445
15.1412754331728
15.0414788873898
14.8028643400979
14.7183456692468
14.7135803517112
14.5071625614384
14.2122097065777
14.4250988308521
14.470763438141
14.5320647056343
14.5284933205569
14.7702484994511
14.6795206571909
14.7133794041011
14.8239566487928
14.5985401459854
14.9546914429915
14.6701683045295
14.9287978087221
14.8478099480327
14.8788234284243
14.7677525726306
14.5891952729319
14.5573088650639
14.6364161931217
14.6525828879268
14.7387289980225
14.5511054601964
14.5962732919255
14.6443811224996
14.5027819357754
14.5507867576561
14.4674868189807
14.6870281204593
14.5370435270204
14.6040964772551
15.2579107065453
15.4698549245462
14.9926102773988
15.1076962921397
15.1058702014116
14.6268318904544
14.8337449852234
15.0742181870587
14.8138679392674
14.9426436765189
14.8433516514645
14.7249830585046
14.8832949325243
14.8022566674265
14.8850763538706
14.8660205245154
14.7135729530325
14.4874740794709
14.4772269132635
14.7229865819409
14.6391491872603
14.5894944374032
14.7860916993353
15.0561378855447
15.5365989505467
15.3974381470433
15.3767672350969
15.5446504657518
15.3238913396796
15.3032388957322
14.2296437041455
14.4584758767299
14.6740131159615
14.7496829174445
14.5364821995065
14.5636543070633
14.6844951498807
14.9941002100901
15.0027277686852
14.7110579291898
14.9745647345418
14.9416387048668
15.1723937859909
15.1556902728024
14.7111130080954
14.5368921224427
14.5780014988052
14.6504636490664
14.8071233500228
15.000432289115
15.0313511037306
15.2335079141701
14.9630199649438
14.7765786973354
14.8878770144311
14.6106404799034
14.9545234225758
14.9487918295153
14.8834556989094
14.8428819691747
15.0042992261393
14.7260807385696
14.7767926582672
15.0423424716521
15.0129520701845
15.1331369491134
15.0969906378586
14.8921919311396
14.8471117950472
14.9085191538022
14.8373003489461
15.0639969040691
15.0422567711789
15.2069798735404
14.7919789574907
15.220282146161
14.9719810069727
14.8654992389433
14.8934654029787
15.2312218309349
14.6842878120411
14.7777651472093
14.6805080191214
14.6428168378287
14.78349696385
14.4785892799799
14.5673387890548
14.6464433084062
14.969845430974
14.9877956521118
15.0672362875247
15.3559795253606
15.2466756183133
15.2381501058605
15.3991703660578
15.1346093325323
15.1688071538984
14.7360148202206
14.9822353495142
15.0907162716042
14.7117071238613
14.7742740471869
14.6637499117917
14.6984001356775
14.5554073970103
14.9430875707831
14.8430148002395
14.6219032444551
14.793866443077
14.7984351080116
14.7767199365295
15.1648510208499
14.9685660113761
14.7990945104697
14.8794691802765
14.7197877415075
14.5933014354067
14.4451739986868
14.4146157499232
14.5232582614187
14.4648970200348
14.4594196597619
14.6117687036303
14.4781568676822
14.6429025738152
14.3061715350286
14.4226047673162
14.5705951646379
14.9030233884769
14.6314646970103
14.8185998978028
14.9365090752565
15.1170163707632
15.2944768329384
15.0853399229929
15.064397424103
15.1532677848467
14.9553059821224
14.9232396580806
14.8383602257825
14.7196195544484
14.8064755173004
14.6959173301711
14.6645777758959
14.6741049360921
14.6657040528871
14.4383603848362
14.5098534968326
14.6382326215357
14.4824112165225
14.8807830194048
14.8531755064876
14.6654445462878
14.7000677812924
14.4712948735857
14.7496808963268
14.560173148005
14.4566791826632
14.4387517466232
14.4921388983147
14.8079394545195
15.1390393643915
15.0201946157274
15.0817407322128
15.3445617709515
15.0675888987745
14.8023979316419
14.776357827476
14.8976589393095
14.9321978194704
14.7351203485667
14.9030020127618
15.0490386134206
15.0448051762146
14.9924606878725
14.7390027653448
14.5842772995016
14.689249561726
14.7073353187766
14.9136465580047
15.0533920501972
14.9534575415889
15.0037294164898
15.0973209796739
15.221669174673
15.4295306911904
15.2755837041117
15.2246136068179
15.3689567430025
15.6931510078982
15.4139774763618
15.3722275089671
15.0245635142297
15.343591536982
14.9620941210127
14.9189684026834
14.9939194506045
15.1491036418619
14.8563599777369
14.8384056211708
14.8191486569435
