o
130.25979355409
128.526645768025
130.020658224654
129.497871805745
129.591499929271
131.025938338866
129.699218565746
127.533090796501
128.032575416129
127.940947940948
129.631376989369
130.776296202451
130.765700903524
131.932478141553
131.380939503365
131.667436931266
130.329136293351
131.901106092286
132.679749049308
131.13114702054
125.873268782939
126.487866391905
126.156537216332
128.264256777812
128.593513327816
127.504525551963
127.067390767712
129.99511711059
131.036013891752
130.699328328724
129.625561030727
130.421044316297
130.019993388013
129.398304154977
130.579739914991
129.553194494578
130.196833007381
128.837993010484
129.753703878456
130.271464646465
130.946348261228
129.187650536457
128.234233113571
128.975265017668
127.274413715275
127.375251042793
128.115815826712
128.5879196306
127.285926108983
127.619047619048
128.693429746914
129.615094813513
130.301070859684
130.299782492198
130.112518687544
126.793927181554
127.585779759693
126.873711102219
127.21033757883
126.954057508971
128.581226423918
130.05416299282
131.082816687015
129.616845012082
131.4927840295
130.200708382527
131.094807232161
130.267716535433
129.057452591459
129.033770373959
130.106257378985
129.370848477253
129.220606421114
128.339420312379
129.158972111803
129.359553381006
128.565187542907
127.387549144042
127.471472587363
124.914468182164
128.84576321505
128.783855549655
128.39690850162
127.564052945274
128.549584971603
128.322925264355
128.876453670126
129.831516352825
131.096786485457
130.511742579891
130.635051285298
130.113869349904
130.101799615494
130.81667274428
129.826604147654
129.616549732385
130.476024852576
129.659312338928
130.174343453451
129.459383138276
128.558496691222
130.096934352589
130.226322845202
128.840203769103
128.992898038357
128.979770640049
130.725885593086
129.852765368401
129.31466516319
129.183305927492
132.193094629156
132.052878628221
131.508635770858
130.712546253835
130.870729118816
130.126941575337
128.976811050691
129.029232452712
130.521358471483
129.917974715431
128.985348615389
128.59235708497
129.286978864744
128.655426797885
128.509298374149
129.44389508876
127.768471989578
129.040847011653
128.259414356212
129.578438147892
128.624488904148
128.718589043234
129.195971241052
130.074382249118
130.15027042369
131.262604608324
130.414870264209
131.079431027101
130.185912294811
129.027215457004
128.92530964594
128.924379990936
128.180404354588
129.484542557033
130.413471420666
131.417849930833
129.967590698845
130.409393642877
131.594442764613
131.285226641264
129.2676815135
129.359781893391
131.197232273218
130.808296549433
132.351294723542
130.222292290714
129.760801620832
129.580823293173
128.562075201098
129.152966964146
131.275236066512
131.019392075095
129.407340082114
128.46665317118
129.23563092519
130.51508311102
129.665950135723
129.048891388928
129.739327184451
130.580392404663
130.640316205534
129.021672890917
128.6629965222
128.467949217229
128.529379701297
129.896939708153
128.891529717136
128.903072398473
127.273289142292
127.204554922927
127.139855385947
127.618338837465
128.826012193216
129.098424826982
128.918225614716
129.437440140679
128.635817776322
131.511121010596
129.748427672956
129.42597618562
129.000484670346
128.978748708961
128.601721342148
129.15348720679
127.596990432548
130.701254275941
130.588812095716
129.272265906457
129.459383138276
128.515746803867
129.429061580604
