o
7.28013165602075
7.38881122871081
7.15176715176715
7.35097379279267
7.61893850428207
7.64281704736819
7.78483420644444
7.89723377855631
7.85760102629891
7.653833403001
6.98073098813687
6.85573498299456
6.81769089534507
6.64938274921752
6.58700165007718
7.08385793544281
7.39571333077328
7.33410780018755
7.45864232743868
7.26850036412526
7.30163652509761
7.1413597931661
7.20449024042892
7.00366662546863
7.16392165590919
7.50904790402097
7.55674730064956
7.49303304328044
7.63085043820015
7.61512660687809
7.53503002573635
7.62808403870279
7.59497319421226
7.54878833369076
7.68136144508335
7.53861939235023
7.76359351732713
7.96753965326448
7.82815813169896
7.56531725523974
7.48270506847381
7.38325145406291
7.39638682252922
7.63303601116042
7.57192607256911
6.95119114407302
6.89599221158527
6.90252551227567
7.17770034843206
7.58266406193474
6.85936269050012
6.9103026330165
7.05724207460513
7.2308933195602
6.93000693000693
7.24586704185719
6.97664930437503
7.10992075544634
7.57783519291003
7.55714285714286
7.36470888155565
7.36352094794752
7.62903975819577
7.62671922533099
7.90186300477959
7.47818861653511
7.61527077316551
7.44455875628715
7.28321918287883
7.07803742822127
7.13201820940819
7.05598111083656
7.43269521628279
7.43536948066804
7.5656045998876
7.28582078006104
7.61902008125027
7.55537006922158
7.2761872778664
7.1944436758073
7.4020606884058
7.79859036800518
7.54576232283239
7.42676778496651
7.28472173485859
7.00260881504874
7.21508839538122
6.9957511298747
7.21512922409177
7.35923327058018
7.38322952151541
7.31700505487754
7.3086723978606
7.2695961492314
7.18272804465541
7.19806560722322
7.22689075630252
6.95687828879929
7.10778518075473
7.08340223802437
7.1036889332004
6.92787418655098
7.17321997874601
7.48389676792779
7.47371412333049
7.39846634478841
7.46635087516608
7.34951826094317
7.63513025907484
7.61366422010411
7.09542938391243
7.17673402968052
7.08896443081005
7.11689675662977
7.37076216817314
7.445330005389
7.26921299214253
7.32456263909626
7.16072934378413
7.07689770790964
6.96466838837299
6.96353814056952
6.85751605529553
6.88740646523145
7.03634989349275
7.11067988079562
6.97118028819712
7.1788712132851
7.48799908016902
7.52253211269605
7.54808515495691
7.54890282581553
7.53063795670599
7.41615897056312
7.28968001695275
7.20597663981267
7.31187021079518
7.28039353478566
7.50517598343685
7.47382031571918
7.43705469925346
7.25319749737002
7.20992622401073
7.08219178082192
7.01492743416601
7.06660238308423
7.33513543954497
7.15838444816748
7.38723064417222
7.38168833185135
7.49552823599557
7.41498338020967
7.49567282246413
7.36423087858971
7.19012649038059
7.10821671054455
7.41457583218296
7.1224676440429
7.32788731591178
7.19174753911728
7.44747125785807
7.20841540589246
7.70257332675738
7.61432300304285
7.55566388048574
7.51772238737709
7.71676975142957
7.81729448551974
7.75249858979737
7.73750234579129
7.14196908370056
7.28787090057262
7.4989982254279
7.22455519946956
7.38723641949448
7.5198719048436
7.48257628664681
7.31776765375854
7.15186627673287
7.32296866284309
7.17820741093836
7.26405912803081
7.26637751365966
7.32097594131891
6.98887820952904
7.63502823218614
7.7218947891835
7.70489666459079
7.64397602571156
7.34894228221612
7.5866635955315
7.4304549200125
7.31336132795987
7.32388801083766
7.38470311497612
7.46033564350765
7.69688784327394
7.67082048832733
7.41381265593105
7.57894736842105
7.17637317140491
7.26811747306148
7.71069585750518
7.46395250212044
7.43730507063323
7.55783103156506
7.48108232056868
7.27751109120681
7.44406257575974
7.51933543397307
7.27542895592688
7.33836615916663
7.5203105902653
7.41254190773932
6.83386680712559
6.99426111908178
6.90997833776632
7.42012371602066
7.52622014909356
7.51815341598071
7.36958243747878
7.25679277670011
7.56110934749358
7.41211351122406
7.34457723040627
7.196853468716
7.19101123595506
7.05120321403681
7.29885627630777
7.38315902842729
7.60219522437336
7.32498322522926
7.42992712136495
7.31053643341238
7.66527341885657
7.19374214275737
7.25091506269745
7.17250215871424
7.52384215635886
7.26371919217366
7.39421187315322
7.40740740740741
7.55120935076959
7.52608472546895
7.56869884319319
7.1807810139041
7.33252651811775
7.19384340843185
7.24365135748812
7.247296363662
7.50281897822881
7.41825143227151
7.49025978693733
7.40068619389231
7.71544396495358
7.63160926160581
7.35604971674981
7.46565797332272
7.4250329682931
7.20781125591921
7.19013446666202
7.3347571942446
7.31059547106514
7.52812229593308
7.59318913943856
7.36149866090834
7.34560878664026
7.25090636329541
7.46322005061264
7.31851768289244
7.19333669863705
7.32734933137937
7.27879612358526
7.30264633325858
7.25186556696404
7.42549515200845
7.34567029241418
6.92245479842634
6.84603927248876
6.79061808205783
7.20705562332618
7.04913744441232
6.82175966415953
6.93013928488602
7.27231727598162
7.32703959419473
7.41612546439409
7.50911821497533
7.47156931637292
7.4220336372166
7.5689158388165
7.40981200248405
7.33684060855965
7.46396705559369
7.54793371699586
6.86043181167228
7.00873691862459
7.34135913591359
7.42664607609153
7.08348687712402
7.28780460193021
7.50260308947496
7.42210359543826
7.18597696056712
7.54266410390821
7.32849482902537
7.39197442776414
7.03974580217493
7.01691994145728
6.92446414559271
7.35697505943254
7.82530378419879
7.89698559094793
7.91212053737104
7.39481512962176
7.72646276984197
7.45762711864407
7.40971181311689
7.14867307931163
7.05035183309148
7.12743578387954
7.1279290252038
6.98736531203851
7.19777065158029
7.31952486797956
7.01420755991015
7.24035441112254
7.50010776016897
7.53252682036065
7.30683090705487
7.48037116345468
7.64086490546416
7.86129187229768
7.56798358132376
7.76122893432919
7.18740386497749
7.40814611143561
7.38325145406291
7.39209244363884
7.28556617255583
7.16443557551066
7.23985658716206
7.35273203060557
7.25733712620551
7.20613145983172
6.79322288752249
7.06098497312712
7.12595685455811
6.79914909658831
7.0281124497992
7.38577564820459
7.52202879862454
7.2935696654441
7.33131640047844
7.1514034629296
6.84033363524529
6.80787710631387
6.84587959385633
6.79969239486785
7.1138352308183
7.02115965924705
7.13386487620646
7.32884131159532
7.88727401630628
7.56880733944954
7.57705724252302
7.58792816570084
7.37589049531834
7.24527256355199
7.24779627815867
6.87024965513511
7.13322302098252
7.32056208453707
7.22750630143854
7.25816543611563
7.82127796179831
7.69331262429055
7.61877172653534
7.31714181183688
7.30757880240026
7.14860775658644
7.22494507351698
7.08392366030503
6.98655596706144
7.17948717948718
7.31220294175549
7.27945884252429
7.55895988711953
7.4602428850069
7.42875991337894
7.32991645018606
7.37991818833551
7.58648593971273
7.77096114519428
7.73459934486789
7.04617612655267
6.9209327622544
7.42436163364566
7.48033739883734
7.38983538207174
7.45179930201957
7.38522954091816
7.4810835458911
7.41795822815157
7.6228484474368
7.5758660689991
7.58096875895672
7.47740461697811
7.38360468437589
7.33824453200845
7.03398145461078
6.93021656926779
7.22626006166037
7.12354337949682
7.29712728035228
7.22743349223435
7.18539706227805
7.28750613131525
7.4840855651775
7.51033205073393
6.85284698474733
6.83498967916558
6.90959940774862
6.88262948962864
6.99166746480222
7.48013090229079
7.6311742810744
7.69609832454055
7.53446843268973
7.21482771488991
7.13741251472524
7.14712793915208
7.15618299780024
7.21167155749959
7.21289770924989
7.13887339654211
7.14562140645732
7.18468374932514
7.06305910158988
6.87986591695502
6.88475170081884
6.91866812227074
6.84931506849315
7.27865443253193
7.26432920428302
7.59526446768416
7.4583726930506
7.27085679331582
7.33584821615
7.16407963790853
7.50748619843038
7.49374329638899
7.56297715380436
7.5194431315258
7.5098701150083
7.40929272362207
7.40992137564342
7.38781081575503
7.51343721931538
7.26632477677012
7.3472380871797
7.22539328971182
7.26684939208658
7.49294402498603
7.2457709779004
7.07993743311106
7.04234982018078
7.26941662581413
7.38137082601055
7.51120278824952
7.33627159694158
7.22137639154666
7.24658073957337
7.18811936465399
7.01346640235149
6.89899168583053
6.84390987264613
6.95255499525962
6.86876962993309
6.96998498560547
6.9693077154336
7.00245361563697
7.03591363000513
6.79888208104912
6.81426380159904
7.48687645219586
7.38747971645743
7.2393483180815
7.21291348689259
7.1214549508745
7.00264666960741
7.15413528581609
7.1814300658769
7.00274262484512
6.87345787804018
7.29510364894402
7.49821810406272
7.53661252105398
7.63893960417732
7.66289096011516
7.26514271315985
7.59395915565471
7.81921167202994
7.56100355138046
7.5815229096966
7.64716853900343
7.60982852900444
7.59324158760008
7.43187448389761
7.75305510721697
7.20164609053498
7.20760679732764
7.250100695843
7.22097003088739
7.10364423846175
7.15448965104464
7.12221161957709
7.17911831020984
7.06314643440392
7.17673402968052
7.14178421706654
7.17789044417502
7.21412125863392
7.15713990208922
6.9730629622554
7.63611262906612
7.76283797638926
7.8451651030509
7.80850908560169
7.85724776031723
7.33017728478016
7.17660261294836
7.2033839152346
7.41570484643961
7.21076882386514
7.93440888653795
7.90542927805912
7.69726940442916
7.74292894809477
7.59976483746541
7.46904464387141
7.58167665017218
7.58293838862559
7.80477729090131
7.68240281254069
7.06386112285391
7.27502102607233
7.18542626484636
7.14325114457499
7.55468906792053
7.452584180002
7.47959140060692
7.3643301698161
7.26054960672023
7.33081910250434
7.21204243364502
7.28469370534961
7.02841389851789
7.11485609854773
7.16941424061733
7.68907136328686
7.80101587856031
7.82346747777258
7.7712652727962
7.85715340648954
7.74152084367971
7.55014326647565
7.31477443767672
7.27057530540643
7.26709386662911
7.35748385285032
7.66722226248279
7.80853868775986
7.6707799834694
7.58500811653331
7.57771463015586
7.60135135135135
7.73068059161586
7.79239659809552
7.37183537638485
7.37809187279152
7.00520582943011
7.15868180559402
7.27160424504464
7.12790004298928
6.94265179408448
7.14246318460096
7.17649697241534
7.20394965579584
7.14434348338767
7.28589808133356
7.16607871619285
7.11792862759163
7.37233107437548
7.59029837724655
7.11308008750327
7.02181828136549
7.10113230530716
7.01254588286857
6.9828776014977
7.40222066619986
7.34746631825909
7.19164267134054
7.51019240397683
7.53003473210727
7.67759837821517
7.7805902318357
7.7370278243767
7.5147382626607
7.68528051273872
7.16306423066739
6.99517899825796
7.21017451113356
7.2939664086298
7.18012081274025
7.45635133987945
7.52747957743467
7.33842167915412
7.4667637953014
7.39592871733465
6.98116325181758
7.20394965579584
7.47435621547952
7.30531810586497
7.20449024042892
7.6623937779058
7.4138929292644
7.263821438014
7.17773233735342
6.98184991749963
7.3390084561215
7.41417979743147
7.29967915037899
7.30009460470764
7.26778787581745
7.43172194276295
7.40177585242351
7.09484174638011
7.1510574436007
7.29159363387787
7.52291462500721
7.48023081855097
7.52383259472477
7.61625567626602
7.64393677166263
6.80472975693559
7.01375027722333
7.21630632024645
7.03809091783854
7.53101646956396
7.27287897540015
7.2265103265989
7.1145371406468
7.14485850378257
7.38958339265883
7.30703547131779
7.00781378066772
6.79841684391912
6.93870807863869
6.93961579887385
7.26419468603785
7.401234480713
7.65652116845805
7.69409441960397
7.52378206976074
7.34050139119979
7.22521350367489
7.08444604336456
7.23646161007744
7.14781401804303
7.27146332985749
6.92401133756242
7.1149746684754
7.24190198169876
7.08839155449115
7.23163526920076
7.25486598258268
7.0071307860352
7.2926162260711
7.37758931896972
7.26934618148007
7.18192826422815
7.09912272137687
6.94272594792268
6.87739176619592
7.24106840978249
7.13274680136549
7.22579919588383
7.02169842493667
7.11323539748366
7.16636806799717
7.20893407783982
7.54793665539315
7.39031996240762
7.42496947670292
7.63039464574198
7.52019710078497
7.26622324073557
7.58004791984317
7.16332378223496
7.30450937341665
6.85340498873599
6.99907689340185
6.96830851470027
6.86579745217734
6.74377678367523
6.77970634644701
7.13181317992506
7.26828783555499
7.55685669373098
7.3297248534055
7.12723850646295
7.17041261321704
7.49370729953254
7.61321944923795
7.43668861177073
6.95257013796294
7.24156914780988
7.27810234391497
7.16087443946188
7.59201901606281
7.29813444974046
7.38237882960902
7.41782286181615
7.52129829179745
7.40351276075712
7.51089719015774
7.68487679686261
7.56029551269152
7.69320603777992
7.48914924399308
7.46832376038653
7.49813977448343
7.29064039408867
7.22243995297016
7.45316972256072
7.4264820953492
7.39045778200992
7.10588039359916
7.26613447267821
7.08683087931746
7.0768004617097
7.14809130753384
7.49761636473953
7.25904583409094
7.37400380044811
7.20972474500489
7.46783088235294
7.46909340659341
7.72942608644637
7.70928308022881
7.56520865333544
7.38105949836914
7.44297037015994
7.39874834276591
7.0738487792794
7.10923642052041
7.23203834791818
7.67521417502412
7.57369679442209
7.47392732645713
7.28848753431721
7.23978098612259
7.40740740740741
7.31679914613937
7.41171135423162
7.62228320048783
7.52694303472658
7.5349530139812
7.74709302325581
7.66923736075407
7.58458085958583
7.69940596343503
7.75698635291394
7.44353906448248
7.6808685734086
7.45059007535902
7.49760334244302
7.6587705275396
7.42591729843435
7.11631542142573
7.58103868943883
7.73705728060021
7.55739750190011
7.68662874017458
7.01571685005276
6.95081069987002
6.94661149175768
7.05508445552557
6.98898207531656
7.37902249319791
7.17443093405307
7.54266996149647
7.33592358296046
7.57413667679404
7.4419003271008
7.63545030498744
7.39316662190243
7.23570737453199
7.11906111333822
7.079523413688
7.20423092405714
7.21163925032494
7.08207521273676
7.17853994374712
7.30548265834456
7.48286666762051
7.64472961646291
7.60112077017027
7.84738591277104
7.18825455857456
7.41345011664019
7.2732339417584
7.34639673367899
7.05001101564221
7.13819489771828
7.00733970364216
6.96883230904302
7.07582608220525
7.2880923347418
7.32982817191266
7.26260110268394
7.38353188407855
7.12745650054246
7.62381423499971
7.12915867589427
7.01413765757882
7.16671980482125
7.48604480087698
7.43710335448776
7.48221906116643
7.59766889704295
7.48978342280255
7.50261802636675
7.44799246639843
7.36583158966239
7.48513768334989
7.22834623778479
7.31145976592102
7.13189866069578
7.52225754023617
7.31834080150581
7.20266373173212
7.21614612695907
6.97859713712669
7.13380056011481
7.18450936078792
7.35325370850512
7.27165734941785
7.24465058924092
6.5850003943114
6.55108523028057
6.78794094626326
6.92671753618589
6.91412922643095
6.77402182592494
7.17866118663131
7.39801310505179
7.65894486430033
7.53581661891118
7.219563765858
7.52554343106892
7.49212475522888
7.42032798135625
7.20531654424624
7.08847466526648
7.28556300741264
7.02982852731984
6.82309645010947
6.62357780033118
7.89326421818396
7.8165099942806
7.53961492588175
7.60084069904702
7.35819703149308
7.41021963497286
7.54348979621105
7.60774029941069
7.54298075828305
7.6980057807666
7.70832730743644
7.55282654443772
7.51350419492012
7.36830218508272
7.58121703035369
7.57226764942992
7.49606030921249
7.48203885558815
7.32533779508738
7.42927218799909
7.58276041365763
7.41021963497286
7.38537864159772
7.2035669499791
7.32401439691973
6.88997821350763
6.81476711740717
6.96359624931054
7.14245934506572
7.29989085600079
7.39632321504917
7.45879333925525
7.66327843726956
7.58942635392502
7.67651650957035
7.6319358282598
7.5253964142853
7.41214057507987
7.33141956546212
7.74606872451951
6.89992393784635
6.88617478412927
6.70209073188967
6.89988270199407
6.7041924435122
6.83637549777784
6.86080814095104
7.00719917723689
6.82037017224778
7.12104386451971
6.93547290405929
7.07817792216769
7.07016308325393
6.99539560874971
6.88170284670837
7.57683856054336
7.81648010945983
7.74214165359363
7.66127862096985
7.45143767242115
7.64188973637656
7.48254549616573
7.11891064111585
7.00673409853049
7.14816320237712
7.17472482902337
7.18652943552318
7.28162163681858
7.08240719009291
6.83505888356229
7.03708321212373
6.89954319330921
7.14413780738411
7.34767276865368
7.30802330666892
7.14643234525332
7.20596704639631
7.40593044122255
7.3488241881299
7.5194431315258
7.37506472423975
7.23494001145299
7.08428627210353
7.24760055166202
7.19323779668607
7.66023745293498
7.57510668155913
7.30571837226912
7.29389437307916
7.39447614181498
7.58401192797339
7.59719090634918
7.19394486493994
7.08323495507007
7.20123211832776
7.09465066106102
7.1724555679456
7.52672637965906
7.37213945630472
7.50546826973938
7.4719800747198
7.27539337882804
7.27685707074956
7.39572882327648
7.56888984819052
7.16926179007505
7.12392312789927
7.09831867275359
6.88517437897091
6.96327081068436
7.16366655876599
7.27308675450861
7.36877904999433
7.36528720387171
7.67527890244968
7.57132040970843
7.53489168593202
7.47732114388905
7.39944256589465
7.37166411096887
7.34951168148347
7.30722934220775
7.03738524499502
7.1533738922688
7.1830712483013
7.28059262610269
7.4388795902894
7.47618301696026
7.48111667942404
7.32263501550926
7.39022925077884
7.54229997132205
7.53776045398527
7.71096863628487
7.78295343369887
7.63513025907484
7.39115044247788
7.54136875842965
7.31391315250554
7.74477447744775
7.6520338300443
7.52592341099747
7.52789162112933
7.46936283210974
7.62475223172302
7.47356387539297
7.34741351186508
7.16103946963551
7.22504682900723
7.09842969904889
7.10494304987283
7.46215620780328
7.54247112535959
7.5235020550965
7.49868381735654
7.25809854697368
7.35480598529039
7.33595598426409
7.55347979011705
7.32734418865806
7.42065391872483
7.49518166892712
7.30626588696123
7.38381760279571
7.46778185542374
7.60009177469313
7.78511334423931
7.67417797194757
7.59174539325525
7.44261501899788
7.45521149333181
7.40983513116833
7.09741577778686
7.61305094447625
7.54259642118771
7.34707586380621
7.2006326567421
6.82648676866241
6.8063885706584
6.82345326069367
7.17911831020984
7.23971820789129
7.24212174593854
7.24515821631772
6.98808234019502
7.46034014577676
7.22527164781002
7.10913407744999
7.13876587362568
7.15671662776637
6.93129100441956
7.07469562356038
7.41682862695781
7.42679907805253
7.4504971774078
7.26517179830433
7.01715763838248
6.99223544663421
7.1079888816672
7.42138721761835
7.65618619844835
7.53743925419022
7.63744513744514
7.39799519977411
7.40394025786137
7.29504726964865
7.41504194222566
7.1836459809465
7.31248497192402
7.13937112180158
7.53247125202274
7.5015747580599
7.13852599084946
7.29213864975079
7.41034053625976
7.92409396765435
8.03858520900322
7.88664617029809
7.81284484661223
7.73087262951392
7.70640613048937
7.76822852505109
7.73488606139027
7.42853069081058
7.22565526091869
7.17067615258074
7.3127170962888
7.41299336956831
7.31707317073171
7.43227731864096
7.69063654138605
7.7680556758786
8.1006471466715
7.87759652622932
7.86197859794715
7.41076615702889
7.46523334186503
7.26963219288943
7.43661971830986
7.52383259472477
7.6487906251804
7.38157839236253
7.34635620732117
7.40056818181818
7.56766001111634
7.56934986739302
7.07012802664264
6.89711242699766
6.97167154453587
6.95451772520843
7.36370744189353
7.1440438611065
7.08563967958221
7.13434738037847
7.4787840944569
7.5300339138932
7.55269657113319
7.57869353658012
7.49593078043348
7.45054380405926
7.46983876423498
7.14177386221064
7.10812337277699
7.18336483931947
7.04765032706571
7.31028891715472
7.37254012363183
7.32794650320423
7.27886637883317
7.50329343032247
7.38662794795529
7.73363843067966
7.85748647900054
7.77881365808181
7.71264552505879
7.3619979329775
7.35459873760144
7.24069353799613
7.46684179718173
7.24566591453758
7.20610856279708
7.03944015098291
7.07174353143459
7.18755636959025
6.8540373930324
7.77806963780171
7.73453455193291
7.74365430219282
7.58819294456444
7.51320176882236
7.3382441328991
7.2067077818585
7.37934904601571
7.30896081390799
7.5164377504885
7.28138247679676
6.98755640639956
7.05908356241971
7.01976545724825
6.83551783412119
6.9082749711022
6.72098574457587
7.028234816169
7.09768289651744
7.20369448592445
7.14047566125806
7.18130370411368
7.08489344821347
7.27616948529931
7.32216088887628
7.5309995302023
7.76139587528848
7.71800819947185
7.78012807510649
7.65309785339938
7.44174179282191
7.2659447120069
7.30120616484253
7.55509218926291
7.75600653137392
7.34311477485335
7.38975306378598
7.32177806564256
7.14246088982581
7.24059213198325
6.81598193159819
7.11098717233687
6.98630136986301
7.04881338023274
6.9672186917414
7.21190731931871
7.08783604311417
7.08136628714246
7.18576320664683
7.24607094114502
7.24455259992728
7.18684384820259
7.25714043203327
7.40263459335624
7.4969839719653
7.33141956546212
7.38236122851507
7.39101445574612
7.13743356112377
7.30153360396933
7.01861458651205
7.36264203940929
7.32158886894075
7.44767367204554
7.32657178079121
7.37065708623811
7.38832587895601
7.51312662748837
7.61706915952567
7.42679907805253
7.34456122578194
7.59471821869336
7.59577755635461
7.34528466495933
7.02287965715076
7.80434750657711
7.45696267257542
7.64277634364939
7.56943445100014
7.59867421227077
7.39685028147937
7.26392251815981
7.25074681289707
7.25664958944487
7.45761752469363
7.50404559710149
7.52537125164842
7.05869427888709
7.22525211666411
7.3335206518685
7.33121323839811
7.40313296083095
7.55284844141885
7.47110234000564
7.57728253055356
6.84364179509811
6.9242826961085
6.71114022539806
6.8782413712462
6.93285576675214
7.51179093137606
7.89099282770355
7.88671023965142
8.09409947573998
7.87586348503293
7.71432307178243
7.69979515639301
7.82451975911029
7.65612562414068
7.60958520581774
7.55537748268559
7.40446537490425
7.36142159445259
7.31787183758311
7.0481555265508
7.02834813106696
7.09239545309442
6.97344415163187
6.99050502270538
6.91187697676955
6.99204825884289
6.83076839340872
6.75956599294537
6.87703371523885
6.95347468415073
7.27282938335393
7.25103386610037
7.23716381418093
7.12340247223968
7.30318825839443
7.31988310666517
7.49106504646176
7.37355612874285
7.52540906797376
7.66536223599936
7.48498692641439
7.37669078548358
7.43310208126858
7.29425297030397
7.41970264442175
7.39189882071441
6.99788150071756
6.94892676160787
7.02685606633572
7.05295881893754
7.61087763384024
7.62370540851554
7.24983842414365
7.35574411611063
7.338433805056
6.99020542362579
7.12990093484024
6.85406552160255
6.63445108927809
6.8176849928954
6.87092764353136
6.95949957883981
7.00568696942224
6.94965934381016
7.19707618779871
7.02428316641515
7.33300554892182
7.34438729028551
7.34330293591171
7.27898545613565
7.12061135730652
6.92784507555808
7.31315522489009
7.35542304230423
7.68873672604886
7.41126907415496
7.18723013065159
7.10543413649622
7.34963462619449
7.37433955866979
7.28650946826662
7.21581594765381
7.39281840497802
7.47821843287545
7.46774330161778
7.5732724809242
7.49191214030308
7.63658008972256
7.31976476175842
7.41698518023842
7.29137787635154
7.29988607114224
7.28716734011425
7.19574657610511
7.25960458323972
7.19693818121308
6.93872592032615
6.88407275893501
7.48923422580041
7.31843575418994
6.83454700785159
6.75025415113521
6.74133016306183
6.84296619411123
7.04564532331531
7.60016760825904
7.49528867568957
7.58437072749514
7.52718946765884
7.29762791940269
7.36880963198546
7.46813167947122
7.38231350130567
7.6898336305956
7.65179948212156
7.73856966886458
7.60205398892682
7.4611166430585
7.38874419658023
7.07873884856209
7.22976299317814
7.0518149071765
7.12684957057947
7.13217372036339
7.00293627052288
6.98417925602711
7.05927859974857
6.93829146276632
6.99510479021503
7.11032883524712
7.03004622496148
6.95656918376255
6.82213524679278
6.88180297754503
6.90451919809718
7.23856460803943
7.72178271194837
7.49272933052535
7.43775696665144
7.46899863809046
7.39744451916611
7.74685829947723
7.85174491404328
7.81761802856269
7.59341617926754
7.31026785714286
7.34195766748401
7.17532020382867
7.16320375335121
7.13288665549972
7.36124471956167
7.2980454659844
7.16930047519063
7.08624580329132
6.96154639884433
7.12391162461291
7.46828143021915
7.42165242165242
7.5059067596381
7.62069712058887
7.57006645478186
7.37768391411475
7.51152335969954
7.41902662370697
7.66415996772985
7.6395520444483
7.68424729304925
7.5872315259567
7.37498416630308
7.27898545613565
7.27019498607242
7.50819205014959
7.54177974575061
7.63347804835974
7.5576089436459
7.04724573620783
7.14731802095621
7.1048448406939
7.17129263590085
7.22489037377323
6.89720460354597
7.01764042160883
7.11870928730451
7.1573787840811
7.09505989065261
7.25245241888153
7.4835490946626
7.27791948541644
7.27037951942511
7.34871327396396
7.6320459365487
7.73214570670071
7.85324972161988
7.73158490237605
7.65591397849462
7.4148010837017
7.51750258234822
7.36040609137056
7.33818804282247
6.97946005358247
7.34402751543515
7.09336626191946
7.26581712497206
7.2208720913992
7.18215158924205
7.68649559733806
7.52849770317019
7.89666813444885
7.88080825803433
7.76444929116685
7.71997543644179
7.16890264877881
7.13298313519491
7.09112439071407
7.29216621061243
7.47098577090878
7.28732481047361
7.10949734606483
7.27581569820936
7.04311695388598
7.45279657997863
7.56811301715439
7.56980647004213
7.41613043417308
7.46311253175034
7.02797490204674
7.02985279955978
6.88463511433894
6.92083865879857
6.83349764338866
7.3276105495002
7.23609139740057
7.63825236785823
7.8588353029478
7.84879064552299
7.73716727293724
7.63119678806344
7.94649066990248
7.70646422820336
8.10455170763802
7.9811301161566
7.87413142160391
7.94463996673646
8.0544306812768
7.69484761043398
7.61983731004017
7.37846612229983
7.09628714570036
7.08045849098598
6.9353021810236
7.14265939481188
7.1119614040925
7.1265164644714
6.66550899643349
6.74172362954028
7.13936430317848
7.12505949214704
7.02075702075702
7.03587600139324
6.92348659684005
7.04313225283181
7.04205750549726
7.12840901164818
7.10692437396357
7.48977688499893
7.62197330860298
7.48947234547664
7.87331787228385
7.50152441186063
7.47178585606533
7.32164140984165
7.25590868587432
7.32300384528387
7.25601983498858
7.36740103172115
7.3976633002348
7.38517046495567
7.45325742841324
7.41513476936957
7.24698391420912
7.10343773023618
7.03144274788234
7.45991368222483
7.53619834232566
7.405512202749
7.3809118264918
7.54934447485953
7.66289074948576
7.66361086208392
7.58996978332784
7.41380042162453
7.28747195786364
7.51360221089904
7.524893314367
7.36432486714925
7.34080930674795
7.49058326675037
7.3316450028683
7.40009866798224
7.33811337665248
7.24930643654766
7.17164031899005
7.23284131286603
7.19940379937286
7.28860946128274
7.19726084829851
7.20130480455576
7.36640468745598
7.40971181311689
7.85282243156509
7.8573320384921
7.55981272282118
7.51591270743351
7.89419423252526
7.72871347314489
7.6415770609319
7.50106549225742
7.45705787758471
7.40207088471698
7.41628480789567
7.64703355243373
8.00855831092225
7.72078872592635
7.65745552451399
7.34093478291209
7.41282545398281
7.44357178235336
7.49957145305983
7.35294117647059
7.32066475001753
7.45816238773985
7.30202694196148
7.2175907793879
7.04419129381982
7.16268739589117
7.30131591855039
7.52872991746807
7.41408958926507
7.51836547291093
7.71282765019717
7.73560398325877
7.68656073101348
7.74595594123557
7.43567440163865
7.12877294099803
7.09629507385098
7.03655442013579
7.37452668302299
7.45996066310761
7.503574816304
7.25713805374205
7.39032669254236
7.14875281543347
7.3490813648294
7.31628084349091
7.00176075712556
7.32330400227079
7.53433504111594
7.45097484765796
7.71528845317168
7.62702144741369
8.04388649839566
7.98764342453663
7.7182271117127
7.50202469416462
7.59273989442476
7.60772830362013
7.51932834871592
7.7431511386554
7.55467770072519
7.20471174158168
7.41589889469141
7.44618632583484
7.34599495227218
7.15329271990517
7.47171722856982
7.58448950551405
7.3913166135357
7.354909613515
7.31140381770797
7.95712893796687
8.16909884158267
7.84193014086159
7.61706915952567
7.29349003917646
7.10106309919512
7.28281846483258
7.2732339417584
7.18097739528906
7.2373519318056
7.32512843674138
7.47337521448729
7.50574052812859
7.13981098072664
7.32048058116792
7.42365446262865
7.74899671652682
7.49667600214999
7.44110893783485
7.52402720006814
7.35574411611063
7.05634111586101
6.80052249558976
7.10555840270371
7.16885715079608
7.55823143132212
7.20655546126129
7.26764500349406
7.23751840635679
7.50733639135018
7.63183565731336
7.59272017453209
7.40782469087119
7.1757155056056
7.45221937293683
7.537402582627
7.08531097402509
6.98681629984746
7.1035683683905
7.16118145775315
7.0646752572389
6.86262683126248
6.71435993765237
6.92900146444649
7.17538291706913
7.43704667241647
7.15625651358299
7.1329254727475
6.98049042419903
6.93411228347962
6.99425374055433
7.13986307111918
7.31380162372044
7.2911534942642
7.06459253923619
7.01508724242549
7.16830794265354
7.24069353799613
7.12780119813623
6.89297462566371
6.96637436807937
7.25675144573578
7.23544530115097
7.27145359019264
7.21412125863392
7.33523871203908
7.40793503810813
7.24333109168348
7.12513781697905
7.25405948328776
7.31947176173082
7.5194431315258
7.60434451985021
7.33448602822243
7.25968074222527
7.19826682507513
7.24201207468938
7.0265661954788
7.14759719073163
7.56934986739302
7.71126250181186
7.8641221599728
7.75596862949001
7.68321513002364
7.56681411523746
7.62313744704153
7.40304534365273
7.50153310800211
7.4885119419073
7.64727825762576
7.67561196475543
7.6067373959793
7.28270253710976
7.45636089361396
7.22824576035585
6.95150209358104
7.0366400043979
7.09846706256042
7.01763929878007
7.07060923468611
7.5103480648052
7.699752972278
7.67621383738547
7.83086506817113
7.53743784107262
7.25475179280095
7.4478367161294
7.41793377859883
7.4752010914362
7.63160926160581
7.45600954369222
7.62348609073387
7.38079595174525
7.44844479890623
7.39693091011951
7.31700505487754
7.19723183391004
7.33642335143743
7.1927374301676
7.13472696482607
6.50415032979714
6.76953842827802
6.65102764375017
6.75060273238682
6.99950102566946
7.34559475395072
7.47867796273433
7.52960601229788
7.92635402420552
7.80738866838226
7.57221915559141
7.75634576972984
7.47729852440409
7.48257628664681
7.54945324093417
7.41616357777121
7.75668503776281
7.61907505293025
7.49771062271062
7.43192160107271
7.2556852670064
7.40308366908216
7.46835624489328
7.28564209107755
6.94722042262258
7.58404226612319
7.3493109139383
7.22581727207927
7.09570277651967
7.39429138040938
7.211132977228
7.30879299702598
7.28502849442744
7.34970700492345
7.10123060312011
7.3565750271812
7.36611867635645
7.34212333085794
7.63503097641139
7.61177095750334
7.30812641083522
7.55075867832903
7.50370201617496
7.72042696300629
7.66398785222112
7.71970633132224
7.47858664721948
7.77236009024089
7.79083586425459
7.5837967089718
7.56399194708082
7.41496887981512
7.62009619284928
7.76306538551676
7.88260081625437
6.83700631004337
7.07878450733607
7.05989210613234
7.08995291720587
7.30588435181514
7.21106723795122
7.10499139414802
7.11002485731347
6.95673821641956
7.08171857138874
7.10377937810529
7.10007264553093
7.34494399480204
7.28521185731033
7.53852141199533
7.44209736979867
7.64412666579471
7.54770720592424
7.69230769230769
7.79232214134773
7.03062656503674
7.12067894845788
7.21295801580383
7.15535951830848
7.52699109257618
7.66660398374101
7.96423495973472
7.70671276289254
7.72172486043752
7.49487682893624
7.42020448044408
7.41558404800317
7.40109382768663
7.44388456252863
7.39260739260739
7.5601868487244
7.71577773866103
7.43969446140304
7.34753857457752
7.07491330445803
7.20974442019292
6.79185514288399
6.95743766717947
7.02143897869979
7.09151096275572
7.05914604893428
7.22972125872372
7.28192872706825
7.29376972730116
7.25411910251364
7.218188712101
7.25447988594113
7.52355606703589
7.62794205084328
7.24657839100924
7.28948470883955
7.2775295737447
7.35105929190957
7.34650052273177
7.33077652453263
7.26215392395106
7.15521089042624
7.07752162576052
6.80503572643756
6.96916383672245
7.08956761881209
7.0696116518182
7.2541041111267
7.27010926338971
7.2809089257515
7.49021003915984
7.60058972560583
7.3712493142206
7.69567118495846
7.79544288958898
7.2241113250577
7.38274054130651
7.20997827129836
7.17833904708599
7.23445776414831
7.15967451018188
6.92008721205801
6.92333901192504
6.9024669171704
7.2079119405487
7.17690167231452
6.8849571691618
7.01976545724825
6.99501332058201
7.24136470787516
7.2563055757508
7.22818019117912
7.23689704122248
7.182496298039
7.36416201156425
7.83659735238123
7.74485489274681
7.76370575988897
7.86379262013308
7.81685389962749
7.50442275866005
7.35396918603026
7.18531127047465
7.42952564247707
7.47286469284537
7.37392287046193
7.0878062207542
7.02411613205338
7.5017146776406
7.46151092015754
7.53094612920911
7.3257497996316
7.42154670161394
7.19553628152363
7.36185936310044
7.43331256725378
7.59051618396179
7.3968464589715
7.51225909453758
7.56796892848983
7.82856471417661
7.55714285714286
7.29528396997872
7.33661278988053
7.41710917813875
7.3768866989494
7.36215318346261
7.52510781164076
7.29772756089658
7.16695362477078
6.70441001191895
6.88910455309668
7.32882767274075
7.10607763944983
7.42064626822991
7.56915388191539
7.4265877532438
7.49655044879728
7.6
7.78084916560631
7.30222557314792
7.15856716585181
7.04449960478693
6.70124509133797
6.73987330658995
7.39663944589337
7.38537723766969
7.14583622966773
7.07242714713395
7.43812251528235
7.40845468683727
7.72031407641356
7.76249688767813
7.48761500353857
7.56910767991021
7.8839717367051
7.51015077089071
7.54158646249318
7.32301539241505
7.21731044150509
7.32326795541132
7.34532975992967
7.29188619599579
7.30164570037782
7.28605180878005
7.37787488826776
7.52873563218391
7.48253133044782
7.51430279224661
7.55187435515304
7.60262821258286
7.344799069285
7.28584664626442
7.24314686873189
7.32404681756081
6.99213901530823
6.94294066695539
6.93900693900694
7.3219248620967
7.49867628328969
7.14670051461762
7.1405792881605
7.0004503213657
7.37618545837724
7.23299690411073
7.18775583831712
7.08033133738055
6.92727717258428
7.24770512838591
7.34138124649074
7.78618608109882
7.66455613671598
7.36855427277713
7.34276003860194
7.21946333931478
7.28199526670308
7.45472393336274
7.42504508566276
7.37554646735298
7.23319715708769
7.12357737151126
7.25563118377658
7.42304158051918
7.58421338828311
7.51313733844624
7.2093638223546
7.17683384795127
7.15964215531339
7.51385635106565
7.64218950896404
7.39576462663317
7.4864493850922
7.64664453164302
7.31591316025067
7.4141537760954
7.0719415569257
7.17113824514771
7.11514470202761
7.08976243799893
7.24576981068856
7.68082865168539
7.4497918023964
7.64098927656619
7.61816817683384
7.42128091026869
7.8300101877456
7.89026818128587
7.73184743639584
7.80097293033176
7.82787552346143
7.30464326160815
7.43452228937885
7.56427488775131
7.78198775867094
8.00461634066227
7.68930014335983
7.3625493529668
7.48545279927688
7.42091425663642
7.38500492333662
7.09053213545266
7.20031501378185
7.07648419215909
7.33247622949662
7.34764239589662
7.74432179390857
7.82607426010016
7.50445179343679
7.76336904193954
7.58602786350919
7.32389614406005
7.3468807730567
6.99829771136751
7.1436528713864
7.17088537636786
7.49682881290709
7.62697174553649
7.72497354957462
7.83882783882784
7.65991693373381
7.82335307450464
7.71118630284196
7.69297761778965
7.51498775648062
8.01070075053875
7.04883343867652
7.3427463852183
7.19224295034987
7.36153142374551
7.54428480757025
7.18285007710796
7.28279386712095
7.37254012363183
7.58631589534332
7.48567028830524
7.39883732556313
7.26287414277135
7.24453840732911
7.20627071978423
7.23263815743277
7.76361529548088
7.82938942448145
7.90554871627534
7.62892889838267
7.26348284002179
7.15468140624562
7.00099031690141
7.34157650695518
7.02860574298504
7.04803612973861
7.50207992655708
7.68225384838803
7.60195478837415
7.59240759240759
7.8114771983417
7.19203429832279
6.93271831198605
6.83603021959391
6.77119504247022
7.24433816289211
7.12638568610563
7.21798598531126
7.09014014429057
7.12357737151126
6.91889517324694
7.56609586587376
7.55671104508314
7.78584550782959
7.83950344908735
7.6664793278861
7.73609692015764
7.64314519064188
7.71986256305286
7.50258832205818
7.34201926749565
7.32860855856496
7.38191076279745
7.18599284164559
7.36932305055698
7.2814854230263
7.73896060032013
7.43966871340854
7.37366548042705
7.26065177013565
6.99415332495492
6.96671458586752
7.03227061733886
6.90467709674768
6.85971476601052
7.10082060066864
7.8089181394661
7.64296240644956
7.30296050783664
7.38548273431994
7.41615897056312
7.33924394582405
7.55475763016158
7.62151279838942
7.68837243294599
7.59027052130501
7.44910724439895
7.35128118297776
7.26544782596523
7.64727141308276
7.51086724150217
7.28263908303047
7.39523418241578
7.24789768990751
7.47304977738329
7.25497035228462
7.32153752287981
7.55888312472157
7.34635620732117
7.25423163512049
7.09794338120212
7.35563509286137
7.29886025489866
7.26972209771403
7.28587241316501
7.36494061218408
7.61990138951143
7.76589104527442
7.74540434498293
7.47782002534854
7.41075335601259
7.78056178293551
7.5613827343672
7.67566007791084
7.46236712563316
7.35853844201979
7.49063670411985
7.45084707348858
7.62615844978356
7.39561616047783
7.51503721800752
7.68205009276438
7.27943317480346
7.15679895901106
7.22787335872856
7.36906125797372
7.1041473619184
6.99685210386683
7.08060247474678
7.30082524892405
7.0617595436595
7.08225132271459
7.0054226650885
6.8689181453921
6.90345985164329
7.21274811294381
7.44191331023121
7.3717000014095
7.50509121462852
7.44174179282191
7.1523251960676
7.03430427839877
6.98478656077858
7.19323779668607
7.22884788478848
7.35377626348665
7.34402751543515
7.77922642329422
7.69934773450325
7.67598057744308
7.5785955104746
7.04642105118289
7.53104009769998
7.60044996971358
7.59231565627516
7.4241674326522
7.32862507706967
7.14345276148651
6.96902201391072
7.0053497886081
7.13274680136549
7.07566687815509
7.31315522489009
7.17513731488563
7.1854115217725
7.01021291803549
7.37017479456697
7.1760760664063
7.06841113205455
7.19215501860279
7.13929244759898
7.15503507644149
7.18292801759539
7.35471254268993
7.3909830007391
7.35232097168724
7.4562213290537
7.65016321306855
7.64988181362367
7.69951697786749
7.54188363142404
7.27211936306265
7.21157173506817
7.23234781646708
7.40552305039713
7.49127923600389
6.95063028045456
6.94302634265877
6.97063348354686
6.99484009823129
7.22397082680495
7.49463145469801
7.27247151498101
7.10386289821021
7.38777351680578
7.60847511666329
7.53966550781865
7.4150302380986
7.76027437074929
7.55097629512213
7.4077221608453
7.17121622178566
7.299782410332
7.63787002675412
7.75159785295365
7.84273333235238
7.6618989434342
7.95599065392919
7.92783748671312
7.7397369067044
7.44820945611079
7.18427022939249
7.04817864581178
7.12853336263495
7.12250712250712
7.25437848566596
7.58430577178524
7.87181449002413
7.67704649357371
7.57251035862266
7.59631815505679
7.46152650396394
7.32342792761073
7.39468604519133
7.36775375079242
7.27895227623833
7.73375043448036
7.33635092673339
7.34695024302531
7.51385635106565
7.62287731072989
7.72133526850508
7.61352046313189
7.44265322065194
7.50385912755131
7.46332431277596
7.11015202445671
7.26439607722612
7.66703176341731
7.62887190391357
7.63883912576138
7.15373545150969
7.27456570281012
7.16036729775771
7.1584668833352
7.04370675067754
7.22666331840567
7.67968108805253
7.89842769616889
7.87343308321864
7.68089377673038
7.34503255024059
7.10229254747652
7.04010643310513
6.83681529703375
7.04595065071427
7.24444382046134
7.2471863043539
7.60494537090282
7.37461027035492
7.15823616586975
7.42609336470055
7.49196781439254
7.66477824304157
7.47495247759658
7.44562265984509
7.20998737550849
7.18069783454885
6.95417937934636
7.03288869391168
7.12863567380923
7.39598503669437
7.21747650525096
7.16290775336366
7.4724266024124
7.66747966292299
7.28535727900377
7.04584625991038
6.93417285223834
6.90891181218705
6.82034826738987
7.20477159341119
6.94803252386262
6.92191217823924
7.10867117117117
6.93643187772333
7.89041417341312
7.64510612614425
7.44163630951537
7.39231996353692
6.83806343906511
7.00323747341615
7.1065147660657
7.10588039359916
7.34639358860196
7.43222319191464
7.69230769230769
7.53775924256087
7.68073596204473
7.49910039582584
7.38341419256284
7.60771639806089
7.56863080475498
7.35933163251002
7.22525385093597
7.33637490143066
7.16702340675274
7.42167582573225
7.37844754051749
7.27444365776797
7.06689630662402
7.45571840869221
7.37035324449676
7.34932478956761
7.825831126802
7.7695992522491
7.29896211290187
7.36687310879217
7.29447604141921
7.25356738550125
7.44708274854639
7.48812597167349
7.38215322194359
7.84825724680202
7.61568350406217
7.77028989717074
7.54405443106442
7.22326974267968
7.16342246283975
6.99845541901885
6.67652820533323
6.99654964674955
6.91570463951209
7.1224676440429
7.38294977893663
7.2188024622272
7.49648826075739
7.64145273460977
7.70159204551986
7.78636436679181
7.49275464762847
7.41614697454913
7.42994126140776
7.50690863508162
7.64638711822268
7.43457573354481
7.5046904315197
7.5237630301812
7.41310979956092
7.31686804406941
7.56364265030039
6.9549358267663
7.4808383064174
7.67067983562829
7.71887060735324
7.45994518070587
7.29599281625323
7.24993339036053
6.95487450104864
7.19692783733009
7.37305100515973
7.48331136527914
7.35002549141789
7.1143525526352
7.11443885726916
6.95040680322172
7.1596406357982
7.2792812932251
7.25091506269745
7.14678394722375
7.30584608454511
7.23068809503983
7.36389443210883
7.49005116543491
7.93733062832265
7.74810658371008
7.8249760459917
7.80977819068633
7.56502521675072
7.4492679167737
7.10223331946178
7.09424623633739
7.25476791718403
7.15094287528645
7.22630713211208
7.14058370120255
7.37490268242622
7.48377568553941
7.68389547599862
7.7829502473087
7.72904906643508
6.98335587512766
7.08586732131898
7.08897072006841
6.9065646286195
7.0412850345188
7.15150181538123
7.18434729440538
7.50530498312375
7.48856111632137
7.42891780261915
7.49084924665891
7.80017528483786
7.6062185191099
7.31985952639522
6.92475905078157
7.26473593594714
7.12254644838915
7.03037885175012
7.07930206410239
7.19404124206747
8.06186736735242
7.87644108070052
7.45929356937853
7.21510732472146
7.37461047110083
7.41736853280487
7.35948469481446
7.25515609151358
7.04514363885089
7.26794973933219
7.22911821569671
7.30883756714015
7.13244987164366
7.34214390602056
6.93622750826227
6.98362650735701
6.91100046254728
6.84122981166497
7.02533590323752
7.18298443220884
7.12203248646397
7.30463286095766
7.61582704702448
7.64222218999695
7.52714182045846
7.48362956033676
7.64810031056802
7.19663418954827
6.94976469300646
6.96586997956861
7.53794001115672
7.52397909367641
7.30172994832622
7.12394838602376
7.06449468085106
7.06967496064732
7.03354137418162
7.12865185849136
6.97332839160455
6.9307198743807
7.8991296053416
7.6118119266055
7.7119702559038
7.423297298823
7.7364611929124
7.47107626190036
7.65320941039791
7.70317300831477
7.62221579404108
7.49507466522
7.24222299895142
7.0670893197755
7.06596284134835
7.20010105404988
7.3658564224602
6.81870661903533
6.88479984608831
6.61209907483936
6.83429870621989
7.0978678831815
7.14325114457499
7.40993585640938
7.40349776040627
7.22623679822124
7.12293973109522
7.12925093842792
6.96484927630863
6.96740831462203
7.21573933141665
7.08662502929782
7.30715646413238
7.38877534978777
7.00374172503118
6.98188856629338
6.72041225611943
7.49558449763789
7.36184088740798
7.47031306225261
7.57302039223621
7.33576434391203
7.26725798063002
7.44483985765125
7.03232956177915
7.33174758639989
7.12608870799706
7.16614208633093
7.05035183309148
7.27858650961218
7.39062721223276
7.29253981559095
6.90391266753134
6.95492331751214
6.80908782638183
6.90249036385009
6.97283329459537
7.12856428214107
7.22729564681495
7.32268044163143
7.19876991892647
7.14771481311849
7.32492583688332
7.52030770113953
7.44498900498728
7.23250970901109
7.02521697532973
6.94597271126761
6.58972003674268
6.47019371128733
6.57692872103417
6.87857406067885
7.01749548481381
7.04616593720782
7.16360116166505
7.30262699463452
7.60936669968845
7.2813490838688
7.13752178604033
7.37793953757389
7.18503530577693
6.92191217823924
6.96247025740861
6.88377376862947
6.92065138754283
6.98879052813331
6.92084201293718
7.56271166982378
7.78108060849799
7.65102037847823
7.47348119575699
7.5331458417035
7.23831519060427
7.2069298478848
7.12565796841752
7.32164140984165
7.59571031532384
6.86644229079653
6.94644646705929
6.8496859432532
7.05914985091186
7.09576488993184
7.07376730224026
7.1326478220446
7.39285310415018
7.48629421279398
7.41607005333866
7.4258132693571
7.38919736079911
7.56800392094679
7.55969126451706
7.57423033724045
7.48221906116643
7.26772736201139
7.24939588367636
7.40908640156398
7.36869162882358
7.37142372977095
7.19907180899395
7.04389734858367
7.16217920865629
7.31189997767359
7.45154343144293
7.28127992789139
7.55375613385027
7.58942098200759
7.18534578607961
7.30306307318512
6.93701139458317
7.09675616775167
6.95169533439578
6.94568611000316
7.03935452000659
7.21935628574633
7.23234068644528
7.07628820295515
7.31302881276662
6.98266655713464
6.88626813067643
7.10479573712256
7.25846002942619
7.31947176173082
7.03440111228886
7.29392548368019
7.48438970147977
7.54920463736856
7.84177049751677
7.5888335734562
7.47780028041751
7.74000489145291
7.72022148650407
7.69053516907656
7.76062900407688
7.39428699955016
7.53711239754686
7.53990877993159
7.61849794387129
7.65298796772248
7.69962799550134
7.56479504849779
7.59700125901339
7.59163055021383
7.39740668860574
7.28739308810236
7.00857970380895
6.93942657704945
6.91313087412398
7.14275864921885
7.30019589328748
7.0916080325298
7.02582539726103
7.13286519577291
7.32832587841449
7.38783280766061
7.34770279520025
7.56260314271364
7.67804369241467
7.87552823665002
7.87275064267352
7.79348707845637
7.82403954430454
7.57901372532164
7.2363742836826
7.36650844401876
7.39655491230815
7.17048128931034
7.33931980485046
7.12780119813623
7.0893673255878
7.24157849504783
7.11454835691088
7.43910560696017
6.95628452567687
6.92818511672486
7.01587732392455
7.15331520602384
7.02547247329499
7.44691414062611
7.52040641589132
7.39164361211605
7.38625871791594
7.47602098431894
7.68785290285218
7.41494004491335
7.40540309602814
7.1305664533003
6.87493273059951
7.02061109365823
7.08709373788827
6.88636147975437
6.77353195164076
7.12143928035982
7.08076758826852
6.98233798364374
6.86989538091726
7.02844518088926
7.12315858035727
7.22252316068725
7.26409262069353
7.51739205427471
7.15037969070451
7.19064937949416
6.83559381683316
6.85358255451713
6.7843331415343
6.54871930287827
6.71706696996053
6.94587434281871
7.07923241876065
7.33150281654259
7.14906772292532
7.2149061361726
7.26762363992607
7.25063688026651
7.39007092198582
7.32232190268578
7.55587599134823
7.61659753436141
7.43183941564508
7.45093030186912
7.31455372846813
7.35387346266007
7.33413887093602
7.32963826490011
7.68429278457932
7.92073377206543
7.37814770402765
7.13568959750251
7.09239392395301
7.3951528520121
7.43954480796586
7.50641053189508
7.3519055801245
7.30508143140487
7.37314269694421
7.20443093324449
7.00012377429071
7.19737970395153
6.7641312403153
7.13697118674842
7.01778385772914
6.94945971357325
7.00312935110768
7.03539640961641
7.22770760510814
7.17114863456327
7.2682050573442
7.28306369498812
7.27521539385307
7.55892790167624
7.59730001436163
7.31961374961291
6.82959491128222
7.21433884935506
7.08267689567778
7.23704471009827
7.21244041745994
7.15780661364588
7.21655218443227
7.34467297701231
7.35482402481008
7.34737373454107
7.51108133916737
7.85612733961628
7.56241137799166
7.34521089446166
7.45713222454413
7.3485852915456
7.38525217588524
7.36845065669207
6.9355498024254
6.95793549098224
7.28277952402335
7.51793400286944
7.5771735848514
7.65972262519585
7.5187969924812
7.26823724199863
7.13096559378468
6.99061065040093
6.81719022687609
6.98912802307522
7.03122854239336
7.13523698685177
7.19005052467936
7.38033516070999
7.41631873186611
7.47042365539475
7.44685395338241
7.29259055905168
7.162851967726
7.12777191129884
7.24657995066158
7.13839316714117
7.10608773500448
6.91659163460751
7.17380295954538
7.24064925899788
7.15368711233632
7.44196696911584
7.51177693842041
7.53407263184627
7.40300366611463
7.34409534734074
6.89451657903208
7.06625998868294
7.21675287835809
7.16796471155834
7.63568129330254
7.56629481270908
7.38282403566256
7.15543813298106
6.87525177923996
7.2704171666549
7.39248265391546
7.56503210490941
7.19918665677465
7.42651435698291
7.52912885402651
7.37752323990351
7.25171220982732
7.19842742047122
7.44263263784347
7.41242746410267
7.36150982008356
7.11955319619553
7.40213523131673
7.69699962241134
7.49921286887827
7.52434765325535
7.57860091809337
7.49245057261695
7.47931479825719
7.50142612664004
7.36882225892517
7.50383718947189
7.16056950210359
6.89955499911544
6.89448848878796
7.27226513407798
7.12288001322624
7.3299603369259
7.33208531881098
7.47797435713774
7.59315611184475
7.6886321185005
7.56189604894505
7.46810054197072
7.50795757861231
7.2895118278662
7.25535796348647
7.03390064270543
7.47244005000568
7.55418842549539
7.6759616635587
7.59155152334258
7.4166513039409
7.38504738504739
7.33016580470644
7.33410287451786
7.33406674000733
7.47150155834175
7.30059212817834
7.21391993525612
7.04659802859767
6.96491492658047
7.20627796440071
7.29865298991152
7.45906783045239
7.50143430866322
7.38729104519615
7.52904058511401
7.32195606826359
7.59490056676232
7.63949605125486
7.50655052758303
7.37552909865655
7.27303126567464
7.5272971851343
7.38773607560069
7.30552550611838
7.28435765209795
7.14580751755473
7.45638515592575
7.7106002738344
7.91642142436728
7.73336394157652
7.75758989763481
7.33692214710388
7.26670781662084
7.39206310920674
7.38756520513182
7.16429470423081
7.50668699128534
7.37270130710678
7.42296719985239
7.51100751100751
6.93179171746784
6.76545954960207
6.65218207666103
6.94434951403223
7.05275628963691
7.37069513279959
7.34233087174264
7.30977647324452
7.4802584350323
7.20708161985084
7.31369005085957
7.2688927943761
7.14285714285714
7.36749816166073
7.42232613165826
7.63148349655423
7.57510913292819
7.34366678812681
7.13533584571049
7.12549712770658
7.18753047039323
7.0393769402538
7.16172994020303
7.0780800707808
6.97197539302802
7.02181828136549
6.9417033034341
7.25267942315246
7.21776595597301
7.0712371902881
7.33612938519589
7.43129955383785
7.26628638373245
7.16672650446022
7.32678299169914
7.11225834797891
7.36822752407756
7.39253961298712
7.3272903035992
7.25529119020326
7.09523941246439
7.12152220808673
7.04557432526144
7.09425821440425
7.38790760869565
7.08744373144335
7.29473847586528
7.19715461329242
7.28175891168751
7.18885311424448
7.19565187017088
7.40327061316837
7.2473926208366
7.36967903482814
7.30797065459551
7.46236834250139
7.28308612003761
7.15814638756845
7.23847852212068
7.04264174867003
7.36656122652532
7.21106996686806
7.42112385157752
7.3440800759928
7.27058361171154
7.38399614501545
7.3097360060727
7.39447614181498
7.31307883442512
7.21834440613349
7.03518968905011
6.85916129297244
6.87752300436301
6.93360832575747
7.3201646324964
7.29659163079529
7.45133171224208
7.48850386526388
7.49832499394147
7.37752323990351
7.57359653126426
7.48967677630642
7.60804278809027
7.71070367417929
7.76912930672117
7.4095739494979
7.51986986487065
7.39510806624901
7.58517248767945
7.39797722611217
7.29886182499511
7.12634559356577
7.25054344015146
7.16603382809803
7.13668422960051
7.01085241538272
7.16235124613829
7.38613048830529
7.18995072524117
7.1810287241149
7.50407363997599
7.44826017739368
7.41820858756742
7.42613141396398
7.44703616520437
7.44945015963108
7.485286555054
7.47898320083354
7.42456140350877
7.42557015283022
7.44015681561288
7.33641491030915
7.60758159744778
7.43092331680456
7.2511628560588
6.98935805012015
7.16390397855018
7.18760487750308
7.28699551569507
7.27338976400023
7.23822909346451
7.17160323627299
7.02592180917487
7.06928451108718
7.24075145732473
7.04647676161919
7.35731061999491
7.02056903559552
6.94349712165444
7.2268649636564
7.57857941033208
7.27761294295471
7.26918571005124
7.35200912663202
7.52577614029075
7.42085847464897
7.18788012827602
7.20294870712698
7.31614485684884
7.23121891753363
7.48498733528759
7.63799650586927
7.39576462663317
7.11699510792958
7.30471498944405
7.18291571124679
7.57783519291003
7.34042256272852
7.36583654857945
7.29566493565139
7.45855176234923
7.37139049941171
7.26685506661284
7.54472946755766
7.61948741630109
6.93445161643986
6.85173124932161
6.93153918150866
6.92083700142209
7.21006625466288
7.37306279864449
7.19162239075884
7.28727885425442
7.44746115763793
7.67651650957035
7.58421338828311
7.63767340267029
7.7590607452782
7.81930017988743
7.81636633576897
7.74094598700679
7.68827538004543
7.63159421972027
7.34232908767358
7.37502644010435
7.85031283201511
7.77875072971395
7.67610307909849
7.42041463690948
7.46396705559369
6.94084599230916
6.77388633284597
6.56110692223236
6.67690458703345
6.67946672435707
6.95778668276884
7.07170346082776
7.154302420375
6.8932091119608
7.09298306256481
7.14877173613028
7.23631621018974
7.43928335372456
7.56607755588417
7.60204448923764
7.5613827343672
7.42777762027613
7.47818861653511
7.50731278548682
7.71919603845034
7.45638515592575
7.34043759210974
7.38720309126037
7.5296677498318
7.51707777174379
7.31580354253718
7.45194705270507
7.49889090831032
7.49778857359487
7.66344349834031
7.71290529134408
7.81078269025044
7.54008377870865
7.28811896452648
7.20378617599017
7.28643928439795
6.9744543515125
7.19668584840301
7.06923981462268
7.22153534899404
7.47901442892076
7.67059845140748
7.62913366300527
7.57531949343665
7.68042439081264
7.51730398275275
7.3470293049433
7.33168840324286
7.25391514606236
7.42419060647515
7.24597291120896
7.22814081592708
7.41875540803155
7.34093478291209
7.49817901366811
7.30797284407788
7.23892624909687
7.36381172296298
7.39899169211106
7.45103604882203
7.51494449188728
7.48133195940319
7.63369794222056
7.71899392888118
7.91645859648092
7.942578102018
8.00568240673602
7.8962789334896
7.77914253962683
7.67723907469824
7.61858302964217
7.56159972398724
7.6627240403454
7.32820591560699
7.65331908564497
7.5482487491065
7.47312359614053
7.39752090758068
7.18175251430794
7.5956678700361
7.86845704704896
7.83361517004148
7.47746079674125
7.46332431277596
7.39738766538445
7.50402255478506
7.48498733528759
7.59624791390919
7.64856986174849
7.69174739602302
7.90719064785557
7.58582265460935
7.58033428267311
7.73282364785013
7.62666743413006
7.33535604773736
