o
62.8786737000754
63.6871848771497
63.0405303601025
62.6699313514894
62.2058889436651
61.8634757564061
61.5697088299828
61.6630749795645
61.4800871511361
60.8224249636388
61.4330936954528
61.1244424161232
61.3372737347617
61.1715073827681
61.4922190799117
61.9037681850704
60.9774016280232
61.5961912107144
62.0994607191407
62.3559692335319
62.1211668806545
61.4988685273106
62.048417132216
61.7605089482133
61.9926419113157
62.3560726141699
61.7265631955367
62.0612564274536
62.3531700309746
62.5656256562566
61.8822900899297
62.347608861498
62.0927215520198
62.5159059267354
62.420553619764
61.7534905114471
61.6285968555325
61.7807569106656
61.0039063647311
61.1037527593819
60.4756346658885
61.0208406923349
61.0466827574027
61.5765371904501
61.8493843316876
61.3329397003469
61.6307487225061
61.5157334909145
61.900584360549
61.6998919622904
62.376385975427
62.0405850691079
61.5877536489854
62.1388793502441
62.0706099760063
62.3315969103647
62.3213778037138
61.8406368573767
61.7951651486561
61.9813162090082
63.1189054350291
62.6595776636328
62.2637280537916
62.2022431637271
62.5328034790433
61.9086520608986
62.0388450817595
61.9725030568728
62.2168393666173
61.8963284865983
62.667147450344
62.2898892856609
62.7329005890131
62.8278546842825
62.7443903025928
62.7184524526937
62.8984851910468
62.1705958761963
61.9282090951014
62.5854428002704
62.4044829342843
62.3454847844653
62.1917316832571
61.6390622914844
61.7522192203782
62.0854140269807
61.6170590848512
61.6454607468043
62.1079983274595
62.7386715578675
62.9712286627661
63.1905554714697
63.0559995175055
63.2522368401133
62.7653488302069
60.2169323724248
61.2965672149074
60.7054482627348
60.7209792667213
61.4098675937569
62.4709811733341
63.0048465266559
62.569396512919
62.1985995610565
62.6322661983881
62.4186088284162
62.3187972621574
63.1666540585521
62.7911169877092
62.3869395565788
61.2855227684556
61.2711476909008
61.3184575198123
61.8065148611916
62.119294065083
62.7215379993992
62.3270976328264
62.2479161064802
62.7105389797883
62.9776457997317
61.193832015199
61.9202882367829
62.3430211697165
62.0569488294514
61.4909219942043
61.516112774599
61.5749314764057
61.0989269786132
62.3092573753815
62.607912318895
60.4143279926523
60.8943304266126
61.4956233244961
62.5065626640666
62.6304488190159
63.1418388304941
63.4826596181015
63.8437376109298
62.9630745135835
62.6265960479527
62.6896613886969
62.7312377801173
61.7362771154103
60.5728481660091
60.478569550355
61.3197789532788
62.0543572302276
61.1814657015229
61.1487481590574
61.6974213565713
62.3841969995816
61.5753343590958
61.6476935847267
61.7995041788519
61.2817069751656
62.1240993271006
62.1130952380952
61.826280623608
61.6341951255649
62.0306353558231
62.3093942474436
62.4635055621266
62.7661014909206
62.1375434202484
61.8984573732205
61.8731081963321
61.8593404637225
62.4027761158311
63.1114058755257
62.997107736804
63.8907516917637
63.3988313300433
62.7800667649093
62.3785464438399
62.2610513739546
61.0890360559235
61.2425511829606
61.3704541088502
62.0403180180448
62.3392162728089
61.5751507161796
62.1362700331274
62.198455494645
61.72363129072
62.1249664149028
61.8010069954997
61.7439703153989
62.0371060278668
62.4634617979044
61.3985890131948
61.608991422656
61.6488092591769
61.8872640176141
61.5715026290454
61.7287617124274
61.6822429906542
61.199221744001
61.408567330583
61.0896029911825
60.9140037593985
61.7507687279966
61.6989081414669
62.0711212991769
62.0993948066661
62.1938104910981
62.1511922881786
62.4203630694509
62.4803391404647
62.0717392599654
61.657347117367
61.7225235936687
61.751452626586
62.9972373605471
63.3066715142701
62.1866793984245
61.2997433552612
61.3052271083359
60.4420453716537
60.8108108108108
61.3780866479373
61.6288907690253
60.8040643721367
60.6627315761791
61.2440614948803
61.7062314540059
61.0492005461833
61.7515081275445
61.9228195404863
63.5316290239232
63.8391904660307
61.2624584717608
61.3450715667883
61.6667409818522
61.6316615813017
61.7725653206651
62.2509439875826
61.9932457562819
62.5318734063297
62.2637280537916
61.6255631965853
61.6832976954146
61.9649530275284
61.5106955827096
60.2840487854516
61.1199669382454
60.0635916198441
60.6002983939385
60.5825526932084
60.8882100687305
61.353769823691
61.3073188010095
60.4325143539973
60.4945840997343
60.7813486412285
60.5064363886088
62.5563096882696
60.9938653908245
61.3796367508726
61.3254934404917
60.8779943307827
61.3944270247885
61.1619894578757
61.2317182957245
60.7218124341412
61.4438415706915
62.3708097420689
62.6754958932084
63.1410401655564
63.1415052983236
63.5190785174829
63.4097525473071
62.5028076848205
62.5553172019622
61.9016471427722
62.2229518962404
61.090405550727
61.3975476436697
61.4947545980498
61.6125685489847
61.3844722972674
61.7867623084447
62.2145266740305
61.6960492621046
61.3972869935278
61.2121658443184
61.4526792184935
61.8151040893297
62.064748952415
61.9966954942618
61.6093384291767
62.9738488205592
62.1930282899157
61.9759766902539
62.8646375107413
62.3907750675888
62.2565770820587
62.1169874901218
61.2530574956532
60.6854750157387
60.7747758307449
62.1030030119584
62.7011096743151
61.9061073356432
61.6136919315403
61.5582724016459
61.2076218027246
62.0345913357509
61.5357280345879
61.7038334768536
61.0583845091529
60.7352704148168
60.3976874562018
60.5037348886842
60.8768500418877
61.1255232592418
61.5257072643562
61.628216898155
61.7863241517559
61.7763479756275
62.4373756860634
62.7744030793288
62.7864688998091
62.761443317584
62.4578746349135
63.2286588135542
63.4369120592341
63.5041151638473
63.3101378087051
62.144452717796
62.3494020982684
62.7737226277372
62.0160810005956
62.0237936104799
62.4990628139573
61.9674670797831
61.566031308778
61.0900320597665
61.3868106895687
61.2473308298358
61.9914012407206
62.3243437182324
62.6124505217704
62.6696459367455
63.1376876218692
62.8588651947856
61.3845881101525
61.8158594364984
61.1935241518495
61.3453444583918
61.3247201451263
62.8851224105461
62.4175955891166
62.62383668568
62.1589384225436
61.6305426747063
61.9159573834891
61.8547512589314
60.9408515264596
60.942276040442
60.9843867044637
62.1976709465512
62.0587972477884
61.9933237958989
61.7481956696071
62.0835631344374
62.1567574021013
61.8541394464901
62.5693632082546
62.9012327074354
63.0504070935484
63.3965125094769
63.0856280648812
63.408729858537
62.6679275303583
62.9450814725407
63.3833754980231
62.8946932131607
62.2814097390369
62.5281354101017
62.4812481248125
62.2990534013249
62.0360709494709
61.8917229679455
61.1360789803286
61.4307701414787
61.7768656494453
61.5209046581596
61.6381483348655
62.5140510483956
61.8686868686869
62.3262903081199
62.7810108118675
63.116906637689
63.736096297425
63.8777937006434
61.0978449927773
61.216668386374
60.5750686692771
61.5284398780091
60.6707406216193
61.9555203380066
