o
6.63141
6.63506
6.65965
6.66226
6.72267
6.72833
6.73177
6.74637
6.76073
6.76369
6.77692
6.79193
6.79605
6.81336
6.81429
6.81512
6.81713
6.81979
6.82296
6.82304
6.82543
6.8328
6.83775
6.83859
6.84239
6.84631
6.85134
6.86317
6.86729
6.86979
6.87064
6.87319
6.87521
6.87642
6.87678
6.87719
6.87802
6.87824
6.88165
6.88173
6.88418
6.88477
6.88612
6.88683
6.89225
6.89529
6.89588
6.90199
6.90381
6.90572
6.90594
6.90679
6.90689
6.90755
6.90808
6.90983
6.91082
6.91094
6.91146
6.91474
6.91802
6.9189
6.91895
6.92042
6.92276
6.92386
6.92609
6.92909
6.93013
6.93028
6.93052
6.9316
6.93215
6.93347
6.93562
6.9366
6.93744
6.93773
6.93812
6.94009
6.94153
6.94179
6.94182
6.9423
6.9424
6.94257
6.94281
6.94301
6.94513
6.94531
6.94692
6.94868
6.94987
6.95039
6.9514
6.95333
6.9534
6.9581
6.95915
6.95962
6.96087
6.96215
6.96223
6.96386
6.96523
6.96561
6.96673
6.96678
6.96912
6.96958
6.97024
6.97037
6.9706
6.97127
6.97226
6.97353
6.97416
6.97431
6.97443
6.97479
6.97589
6.97637
6.9764
6.97723
6.978
6.97868
6.97943
6.98018
6.98052
6.98082
6.98126
6.98691
6.98699
6.98852
6.98888
6.98984
6.99
6.99009
6.9904
6.99082
6.99111
6.99112
6.99145
6.99188
6.99275
6.99301
6.99318
6.99335
6.99344
6.99438
6.99551
6.9957
6.99727
6.99732
6.99911
6.99995
7.00121
7.00161
7.00203
7.00207
7.00337
7.00424
7.00586
7.00653
7.00754
7.00759
7.00787
7.00903
7.00935
7.00937
7.01015
7.01016
7.01036
7.01114
7.01153
7.01212
7.01226
7.01461
7.01464
7.01494
7.015
7.01516
7.01566
7.01623
7.01698
7.01737
7.01767
7.01902
7.01949
7.0208
7.02101
7.02109
7.02187
7.02228
7.02286
7.023
7.02634
7.02683
7.02705
7.02834
7.0291
7.0302
7.03055
7.03055
7.03089
7.0311
7.03238
7.03251
7.03341
7.0343
7.03488
7.035
7.0355
7.03572
7.03573
7.03825
7.03881
7.03883
7.03981
7.04208
7.04225
7.04234
7.04243
7.04252
7.04287
7.04443
7.04478
7.04767
7.04827
7.04833
7.04837
7.04846
7.04932
7.04944
7.04967
7.05168
7.0535
7.05378
7.05399
7.05509
7.05544
7.05559
7.05583
7.0562
7.05648
7.05818
7.05853
7.05955
7.05989
7.0599
7.05993
7.06
7.0601
7.06053
7.06157
7.06244
7.0634
7.06346
7.0642
7.06474
7.06583
7.06639
7.06705
7.06731
7.06758
7.06784
7.0686
7.06863
7.06938
7.06954
7.06975
7.07121
7.07135
7.07156
7.07173
7.07175
7.07236
7.07249
7.07271
7.0734
7.07388
7.07477
7.075
7.07512
7.0753
7.0753
7.07544
7.07567
7.07612
7.07623
7.07646
7.07679
7.07682
7.07712
7.07733
7.07791
7.07831
7.07851
7.07899
7.07995
7.08086
7.081
7.08136
7.08141
7.08146
7.08196
7.082
7.08221
7.08253
7.08291
7.08418
7.08428
7.08471
7.08487
7.08511
7.08574
7.08681
7.08795
7.08816
7.08845
7.08849
7.08946
7.08954
7.08957
7.08983
7.09069
7.09114
7.09114
7.09123
7.09149
7.09211
7.0922
7.09229
7.09246
7.09282
7.09282
7.09317
7.09397
7.0944
7.0945
7.0945
7.09451
7.09587
7.09602
7.09616
7.09644
7.09672
7.09696
7.09791
7.09805
7.09816
7.09824
7.09861
7.09952
7.09969
7.09976
7.09997
7.10027
7.10032
7.10094
7.10153
7.10192
7.10209
7.10275
7.10313
7.10316
7.10333
7.10471
7.10471
7.10484
7.10506
7.10519
7.10528
7.10544
7.10578
7.10674
7.10705
7.10713
7.1072
7.10759
7.10762
7.10772
7.10782
7.1083
7.10836
7.1085
7.10859
7.10898
7.10906
7.10933
7.10933
7.10939
7.10989
7.10992
7.11029
7.11048
7.11063
7.11089
7.1111
7.11149
7.11252
7.11275
7.11289
7.11296
7.11297
7.11359
7.11455
7.11478
7.11508
7.11806
7.11815
7.11854
7.11909
7.11975
7.11985
7.11986
7.12048
7.12067
7.1207
7.1214
7.12144
7.12218
7.12228
7.12235
7.12247
7.12298
7.12325
7.12359
7.12452
7.12452
7.12454
7.125
7.12503
7.12522
7.12601
7.12648
7.12658
7.12681
7.12722
7.12737
7.12761
7.12806
7.1282
7.12836
7.12863
7.12874
7.12908
7.12979
7.1305
7.13061
7.13095
7.13181
7.13261
7.13276
7.1335
7.13361
7.13378
7.13444
7.13457
7.13474
7.13517
7.13569
7.13624
7.13643
7.13651
7.13665
7.13685
7.13687
7.13688
7.13695
7.13696
7.13746
7.1377
7.13792
7.138
7.13814
7.13824
7.13843
7.13873
7.13878
7.13891
7.13896
7.139
7.13946
7.13956
7.1411
7.14117
7.14124
7.14187
7.14206
7.14223
7.14223
7.14241
7.14259
7.14446
7.14455
7.14456
7.14516
7.14544
7.14571
7.14572
7.1459
7.14631
7.14637
7.1465
7.14679
7.14688
7.14751
7.14874
7.14885
7.14965
7.15005
7.15054
7.1508
7.15098
7.15108
7.15147
7.15247
7.15265
7.15285
7.15308
7.15361
7.15508
7.15519
7.15557
7.15566
7.15577
7.15584
7.15608
7.15666
7.15688
7.15708
7.1573
7.15743
7.15746
7.15748
7.15769
7.15776
7.15786
7.15795
7.15832
7.15854
7.15907
7.15911
7.15964
7.15972
7.15993
7.16035
7.16074
7.1608
7.16089
7.16089
7.16142
7.16154
7.16163
7.16192
7.1622
7.16224
7.16227
7.16238
7.16249
7.16262
7.16266
7.16291
7.16309
7.16336
7.16373
7.16388
7.16395
7.16402
7.16405
7.16433
7.16437
7.1644
7.16482
7.16494
7.16497
7.16547
7.16552
7.1664
7.16679
7.16685
7.16706
7.16712
7.16743
7.1677
7.16774
7.16778
7.16783
7.1681
7.16814
7.16819
7.16819
7.16819
7.16832
7.16864
7.16891
7.16891
7.16926
7.16958
7.1698
7.16994
7.17012
7.17035
7.17048
7.17061
7.17077
7.17087
7.17089
7.17125
7.17126
7.17128
7.17204
7.17221
7.17226
7.17263
7.17297
7.17344
7.17362
7.17384
7.17384
7.17385
7.17439
7.17466
7.17487
7.17526
7.17544
7.17574
7.17576
7.1759
7.17601
7.17656
7.17673
7.17691
7.1773
7.17733
7.17745
7.17746
7.17761
7.17793
7.17799
7.17842
7.17874
7.18054
7.18097
7.18144
7.18151
7.18229
7.18256
7.18258
7.18275
7.18314
7.18355
7.18431
7.18463
7.18495
7.18506
7.18508
7.18542
7.18546
7.18563
7.18569
7.18634
7.18656
7.18676
7.18679
7.18686
7.18752
7.18813
7.18818
7.18874
7.1889
7.18902
7.19008
7.19018
7.19036
7.1912
7.19123
7.19138
7.19145
7.19164
7.19169
7.19179
7.19199
7.19208
7.19215
7.19216
7.19226
7.19262
7.19263
7.19298
7.193
7.19325
7.19326
7.19352
7.1938
7.19406
7.19442
7.19451
7.19461
7.19469
7.19506
7.19515
7.19551
7.19615
7.19622
7.1964
7.1973
7.19737
7.1974
7.1977
7.19794
7.19823
7.1983
7.19848
7.19851
7.19852
7.19891
7.19902
7.19917
7.19918
7.19966
7.19977
7.19989
7.20016
7.20028
7.20072
7.20084
7.20105
7.20128
7.2013
7.20175
7.20226
7.20241
7.20288
7.20291
7.20336
7.20338
7.20392
7.2044
7.20445
7.20465
7.20477
7.2051
7.20514
7.20515
7.20521
7.20526
7.20538
7.20553
7.20606
7.20608
7.2061
7.20618
7.20627
7.20649
7.20653
7.20682
7.20739
7.20752
7.20821
7.20833
7.20857
7.20871
7.20913
7.20962
7.2098
7.20986
7.21021
7.21023
7.21036
7.21053
7.21079
7.21178
7.21208
7.21226
7.2128
7.21284
7.21293
7.21309
7.21321
7.21339
7.21349
7.21352
7.21373
7.21398
7.21411
7.21418
7.2144
7.21444
7.21451
7.21472
7.21479
7.21481
7.21483
7.21499
7.21512
7.21515
7.21557
7.21566
7.21586
7.21648
7.2167
7.2169
7.21704
7.21711
7.21714
7.21788
7.2182
7.21828
7.2185
7.21859
7.21867
7.21868
7.21876
7.219
7.21918
7.21926
7.21985
7.2209
7.22094
7.22103
7.22108
7.22118
7.22162
7.2225
7.22266
7.22271
7.22279
7.22307
7.22308
7.22327
7.22338
7.22339
7.22362
7.22365
7.22376
7.22381
7.22385
7.22388
7.22437
7.22471
7.22513
7.22516
7.2254
7.22554
7.22567
7.22583
7.22591
7.22603
7.22683
7.22723
7.2273
7.22762
7.22791
7.22834
7.22837
7.22842
7.22864
7.22882
7.22892
7.22895
7.22943
7.22947
7.22983
7.23011
7.23031
7.23049
7.23049
7.23062
7.23081
7.23083
7.23095
7.231
7.23108
7.23126
7.23135
7.23164
7.23178
7.23195
7.23222
7.23242
7.23289
7.23293
7.23314
7.2332
7.23323
7.23339
7.23361
7.23379
7.23435
7.23447
7.23479
7.23486
7.23528
7.23545
7.23553
7.23554
7.23578
7.23587
7.23629
7.23637
7.23651
7.23697
7.23698
7.2372
7.23729
7.2373
7.23747
7.23764
7.23792
7.2383
7.23834
7.23969
7.23986
7.23989
7.2399
7.24003
7.24008
7.2408
7.24085
7.24112
7.24171
7.24217
7.24254
7.24261
7.24261
7.24291
7.2431
7.24356
7.24363
7.24363
7.24372
7.24375
7.24392
7.24407
7.24418
7.24429
7.24438
7.24447
7.24456
7.2449
7.2452
7.2452
7.24527
7.24528
7.24528
7.24547
7.24555
7.2461
7.24611
7.24647
7.24656
7.24665
7.24665
7.24683
7.24692
7.24692
7.24693
7.24738
7.24747
7.24774
7.24785
7.24801
7.2482
7.24849
7.24876
7.24899
7.249
7.24904
7.24909
7.24919
7.2493
7.24938
7.24959
7.24977
7.24985
7.25001
7.25002
7.25006
7.25046
7.25057
7.25066
7.2511
7.25113
7.25125
7.25297
7.25321
7.2534
7.25343
7.25354
7.2536
7.25368
7.25385
7.25394
7.25399
7.25409
7.25425
7.2543
7.25449
7.25452
7.25481
7.25505
7.25534
7.25534
7.2554
7.2556
7.25572
7.25583
7.25677
7.25728
7.25755
7.25784
7.25787
7.25798
7.25809
7.25816
7.25854
7.25861
7.25867
7.25877
7.25884
7.25897
7.25928
7.25939
7.25944
7.25944
7.25957
7.25966
7.25967
7.25985
7.25985
7.26001
7.26008
7.26031
7.26037
7.26068
7.26075
7.26075
7.26079
7.26169
7.26182
7.26187
7.2621
7.26245
7.26256
7.26295
7.26299
7.26319
7.26319
7.26325
7.26328
7.26334
7.26341
7.26353
7.26353
7.26356
7.2638
7.26395
7.26417
7.2642
7.26423
7.26456
7.26466
7.26477
7.26492
7.26532
7.26551
7.26551
7.26559
7.26575
7.26612
7.26617
7.26632
7.26636
7.2664
7.26653
7.26686
7.26699
7.26748
7.26759
7.26799
7.26803
7.26903
7.26915
7.26921
7.26974
7.26999
7.27008
7.27012
7.27017
7.2703
7.27041
7.27047
7.27048
7.2707
7.27071
7.27084
7.27093
7.27103
7.27141
7.27145
7.27162
7.27186
7.27195
7.272
7.27209
7.27319
7.27319
7.27323
7.27328
7.27337
7.27374
7.27395
7.2741
7.27415
7.27425
7.27428
7.27446
7.27466
7.27474
7.2748
7.27497
7.27542
7.27545
7.27548
7.27561
7.27563
7.27565
7.27619
7.27655
7.27677
7.27689
7.27723
7.27762
7.27765
7.27765
7.27775
7.27826
7.27826
7.27885
7.27889
7.279
7.27912
7.27964
7.2797
7.27972
7.28006
7.28012
7.28047
7.28075
7.28081
7.28082
7.28115
7.28119
7.28122
7.28125
7.28134
7.28149
7.28229
7.28234
7.28242
7.28246
7.28253
7.28315
7.2833
7.28349
7.2839
7.28399
7.28401
7.28416
7.28442
7.28463
7.28479
7.28506
7.28515
7.28522
7.28595
7.28627
7.28671
7.28685
7.28699
7.28736
7.28751
7.28773
7.28791
7.28808
7.28812
7.28844
7.28865
7.2889
7.28896
7.28912
7.28926
7.28933
7.28957
7.28976
7.29008
7.29028
7.29031
7.29059
7.29074
7.29083
7.29093
7.2912
7.29125
7.29144
7.29198
7.29219
7.29289
7.29294
7.2931
7.29311
7.29314
7.29319
7.29329
7.29333
7.29348
7.29352
7.29358
7.29377
7.29394
7.294
7.29409
7.29449
7.29474
7.29476
7.29484
7.29505
7.29512
7.29533
7.29536
7.29541
7.29557
7.29562
7.29578
7.29613
7.29621
7.29624
7.29643
7.29668
7.29685
7.2976
7.29779
7.29798
7.29807
7.29808
7.29818
7.29825
7.29881
7.29899
7.29899
7.29908
7.29909
7.29909
7.29945
7.29973
7.29982
7.29983
7.30001
7.30001
7.30028
7.30047
7.30057
7.30072
7.30084
7.30093
7.3011
7.30122
7.30158
7.30177
7.30185
7.30186
7.3025
7.30259
7.30264
7.30295
7.30312
7.30352
7.30356
7.30374
7.30381
7.30391
7.30397
7.30415
7.30423
7.30434
7.30486
7.30517
7.3054
7.30564
7.30566
7.30621
7.30634
7.30635
7.30637
7.3064
7.30672
7.30694
7.30713
7.30735
7.30773
7.30782
7.3079
7.30801
7.30805
7.30807
7.30808
7.30813
7.30816
7.30821
7.30856
7.30897
7.30899
7.30916
7.30935
7.30937
7.3095
7.30979
7.30979
7.31055
7.31071
7.31075
7.31076
7.31083
7.311
7.31212
7.31233
7.31273
7.31289
7.31303
7.31317
7.31336
7.31383
7.31391
7.31397
7.31443
7.31466
7.31512
7.31547
7.31549
7.31557
7.31574
7.31587
7.31605
7.31614
7.31615
7.31618
7.31679
7.31682
7.31689
7.31695
7.31732
7.31769
7.31797
7.31843
7.31856
7.31902
7.31911
7.31912
7.31945
7.31951
7.31951
7.31981
7.32024
7.32029
7.32048
7.3209
7.32099
7.32112
7.32137
7.32142
7.32156
7.32167
7.32183
7.32188
7.32195
7.32207
7.32218
7.32239
7.3224
7.32256
7.32277
7.32304
7.32305
7.32314
7.32318
7.32369
7.32369
7.32371
7.32385
7.32392
7.32426
7.32438
7.32462
7.32471
7.32507
7.32518
7.32545
7.32573
7.32591
7.32601
7.32605
7.3261
7.32619
7.32624
7.32638
7.32642
7.32647
7.32675
7.32675
7.32689
7.32698
7.32727
7.32783
7.32789
7.3289
7.32899
7.32996
7.33024
7.33044
7.3306
7.33091
7.331
7.33114
7.33168
7.33175
7.33182
7.3319
7.33201
7.33206
7.33213
7.33213
7.33344
7.33354
7.33409
7.33416
7.33437
7.33444
7.3345
7.33471
7.33534
7.33574
7.33584
7.33606
7.33618
7.33627
7.3363
7.33644
7.33646
7.33657
7.33666
7.33689
7.33725
7.33731
7.33798
7.33819
7.3384
7.33842
7.33876
7.33886
7.33896
7.33943
7.33973
7.33987
7.34017
7.34018
7.34041
7.34052
7.34056
7.34065
7.34089
7.34107
7.34117
7.34127
7.34135
7.34168
7.34168
7.34175
7.34181
7.34183
7.3422
7.34237
7.34266
7.3427
7.34287
7.34295
7.34316
7.34318
7.34346
7.34351
7.34351
7.34369
7.3445
7.34496
7.34523
7.34525
7.34549
7.34557
7.34618
7.34626
7.3464
7.34648
7.347
7.34721
7.34772
7.3479
7.34812
7.34812
7.34816
7.34825
7.34838
7.34863
7.34907
7.3492
7.34921
7.34925
7.34977
7.34995
7.35012
7.35014
7.35061
7.35061
7.35135
7.35145
7.35172
7.35192
7.3521
7.3521
7.3522
7.35228
7.35229
7.35239
7.35247
7.35266
7.35276
7.35285
7.35313
7.35369
7.35387
7.35388
7.35444
7.355
7.35505
7.35528
7.35573
7.35573
7.35653
7.35679
7.35705
7.35706
7.35779
7.35809
7.35817
7.35859
7.3587
7.35881
7.35881
7.35935
7.35941
7.35976
7.36035
7.36046
7.36094
7.36097
7.36101
7.36122
7.36126
7.36133
7.3619
7.36201
7.36227
7.36259
7.36265
7.36265
7.36319
7.36328
7.36336
7.36347
7.3639
7.36392
7.36405
7.36434
7.36463
7.36466
7.36514
7.36519
7.36542
7.36554
7.36594
7.36625
7.36644
7.36669
7.36711
7.3672
7.36723
7.3676
7.36767
7.3677
7.36882
7.36904
7.36938
7.36941
7.36946
7.36963
7.36971
7.36975
7.36975
7.36975
7.36992
7.37026
7.37032
7.37057
7.37057
7.37088
7.3711
7.37184
7.37248
7.37263
7.37278
7.37291
7.37295
7.37309
7.37331
7.37334
7.37339
7.37435
7.37485
7.37541
7.37566
7.37573
7.3762
7.37629
7.3766
7.37695
7.37704
7.37728
7.37728
7.37736
7.37745
7.37755
7.37781
7.37792
7.37799
7.37837
7.37872
7.3789
7.37895
7.37895
7.37904
7.3795
7.37998
7.38017
7.38049
7.38082
7.38121
7.38129
7.38131
7.38153
7.38157
7.38187
7.38213
7.38241
7.38299
7.38318
7.3832
7.38326
7.38351
7.38362
7.38375
7.38389
7.38405
7.3843
7.38465
7.38466
7.38494
7.38508
7.38549
7.38567
7.38568
7.38575
7.38605
7.38644
7.38676
7.38678
7.38678
7.38678
7.38708
7.38718
7.38723
7.38729
7.38739
7.38776
7.38776
7.38813
7.38813
7.38854
7.38866
7.38916
7.38916
7.38941
7.38973
7.38979
7.38988
7.38997
7.3906
7.39095
7.39103
7.39116
7.39123
7.39136
7.39148
7.39172
7.3918
7.39252
7.39256
7.39258
7.39311
7.39332
7.39343
7.3935
7.39355
7.39364
7.39383
7.39386
7.3939
7.39405
7.39417
7.39423
7.3943
7.39454
7.3954
7.39559
7.39567
7.39581
7.39632
7.39647
7.39664
7.39666
7.39729
7.39738
7.39751
7.39774
7.39784
7.39816
7.39835
7.39848
7.39848
7.39885
7.39975
7.39983
7.39993
7.39997
7.40017
7.40024
7.40034
7.40044
7.4006
7.4008
7.40086
7.40098
7.40099
7.40117
7.4012
7.40121
7.40129
7.40144
7.40155
7.40186
7.40188
7.4019
7.40192
7.40215
7.40223
7.40233
7.40252
7.40257
7.40277
7.40303
7.4033
7.40333
7.40346
7.40351
7.40362
7.40363
7.40398
7.40428
7.40466
7.40533
7.40533
7.40534
7.40553
7.4058
7.40589
7.40637
7.40703
7.40703
7.40712
7.40713
7.40759
7.40779
7.40797
7.40844
7.40844
7.40854
7.40854
7.40929
7.40939
7.40957
7.40966
7.40986
7.41016
7.41041
7.41054
7.41092
7.41098
7.41127
7.41204
7.41206
7.41252
7.41254
7.41289
7.4133
7.41335
7.41336
7.41348
7.41371
7.41385
7.41411
7.41413
7.41452
7.4147
7.41496
7.41501
7.41532
7.41542
7.41554
7.41568
7.4158
7.41581
7.41591
7.41595
7.4162
7.41622
7.41645
7.41661
7.41674
7.41686
7.4169
7.41699
7.41699
7.41728
7.41746
7.41747
7.41772
7.41815
7.41815
7.4184
7.41853
7.41859
7.41859
7.41882
7.41898
7.41906
7.41919
7.41939
7.41966
7.41967
7.42008
7.4203
7.42032
7.42061
7.42063
7.42101
7.42108
7.42129
7.42179
7.42207
7.42217
7.42224
7.42234
7.42235
7.4224
7.42264
7.42273
7.4231
7.4235
7.4235
7.42387
7.42418
7.42464
7.4247
7.42486
7.42489
7.42503
7.42531
7.42533
7.42539
7.42546
7.42562
7.42565
7.42593
7.42609
7.42632
7.42657
7.42675
7.42691
7.42704
7.42774
7.42805
7.42809
7.42864
7.42925
7.42942
7.4295
7.42978
7.42999
7.43028
7.4306
7.43082
7.43085
7.4313
7.43147
7.43151
7.43173
7.43178
7.43243
7.43261
7.43297
7.43409
7.43409
7.43418
7.43423
7.43428
7.4349
7.43494
7.43509
7.43513
7.43513
7.43523
7.43528
7.43542
7.43547
7.43566
7.43576
7.43585
7.43623
7.43632
7.43649
7.43664
7.43667
7.4367
7.43675
7.43688
7.43703
7.43716
7.43722
7.43761
7.43762
7.4377
7.43785
7.43805
7.43814
7.43819
7.43822
7.43835
7.43865
7.43865
7.43883
7.43933
7.43953
7.43957
7.43975
7.43991
7.44004
7.44038
7.44059
7.44063
7.44069
7.44109
7.44112
7.44123
7.44135
7.44144
7.44151
7.44179
7.44246
7.44282
7.4429
7.4433
7.44331
7.44353
7.44353
7.44375
7.44379
7.44382
7.44436
7.44445
7.44461
7.44471
7.4449
7.44522
7.44622
7.44637
7.44653
7.44665
7.44688
7.447
7.44711
7.44738
7.44755
7.44757
7.44786
7.44793
7.44838
7.44858
7.44865
7.44865
7.4487
7.44881
7.44915
7.44938
7.44957
7.44964
7.44967
7.4497
7.45
7.45019
7.4505
7.45107
7.45111
7.45118
7.45138
7.45145
7.45164
7.45174
7.45231
7.45254
7.45294
7.45303
7.45313
7.45323
7.45343
7.4535
7.45354
7.45378
7.45378
7.45398
7.45438
7.45474
7.4549
7.45531
7.45561
7.45604
7.45604
7.45629
7.4563
7.4564
7.45646
7.45664
7.45676
7.45703
7.45704
7.45716
7.45717
7.45742
7.45743
7.45751
7.45774
7.45783
7.45798
7.45818
7.45821
7.45826
7.45861
7.45964
7.46049
7.46049
7.46076
7.46077
7.46088
7.46088
7.46183
7.46192
7.46231
7.46259
7.46307
7.46326
7.46335
7.46336
7.46345
7.46354
7.46364
7.46374
7.46393
7.46422
7.4644
7.46443
7.46451
7.46498
7.46554
7.46586
7.46692
7.46745
7.46747
7.46749
7.46799
7.46834
7.46897
7.46914
7.4692
7.46931
7.46967
7.46988
7.47
7.47032
7.47079
7.4709
7.47094
7.47098
7.47107
7.47111
7.47122
7.4714
7.47158
7.47206
7.47222
7.47235
7.47265
7.47307
7.47325
7.4733
7.47348
7.47353
7.47365
7.47367
7.47371
7.47382
7.47386
7.47398
7.47399
7.47403
7.47407
7.47415
7.47433
7.47434
7.47445
7.47534
7.47599
7.47626
7.47627
7.47668
7.47678
7.47695
7.47702
7.47707
7.47726
7.47736
7.47749
7.4775
7.47771
7.47807
7.47811
7.47826
7.4783
7.47845
7.47882
7.47919
7.47922
7.4803
7.48062
7.48082
7.48091
7.48101
7.48136
7.48155
7.48159
7.48168
7.48171
7.48174
7.48188
7.48197
7.48213
7.48245
7.48307
7.4831
7.48342
7.48396
7.48422
7.48428
7.48433
7.48478
7.48482
7.4852
7.48563
7.48567
7.48572
7.48586
7.48608
7.48611
7.4863
7.48641
7.48648
7.48699
7.48767
7.4877
7.48778
7.48866
7.48871
7.48886
7.48889
7.48908
7.48908
7.4892
7.48968
7.4903
7.49054
7.49064
7.49137
7.49141
7.49146
7.4917
7.49183
7.49199
7.49201
7.49285
7.49314
7.49319
7.49351
7.49351
7.49353
7.49363
7.49394
7.49469
7.4947
7.49536
7.49542
7.49556
7.49585
7.49602
7.49631
7.49648
7.49671
7.49763
7.49839
7.49878
7.49923
7.49929
7.49932
7.49932
7.49933
7.49981
7.50013
7.50055
7.50061
7.50067
7.50068
7.50117
7.50125
7.50126
7.50172
7.50185
7.50193
7.50333
7.5036
7.50392
7.50397
7.50517
7.50534
7.50576
7.50598
7.50652
7.50686
7.50726
7.50741
7.50755
7.50782
7.50847
7.50869
7.50903
7.50934
7.50937
7.50953
7.50977
7.51021
7.51026
7.51037
7.51042
7.51052
7.51153
7.51185
7.51218
7.51237
7.51257
7.51262
7.51267
7.51275
7.51278
7.51311
7.51315
7.51322
7.51432
7.51471
7.51487
7.51506
7.51511
7.51512
7.51523
7.51524
7.51528
7.51552
7.5157
7.51627
7.5166
7.51725
7.51734
7.51744
7.51822
7.5188
7.51889
7.51899
7.51908
7.51918
7.51957
7.51996
7.51997
7.52005
7.52016
7.52065
7.52066
7.52093
7.52131
7.52133
7.52134
7.52151
7.52161
7.5217
7.52287
7.52296
7.52333
7.52335
7.5236
7.52363
7.52367
7.52383
7.52447
7.5245
7.52477
7.5248
7.52497
7.52553
7.52561
7.52604
7.52631
7.52683
7.52748
7.52749
7.52759
7.52781
7.52815
7.52839
7.52865
7.52868
7.52906
7.5292
7.52971
7.52973
7.53062
7.53095
7.53099
7.5311
7.53119
7.53128
7.53138
7.53157
7.53194
7.53196
7.53199
7.53237
7.53288
7.53349
7.53357
7.53388
7.53405
7.53423
7.5352
7.53542
7.53571
7.53577
7.53581
7.53592
7.5362
7.5362
7.53636
7.53638
7.53675
7.53685
7.53703
7.53704
7.53707
7.53727
7.53736
7.53737
7.53804
7.53824
7.53851
7.53892
7.53931
7.5407
7.54075
7.54082
7.54107
7.54125
7.54175
7.54222
7.54225
7.54259
7.54271
7.54403
7.54431
7.54445
7.54453
7.54499
7.54541
7.54543
7.54589
7.54619
7.54639
7.54663
7.54732
7.54736
7.54751
7.54766
7.54785
7.54795
7.54804
7.5484
7.54861
7.54886
7.54887
7.54893
7.54971
7.5498
7.55018
7.55024
7.55039
7.55042
7.55045
7.55056
7.55064
7.55106
7.55219
7.55273
7.55297
7.55318
7.5533
7.55365
7.55499
7.55501
7.55502
7.55561
7.55654
7.55677
7.55697
7.55756
7.55758
7.55955
7.55978
7.56048
7.56073
7.56093
7.56151
7.5618
7.56197
7.56222
7.56269
7.56287
7.56313
7.56324
7.56345
7.56363
7.56377
7.56379
7.56383
7.56391
7.56412
7.5642
7.56422
7.56435
7.56502
7.56552
7.56563
7.56575
7.56581
7.56611
7.56652
7.56754
7.56762
7.56796
7.56853
7.56855
7.56915
7.56924
7.56982
7.5701
7.57139
7.57185
7.57214
7.57216
7.57272
7.57338
7.5734
7.57359
7.5739
7.57409
7.5742
7.57439
7.57586
7.57625
7.57743
7.57761
7.57793
7.57852
7.57881
7.57987
7.58004
7.58019
7.58024
7.58062
7.58244
7.58267
7.58297
7.58357
7.58361
7.58479
7.58538
7.58627
7.58645
7.58663
7.58688
7.58757
7.58869
7.58937
7.58971
7.58979
7.58991
7.59021
7.59023
7.59041
7.59091
7.59103
7.59179
7.59204
7.59252
7.59286
7.59332
7.59334
7.59352
7.59366
7.59409
7.59418
7.59477
7.59526
7.59562
7.59566
7.59599
7.59674
7.59698
7.59772
7.59787
7.59916
7.59956
7.59971
7.60087
7.60093
7.60104
7.60194
7.60264
7.60277
7.60279
7.60285
7.60361
7.60363
7.60412
7.60476
7.60505
7.60515
7.60541
7.60649
7.60686
7.60699
7.60729
7.60753
7.60778
7.60803
7.60889
7.60928
7.60935
7.60947
7.60966
7.60977
7.60981
7.61017
7.61142
7.61176
7.61179
7.61181
7.61258
7.61264
7.61372
7.61415
7.61418
7.61435
7.61464
7.61481
7.61501
7.61534
7.61563
7.61597
7.61611
7.61646
7.617
7.61767
7.61791
7.61821
7.61885
7.61905
7.61967
7.62114
7.62118
7.62124
7.62138
7.62165
7.62211
7.62213
7.62256
7.62276
7.62348
7.62375
7.62465
7.62465
7.62532
7.62604
7.62608
7.62634
7.62673
7.62732
7.6291
7.62924
7.62963
7.62982
7.63062
7.63088
7.63111
7.6313
7.63249
7.63309
7.63369
7.63379
7.63418
7.63527
7.63538
7.63648
7.63687
7.63855
7.63883
7.63952
7.63963
7.64016
7.64125
7.64157
7.64198
7.64216
7.64219
7.64236
7.64278
7.64281
7.64285
7.64321
7.64442
7.64484
7.64552
7.64582
7.64595
7.64614
7.64724
7.64783
7.6501
7.6511
7.65329
7.65396
7.65416
7.65495
7.65517
7.65527
7.65844
7.65909
7.66074
7.66091
7.66234
7.66299
7.66309
7.66399
7.66484
7.66493
7.66499
7.66552
7.66567
7.66666
7.66695
7.66839
7.66893
7.67002
7.67082
7.67167
7.67167
7.67247
7.6731
7.67401
7.67456
7.67487
7.67531
7.6757
7.67643
7.67759
7.67797
7.68002
7.68053
7.68211
7.68423
7.68427
7.68687
7.68699
7.68707
7.6871
7.68809
7.6908
7.69089
7.69141
7.6916
7.6934
7.6939
7.69423
7.69493
7.69551
7.69625
7.69791
7.69848
7.70103
7.70143
7.70202
7.70426
7.7046
7.70521
7.70606
7.70645
7.70756
7.70769
7.7086
7.70867
7.70966
7.70987
7.70991
7.71285
7.7132
7.71325
7.71461
7.71475
7.71489
7.71503
7.71542
7.71774
7.71775
7.71792
7.71817
7.71874
7.7192
7.72014
7.72051
7.72638
7.72757
7.72808
7.72834
7.72867
7.73002
7.73047
7.73229
7.73247
7.73325
7.73351
7.73802
7.73806
7.74022
7.74615
7.74618
7.74666
7.74729
7.74942
7.75032
7.75173
7.75235
7.75254
7.75368
7.75427
7.7543
7.75528
7.7553
7.75713
7.75715
7.75832
7.75877
7.75902
7.76005
7.76141
7.76148
7.7633
7.76344
7.76567
7.7666
7.76709
7.7676
7.76765
7.76868
7.76925
7.7698
7.77116
7.77323
7.77713
7.77769
7.77803
7.7781
7.77874
7.7821
7.78241
7.78383
7.78512
7.7872
7.7873
7.79146
7.79582
7.79645
7.80089
7.80193
7.80332
7.80512
7.8063
7.81055
7.81362
7.81437
7.82229
7.82756
7.82859
7.83218
7.83224
7.83389
7.83394
7.83769
7.83827
7.83841
7.84582
7.8485
7.85466
7.85748
7.85936
7.86067
7.86243
7.86351
7.87213
7.87486
7.87756
7.87894
7.90498
7.91356
7.91427
7.94214
7.95462
7.95533
7.96091
7.9891
8.07633
7.33854726736111
