o
13.6531
13.7837
13.8507
13.9486
13.956
14.0163
14.0204
14.0313
14.0756
14.0756
14.0987
14.0998
14.1023
14.1034
14.1049
14.1442
14.1672
14.1713
14.1725
14.1814
14.1866
14.187
14.2044
14.2075
14.2109
14.2141
14.2197
14.2248
14.2317
14.2346
14.2392
14.2463
14.2492
14.2506
14.258
14.2582
14.2626
14.2673
14.2758
14.2782
14.2845
14.2846
14.2861
14.2872
14.2882
14.289
14.2943
14.2947
14.3049
14.3161
14.3191
14.3197
14.3271
14.3276
14.3291
14.33
14.3334
14.341
14.3423
14.345
14.3469
14.348
14.3489
14.35
14.3578
14.3583
14.3593
14.3601
14.3656
14.3675
14.3682
14.369
14.3704
14.3747
14.3752
14.3773
14.3779
14.3827
14.3832
14.3847
14.3884
14.3919
14.3924
14.3953
14.3981
14.3992
14.4001
14.4004
14.4007
14.4021
14.4026
14.4028
14.406
14.406
14.4065
14.4067
14.4076
14.4076
14.4089
14.4089
14.4097
14.4112
14.412
14.4133
14.4136
14.4138
14.4149
14.4153
14.4154
14.4155
14.4164
14.4166
14.4187
14.4211
14.4214
14.4224
14.4228
14.424
14.4268
14.4269
14.429
14.4301
14.4313
14.4318
14.4326
14.4339
14.4343
14.4347
14.4429
14.4434
14.4446
14.4493
14.4502
14.4516
14.4517
14.4528
14.454
14.4552
14.4558
14.456
14.4586
14.4639
14.4639
14.4651
14.4663
14.4665
14.4679
14.468
14.4681
14.4689
14.4697
14.4726
14.4729
14.4752
14.4772
14.4779
14.4792
14.4794
14.4821
14.4825
14.4834
14.4847
14.4882
14.4887
14.4893
14.4894
14.492
14.4933
14.494
14.495
14.4982
14.4995
14.5003
14.5008
14.5017
14.5024
14.5047
14.5061
14.5075
14.5078
14.5079
14.5082
14.5093
14.5097
14.5103
14.5133
14.5142
14.5157
14.5163
14.5165
14.5183
14.5185
14.521
14.521
14.5211
14.5234
14.5255
14.5274
14.5281
14.529
14.529
14.5291
14.5305
14.5311
14.5318
14.5327
14.5338
14.5344
14.5345
14.5348
14.5368
14.5372
14.5385
14.539
14.5398
14.5408
14.5409
14.5418
14.5422
14.5425
14.5429
14.5466
14.5491
14.5498
14.5508
14.5541
14.5546
14.5554
14.5567
14.5574
14.559
14.5621
14.5628
14.5646
14.5654
14.5665
14.5678
14.568
14.5683
14.5684
14.569
14.5693
14.5702
14.5711
14.5713
14.5714
14.5735
14.5738
14.5749
14.5759
14.5763
14.578
14.58
14.5811
14.5811
14.5817
14.582
14.5824
14.5834
14.5835
14.5838
14.584
14.584
14.5846
14.585
14.585
14.5854
14.5857
14.5861
14.5871
14.5875
14.5875
14.588
14.5884
14.5885
14.5887
14.5893
14.5901
14.5903
14.591
14.5911
14.5924
14.5927
14.5933
14.5934
14.5935
14.5945
14.5976
14.5989
14.5992
14.5998
14.6
14.6013
14.602
14.6035
14.6054
14.6056
14.6065
14.6065
14.6067
14.6078
14.6088
14.609
14.609
14.6104
14.612
14.6122
14.6123
14.6134
14.6136
14.6139
14.6146
14.6147
14.616
14.6162
14.6165
14.6173
14.6177
14.6192
14.6199
14.6216
14.6221
14.6232
14.6238
14.6245
14.6254
14.6257
14.6264
14.6277
14.6286
14.6291
14.6292
14.6298
14.6312
14.6315
14.6327
14.633
14.6342
14.6344
14.6348
14.6353
14.6359
14.6364
14.6371
14.6381
14.6389
14.6399
14.6414
14.6428
14.6434
14.6444
14.6449
14.6453
14.6454
14.6472
14.6475
14.6483
14.649
14.6496
14.6496
14.6506
14.6506
14.6508
14.6511
14.6512
14.6524
14.653
14.6539
14.654
14.6546
14.6555
14.6565
14.6568
14.6572
14.6582
14.6586
14.6589
14.659
14.6593
14.6602
14.6604
14.6613
14.6614
14.6615
14.6633
14.6635
14.6638
14.6647
14.6649
14.6655
14.6655
14.6673
14.6677
14.6681
14.6681
14.6683
14.6685
14.6693
14.6712
14.6713
14.6722
14.6723
14.6724
14.6735
14.6748
14.6757
14.6765
14.6771
14.6771
14.6777
14.6779
14.6782
14.6796
14.6819
14.6827
14.6827
14.6832
14.6832
14.6839
14.6846
14.6856
14.6858
14.6873
14.6877
14.688
14.6881
14.6887
14.6889
14.6891
14.6897
14.6903
14.6909
14.6913
14.6916
14.6924
14.6926
14.6929
14.6933
14.6942
14.6943
14.6947
14.6948
14.6952
14.6958
14.6963
14.6969
14.6991
14.6999
14.7006
14.701
14.7033
14.7034
14.7044
14.7048
14.7049
14.7053
14.7055
14.7061
14.707
14.707
14.7072
14.7074
14.7078
14.7079
14.7089
14.7095
14.7104
14.7104
14.711
14.7113
14.7115
14.7121
14.7122
14.713
14.7132
14.7139
14.7141
14.7145
14.7145
14.7153
14.7154
14.7162
14.7184
14.7188
14.7204
14.7205
14.7206
14.7209
14.7209
14.7219
14.722
14.723
14.7248
14.725
14.7252
14.7258
14.726
14.7264
14.7267
14.7267
14.7282
14.7288
14.7291
14.7293
14.7296
14.7296
14.73
14.7301
14.7308
14.7314
14.7321
14.7328
14.7329
14.7339
14.7343
14.7344
14.7353
14.736
14.7367
14.7377
14.7385
14.7409
14.741
14.7424
14.7425
14.7429
14.7456
14.7468
14.7475
14.7487
14.7487
14.7499
14.7499
14.75
14.7505
14.7509
14.752
14.7538
14.7539
14.756
14.7561
14.7562
14.7563
14.7565
14.7566
14.7571
14.7573
14.7576
14.7594
14.7594
14.7601
14.7606
14.7608
14.7625
14.7626
14.7627
14.7639
14.7647
14.7648
14.7658
14.7662
14.7664
14.7668
14.7672
14.7681
14.7683
14.7687
14.7694
14.7699
14.7703
14.772
14.7722
14.7724
14.7728
14.7729
14.7734
14.7735
14.7736
14.7743
14.7756
14.7763
14.7768
14.7771
14.7779
14.7781
14.7787
14.7789
14.7792
14.7793
14.7801
14.7802
14.7811
14.7813
14.7822
14.7824
14.7825
14.7846
14.7846
14.7848
14.7851
14.7851
14.7853
14.7858
14.7861
14.7868
14.7879
14.7883
14.7888
14.7889
14.7889
14.7894
14.7902
14.7902
14.7911
14.7911
14.7913
14.7918
14.7918
14.792
14.7925
14.7943
14.7949
14.7952
14.7953
14.7962
14.7963
14.7967
14.7979
14.7986
14.7986
14.7993
14.8002
14.8015
14.8017
14.802
14.8047
14.8051
14.8057
14.8059
14.8065
14.8067
14.8068
14.8074
14.8075
14.8078
14.808
14.8084
14.8085
14.8086
14.8096
14.8097
14.8114
14.8125
14.8127
14.8143
14.8151
14.8159
14.8167
14.8171
14.8174
14.818
14.8183
14.8185
14.821
14.8215
14.8219
14.8221
14.8234
14.8239
14.8239
14.8251
14.8261
14.8268
14.8276
14.8281
14.8283
14.8294
14.8299
14.8303
14.8308
14.8314
14.8319
14.832
14.8325
14.8327
14.8328
14.8328
14.834
14.8346
14.8356
14.8363
14.8363
14.8368
14.837
14.8373
14.8378
14.8381
14.8383
14.8391
14.8396
14.8398
14.8414
14.8421
14.8428
14.8438
14.8446
14.8452
14.8461
14.8468
14.8471
14.8478
14.8485
14.8486
14.8487
14.8495
14.8516
14.8518
14.852
14.8528
14.8531
14.8537
14.8543
14.855
14.8551
14.8554
14.8555
14.8555
14.8555
14.8556
14.856
14.857
14.8593
14.8597
14.8613
14.8615
14.8624
14.8625
14.8626
14.8629
14.8633
14.8635
14.8635
14.8645
14.8649
14.8659
14.8664
14.8666
14.8675
14.8684
14.8685
14.8686
14.8688
14.8689
14.8689
14.8694
14.8697
14.8698
14.8705
14.8705
14.871
14.8726
14.8733
14.874
14.8747
14.8747
14.8754
14.8754
14.8757
14.8767
14.8772
14.8774
14.8783
14.8789
14.8793
14.8794
14.8795
14.8803
14.8815
14.8818
14.8829
14.8834
14.8836
14.8837
14.8839
14.8843
14.8852
14.8855
14.8859
14.8861
14.8864
14.8878
14.8883
14.8886
14.8889
14.8895
14.8904
14.891
14.8913
14.8914
14.8915
14.8915
14.8923
14.8927
14.8933
14.8942
14.8942
14.8944
14.8944
14.8945
14.8945
14.8947
14.8959
14.896
14.897
14.8977
14.8977
14.8977
14.8981
14.8982
14.8993
14.8995
14.8996
14.8997
14.9
14.9002
14.902
14.9032
14.9035
14.9045
14.905
14.9054
14.9059
14.906
14.9073
14.9074
14.9085
14.91
14.911
14.911
14.9116
14.9116
14.9127
14.9129
14.9138
14.9142
14.9142
14.9146
14.9167
14.9169
14.917
14.9186
14.919
14.9192
14.9192
14.9196
14.9219
14.9221
14.9227
14.9229
14.9231
14.9238
14.9238
14.9252
14.9258
14.9259
14.9259
14.9263
14.9263
14.9269
14.9271
14.9275
14.9275
14.9277
14.9279
14.9286
14.9292
14.9292
14.9304
14.931
14.9313
14.9321
14.9323
14.9335
14.9336
14.9344
14.9354
14.9359
14.9369
14.937
14.9372
14.9379
14.9381
14.9383
14.9384
14.9384
14.94
14.9401
14.9411
14.9419
14.9426
14.9427
14.9438
14.9447
14.9452
14.9457
14.9464
14.9467
14.9467
14.9471
14.9491
14.9497
14.9497
14.9508
14.9508
14.9515
14.9518
14.9521
14.9521
14.9526
14.9529
14.9529
14.9533
14.9549
14.9554
14.9556
14.9557
14.9561
14.9565
14.9574
14.9575
14.9578
14.9581
14.9592
14.9592
14.9596
14.9609
14.9615
14.9615
14.9617
14.9619
14.9627
14.9628
14.9631
14.9631
14.9631
14.9632
14.9632
14.9633
14.9636
14.9637
14.9642
14.9643
14.9646
14.9657
14.9658
14.9663
14.9668
14.9673
14.9679
14.9681
14.9681
14.9684
14.9687
14.9692
14.9703
14.9705
14.9712
14.9723
14.9724
14.9732
14.9742
14.9744
14.9748
14.9754
14.9756
14.9756
14.9758
14.9759
14.9767
14.9768
14.9773
14.9774
14.9782
14.9784
14.9787
14.9788
14.979
14.9792
14.9805
14.9824
14.9831
14.9833
14.984
14.9842
14.9845
14.9849
14.9854
14.987
14.9882
14.9885
14.989
14.9895
14.9902
14.9904
14.9918
14.9918
14.9919
14.9927
14.9948
14.995
14.9954
14.9957
14.9964
14.9965
14.9967
14.9969
14.9972
14.9979
14.9983
14.9985
14.9991
14.9997
14.9998
15.0001
15.0002
15.0012
15.0015
15.0018
15.0021
15.0025
15.0026
15.0032
15.0033
15.0034
15.0041
15.0048
15.005
15.0051
15.0057
15.0066
15.007
15.0072
15.0072
15.0076
15.008
15.0084
15.0086
15.0088
15.0122
15.0126
15.013
15.0147
15.0149
15.0154
15.0168
15.0176
15.0183
15.0187
15.0193
15.0194
15.0195
15.02
15.0204
15.0207
15.0208
15.0211
15.0214
15.0217
15.0225
15.0245
15.0247
15.0253
15.026
15.0294
15.0297
15.0298
15.0299
15.0304
15.0313
15.0314
15.0319
15.032
15.0324
15.0329
15.0361
15.0363
15.0368
15.0374
15.0377
15.0389
15.0392
15.0405
15.0406
15.0415
15.0428
15.0437
15.0439
15.0448
15.0453
15.046
15.0469
15.0481
15.0488
15.049
15.0491
15.0494
15.0508
15.051
15.0513
15.0518
15.0525
15.0526
15.0527
15.053
15.0537
15.0543
15.0545
15.0547
15.055
15.0557
15.0558
15.0564
15.0577
15.0579
15.0584
15.0587
15.0597
15.0605
15.0615
15.0626
15.0634
15.0637
15.0643
15.0645
15.0646
15.0655
15.0665
15.0668
15.067
15.067
15.068
15.0687
15.0691
15.0693
15.0698
15.0701
15.0711
15.0713
15.0714
15.0717
15.0726
15.0732
15.0742
15.0747
15.0748
15.0749
15.0763
15.0769
15.0785
15.0792
15.0806
15.0808
15.0821
15.0827
15.0831
15.0844
15.0849
15.0852
15.0876
15.0884
15.0912
15.0914
15.0919
15.0943
15.0958
15.0976
15.0981
15.0995
15.1004
15.101
15.1035
15.1045
15.1048
15.1051
15.1056
15.1061
15.1063
15.1067
15.1073
15.1074
15.1078
15.109
15.1097
15.11
15.1105
15.1116
15.1125
15.1125
15.1132
15.1134
15.1145
15.1156
15.1181
15.1188
15.1189
15.1194
15.1213
15.123
15.1239
15.1242
15.1247
15.1254
15.1267
15.1271
15.1275
15.1288
15.1291
15.13
15.1309
15.1319
15.132
15.1324
15.1331
15.1342
15.135
15.1355
15.1359
15.1364
15.138
15.1388
15.1393
15.1399
15.1403
15.1418
15.1419
15.1425
15.1426
15.1429
15.1436
15.1437
15.144
15.144
15.1462
15.1464
15.148
15.1484
15.1486
15.1499
15.1505
15.1513
15.1531
15.1531
15.1562
15.158
15.159
15.1594
15.1605
15.1608
15.1616
15.1666
15.1667
15.1688
15.1693
15.1696
15.1699
15.1729
15.1737
15.1765
15.1787
15.1788
15.1789
15.1799
15.1802
15.1807
15.1815
15.1826
15.1831
15.1837
15.1839
15.1874
15.1893
15.1893
15.1902
15.1903
15.1926
15.1932
15.1934
15.1934
15.195
15.1952
15.1967
15.1969
15.1976
15.1977
15.198
15.1984
15.1985
15.1989
15.2021
15.2021
15.2039
15.2045
15.2057
15.2078
15.2079
15.2083
15.2133
15.2138
15.2143
15.2165
15.2235
15.2238
15.2239
15.2254
15.2286
15.23
15.2311
15.2343
15.2366
15.2396
15.2424
15.2427
15.2447
15.2458
15.2469
15.2474
15.248
15.2498
15.2499
15.2528
15.253
15.2533
15.2547
15.255
15.2553
15.2558
15.2559
15.2567
15.259
15.2642
15.2643
15.2646
15.2654
15.2655
15.2677
15.2677
15.2682
15.2682
15.2704
15.277
15.2771
15.2777
15.2811
15.282
15.282
15.2864
15.2912
15.2915
15.2989
15.2999
15.3028
15.3033
15.3038
15.3064
15.3079
15.3113
15.3123
15.316
15.3186
15.3215
15.3225
15.3245
15.3278
15.3286
15.332
15.3347
15.344
15.3452
15.3616
15.3682
15.3721
15.3737
15.3759
15.3779
15.3794
15.3812
15.3856
15.3911
15.3971
15.4002
15.4009
15.4023
15.4085
15.4101
15.4106
15.4135
15.414
15.4145
15.4154
15.4179
15.4193
15.4195
15.4215
15.4215
15.4243
15.43
15.4337
15.4367
15.4567
15.4585
15.4629
15.4666
15.467
15.4796
15.4922
15.4923
15.5004
15.5089
15.5268
15.5301
15.5315
15.5377
15.5394
15.546
15.5746
15.577
15.5949
15.5987
15.6019
15.609
15.6145
15.6414
15.6443
15.6598
15.7245
15.7385
15.7494
15.8314
15.8397
15.8924
14.8430136111111
