o
175.627
176.431
176.47
176.493
176.521
176.7
176.708
176.732
176.768
176.817
176.956
177.028
177.036
177.082
177.088
177.106
177.11
177.165
177.212
177.24
177.252
177.277
177.304
177.415
177.419
177.432
177.453
177.458
177.487
177.505
177.519
177.536
177.559
177.581
177.584
177.598
177.6
177.624
177.632
177.632
177.639
177.64
177.642
177.648
177.681
177.715
177.726
177.759
177.769
177.784
177.788
177.796
177.834
177.941
177.969
178.054
178.062
178.066
178.135
178.266
178.3
178.355
178.363
178.431
178.432
178.505
178.561
178.57
178.684
178.717
178.807
178.818
178.899
178.904
178.916
178.958
178.968
179.014
179.045
179.066
179.121
179.131
179.144
179.216
179.261
179.3
179.333
179.385
179.612
179.667
177.895044444444
