o
28.8385
28.9009
29.178
29.1883
29.242
29.267
29.2742
29.3142
29.3173
29.3546
29.3707
29.3888
29.3948
29.3993
29.4087
29.4137
29.4329
29.436
29.445
29.4477
29.448
29.4506
29.454
29.4549
29.4882
29.493
29.5079
29.5082
29.5128
29.5181
29.5208
29.5246
29.5328
29.5468
29.5518
29.552
29.556
29.5637
29.5745
29.5798
29.5863
29.5871
29.5878
29.5927
29.6017
29.6145
29.6234
29.6248
29.6511
29.6599
29.6654
29.6683
29.6685
29.6717
29.672
29.6744
29.6745
29.6781
29.6789
29.6825
29.6913
29.6916
29.6937
29.695
29.7012
29.7054
29.7059
29.7071
29.7101
29.7112
29.7148
29.7151
29.7174
29.7178
29.7191
29.7203
29.7225
29.7248
29.7252
29.7259
29.7342
29.7345
29.7371
29.7388
29.7403
29.7454
29.746
29.7475
29.7561
29.7591
29.7595
29.7604
29.7618
29.7659
29.7664
29.7664
29.7675
29.7768
29.7808
29.782
29.7831
29.7848
29.7979
29.8018
29.8029
29.8083
29.8143
29.8168
29.8226
29.8258
29.8262
29.8266
29.8295
29.8301
29.8348
29.8424
29.8447
29.848
29.8531
29.8538
29.8581
29.86
29.8622
29.8633
29.8647
29.8707
29.8773
29.8828
29.883
29.8855
29.8914
29.8936
29.8992
29.8996
29.9003
29.9027
29.9035
29.9039
29.9047
29.9059
29.9068
29.9078
29.9107
29.9189
29.9193
29.92
29.9225
29.925
29.9267
29.9288
29.9293
29.9297
29.9305
29.9318
29.9326
29.9376
29.9434
29.9466
29.9483
29.9509
29.9523
29.9524
29.957
29.9611
29.9659
29.9693
29.971
29.9712
29.972
29.9763
29.9776
29.9801
29.9808
29.9813
29.9819
29.983
29.9867
29.988
29.9891
29.9926
29.9949
29.9953
29.9954
29.9958
29.9986
29.9995
30.0031
30.0043
30.0067
30.0072
30.0094
30.0116
30.0122
30.0133
30.0162
30.0169
30.0188
30.0193
30.021
30.0264
30.028
30.0285
30.0293
30.0308
30.0324
30.0325
30.0395
30.0419
30.046
30.0476
30.0497
30.0545
30.0581
30.0586
30.0594
30.0625
30.0628
30.0641
30.0656
30.0666
30.0687
30.0724
30.0726
30.0741
30.0758
30.0805
30.0828
30.0868
30.0871
30.0891
30.0897
30.0923
30.0942
30.0965
30.0972
30.098
30.0983
30.0989
30.1022
30.104
30.1042
30.1069
30.107
30.1072
30.1084
30.1101
30.1116
30.1124
30.1153
30.1169
30.1183
30.1206
30.125
30.1273
30.1295
30.1296
30.1324
30.1362
30.1381
30.1388
30.1401
30.1406
30.1412
30.1419
30.1471
30.1494
30.1526
30.1531
30.1533
30.1551
30.1563
30.1603
30.1605
30.1623
30.1645
30.1649
30.1689
30.1702
30.1704
30.1719
30.1773
30.178
30.1792
30.1802
30.1805
30.1841
30.1866
30.1872
30.1942
30.1948
30.1957
30.1968
30.1993
30.1997
30.2025
30.2041
30.2077
30.2089
30.211
30.2153
30.2164
30.2172
30.2191
30.2219
30.2222
30.2249
30.2276
30.2277
30.2281
30.2318
30.232
30.2328
30.233
30.2385
30.2454
30.2456
30.2459
30.249
30.253
30.2531
30.2574
30.261
30.2619
30.2629
30.2645
30.265
30.2687
30.2689
30.2697
30.2725
30.2788
30.2788
30.2796
30.2815
30.2899
30.2907
30.2911
30.2915
30.2931
30.2963
30.2998
30.3014
30.305
30.3054
30.3074
30.3094
30.3098
30.3126
30.3146
30.315
30.3153
30.3154
30.3181
30.3197
30.3201
30.3205
30.3205
30.3245
30.3245
30.3301
30.3312
30.3364
30.3419
30.3424
30.3437
30.3444
30.3476
30.3539
30.3563
30.3571
30.3589
30.3624
30.3633
30.3638
30.3647
30.3672
30.3687
30.3704
30.372
30.3722
30.373
30.3803
30.3827
30.3889
30.389
30.3891
30.3891
30.3909
30.392
30.392
30.3969
30.3975
30.3989
30.399
30.4024
30.4064
30.4067
30.407
30.409
30.41
30.4106
30.4117
30.4131
30.4136
30.4141
30.4146
30.4147
30.4223
30.4224
30.4231
30.4256
30.4265
30.4272
30.4278
30.4287
30.4293
30.4327
30.4327
30.434
30.4342
30.4359
30.439
30.439
30.4392
30.4397
30.4418
30.4432
30.4434
30.4451
30.4452
30.4458
30.4474
30.4603
30.4611
30.462
30.4651
30.4653
30.4686
30.4714
30.4738
30.4772
30.4778
30.4798
30.483
30.4836
30.4881
30.4882
30.4908
30.4954
30.4965
30.498
30.5009
30.5017
30.5129
30.5133
30.5166
30.5186
30.52
30.5201
30.5257
30.5324
30.5354
30.5367
30.5386
30.5394
30.5435
30.5457
30.5476
30.5485
30.5494
30.5495
30.5533
30.5568
30.5614
30.5615
30.565
30.573
30.5742
30.575
30.5856
30.5894
30.5907
30.5926
30.5928
30.5932
30.5955
30.5972
30.5976
30.5977
30.602
30.6025
30.6039
30.6068
30.6122
30.6149
30.6149
30.6154
30.6202
30.621
30.625
30.6257
30.6269
30.6274
30.6287
30.6298
30.6343
30.6385
30.6395
30.642
30.6446
30.6455
30.6467
30.6467
30.6472
30.6505
30.6555
30.6566
30.6575
30.6594
30.6595
30.6601
30.6641
30.6652
30.6658
30.6671
30.6693
30.671
30.6723
30.6747
30.6752
30.6797
30.6804
30.6812
30.6851
30.6863
30.6893
30.6895
30.6939
30.6968
30.6989
30.6991
30.7
30.7009
30.7027
30.7031
30.7061
30.7097
30.7109
30.7114
30.7156
30.716
30.7173
30.7225
30.723
30.7232
30.7249
30.725
30.7291
30.7295
30.731
30.7371
30.7425
30.7431
30.7464
30.753
30.755
30.76
30.7603
30.7613
30.7639
30.7645
30.765
30.7686
30.7709
30.7717
30.7727
30.7754
30.777
30.7774
30.7788
30.7821
30.7831
30.7868
30.7869
30.7898
30.7963
30.802
30.8082
30.8094
30.8104
30.8111
30.8149
30.8159
30.8305
30.8368
30.8422
30.8428
30.8433
30.8437
30.8452
30.8464
30.8464
30.8466
30.8516
30.8521
30.8568
30.8572
30.8606
30.8635
30.8699
30.8708
30.8715
30.8733
30.8769
30.8792
30.8918
30.8951
30.8974
30.9021
30.9028
30.9038
30.9054
30.9114
30.9152
30.9192
30.9207
30.9229
30.925
30.9329
30.9458
30.9488
30.9514
30.955
30.96
30.9727
30.973
30.9797
30.9838
30.9864
30.9942
31.0001
31.0036
31.0131
31.0196
31.0208
31.0243
31.0255
31.0303
31.0337
31.0349
31.0451
31.0475
31.0667
31.0683
31.0722
31.0764
31.0846
31.0863
31.1017
31.1247
31.1257
31.13
31.1324
31.1378
31.1392
31.1433
31.1482
31.1517
31.1596
31.1664
31.1778
31.1918
31.1919
31.1956
31.1977
31.2069
31.2081
31.2233
31.229
31.2316
31.237
31.2425
31.255
31.2584
31.2621
31.2697
31.271
31.278
31.2855
31.2972
31.3037
31.3078
31.3223
31.3235
31.3283
31.3284
31.3325
31.3329
31.338
31.3385
31.3447
31.361
31.3668
31.3856
31.4003
31.4204
31.4459
31.4663
31.4684
31.4746
31.5133
31.5326
31.5411
31.6184
31.6238
31.7112
31.7182
31.9036
32.0662
32.0767
30.3549869444445
