o
59.1647
59.3214
59.3643
59.4919
59.537
59.5919
59.6638
59.6661
59.6929
59.7606
59.8494
59.8927
59.8999
60.0058
60.045
60.0458
60.0765
60.088
60.115
60.1256
60.141
60.1436
60.1702
60.1809
60.1911
60.1986
60.2416
60.2536
60.2843
60.3188
60.3312
60.3639
60.4063
60.4064
60.4081
60.4145
60.4253
60.46
60.4676
60.4831
60.484
60.5025
60.5078
60.5227
60.6605
60.7714
60.7723
60.7826
60.8054
60.8724
60.8883
60.9194
60.9433
61.0097
61.0371
61.071
61.1175
61.1237
61.1404
61.1812
61.1995
61.202
61.2245
61.2351
61.2513
61.2592
61.2894
61.2986
61.3218
61.3326
61.3384
61.3472
61.3592
61.3851
61.4009
61.4449
61.4545
61.4675
61.5007
61.5058
61.5097
61.5208
61.5333
61.5487
61.558
61.567
61.5674
61.5839
61.5849
61.597
61.6008
61.6026
61.6242
61.6263
61.638
61.6405
61.6469
61.6483
61.6558
61.6619
61.668
61.6838
61.6923
61.6985
61.7022
61.7028
61.7058
61.7076
61.7317
61.7502
61.7504
61.7529
61.7582
61.7601
61.7628
61.7639
61.771
61.784
61.7996
61.8123
61.8154
61.8256
61.8289
61.8292
61.8309
61.8319
61.8365
61.8423
61.8428
61.8446
61.8623
61.8687
61.8965
61.9018
61.9223
61.9253
61.9398
61.9488
61.9548
61.9569
61.9621
62.0195
62.0615
62.1015
62.1119
62.1163
62.1269
62.1378
62.1392
62.1469
62.1767
62.2005
62.2325
62.238
62.2432
62.2473
62.2535
62.266
62.2753
62.2758
62.2884
62.2899
62.295
62.3106
62.3145
62.3342
62.3348
62.3357
62.3433
62.3575
62.3718
62.3937
62.4004
62.4072
62.4158
62.4341
62.4427
62.4435
62.4806
62.4873
62.4916
62.5025
62.5025
62.5169
62.5177
62.5254
62.5371
62.5532
62.5541
62.5599
62.5668
62.5668
62.5761
62.588
62.6168
62.6184
62.6329
62.6334
62.643
62.6455
62.6491
62.6593
62.6616
62.6632
62.6667
62.6761
62.6795
62.6808
62.6872
62.6903
62.7017
62.7022
62.7173
62.7199
62.721
62.7288
62.7868
62.788
62.7975
62.8082
62.8159
62.8199
62.8367
62.8478
62.8751
62.8821
62.8914
62.9001
62.9022
62.9053
62.9083
62.911
62.9191
62.9345
62.9392
62.9579
62.9734
62.9827
62.9936
63.0012
63.0078
63.0209
63.0245
63.0295
63.0685
63.0704
63.0901
63.0939
63.1097
63.1275
63.132
63.1425
63.1513
63.1608
63.1721
63.1768
63.1837
63.1973
63.1983
63.2162
63.2258
63.2354
63.2415
63.2419
63.2441
63.2568
63.2583
63.2689
63.2704
63.273
63.2747
63.2887
63.2929
63.2934
63.3013
63.3046
63.3055
63.3058
63.319
63.3325
63.3534
63.3735
63.3779
63.3997
63.4014
63.4046
63.405
63.406
63.4208
63.422
63.4258
63.4434
63.45
63.4682
63.4788
63.506
63.5121
63.5227
63.5236
63.5436
63.5447
63.5599
63.5708
63.5884
63.6231
63.6293
63.6351
63.6356
63.66
63.6636
63.6948
63.7125
63.7639
63.7744
63.793
63.8006
63.8093
63.8169
63.8216
63.838
63.9125
63.9144
63.9224
63.946
63.9481
63.9543
63.9596
63.9768
63.9787
64.0178
64.0327
64.0465
64.051
64.0662
64.0761
64.0904
64.105
64.1388
64.155
64.1566
64.1699
64.184
64.1918
64.2732
64.3088
64.3433
64.4706
64.5108
64.5425
64.6079
64.6482
64.6897
64.6901
64.7539
64.8259
64.861
64.9286
64.9678
65.01
65.3137
62.3549075
