o
3.08621
3.10286
3.11678
3.13565
3.13629
3.14642
3.19411
3.20065
3.20069
3.2022
3.20283
3.20368
3.20639
3.21079
3.21384
3.21524
3.22069
3.22128
3.22398
3.22743
3.23222
3.25634
3.26106
3.26128
3.2616
3.26218
3.26299
3.26656
3.26722
3.26747
3.27235
3.27281
3.2734
3.2751
3.27533
3.2769
3.27745
3.27797
3.27992
3.28061
3.28237
3.2887
3.29231
3.29464
3.29571
3.29591
3.29644
3.29789
3.29829
3.29871
3.30025
3.30045
3.30151
3.30233
3.30289
3.30312
3.30367
3.30434
3.30586
3.30602
3.30988
3.30997
3.31004
3.31017
3.3102
3.31067
3.3111
3.31157
3.31272
3.31285
3.31302
3.31454
3.31516
3.31542
3.31661
3.31732
3.32186
3.32415
3.32645
3.3266
3.32704
3.32854
3.32951
3.32967
3.32984
3.33017
3.33032
3.3325
3.3325
3.33261
3.33298
3.33325
3.33345
3.3346
3.33541
3.33566
3.33691
3.3372
3.3374
3.33872
3.33904
3.33922
3.33975
3.34008
3.34023
3.34032
3.34051
3.3412
3.34159
3.34227
3.34304
3.34448
3.345
3.34519
3.34607
3.34621
3.3463
3.34721
3.34749
3.34831
3.34849
3.34896
3.35057
3.35151
3.35205
3.35233
3.35238
3.3524
3.35289
3.35412
3.35464
3.35519
3.35522
3.3555
3.35626
3.35627
3.35648
3.35718
3.35814
3.35956
3.36136
3.36246
3.36281
3.36287
3.36299
3.36317
3.36328
3.36334
3.36343
3.36361
3.36371
3.3647
3.36514
3.3652
3.36525
3.36545
3.36548
3.36548
3.36624
3.36632
3.3668
3.36704
3.36737
3.36748
3.36831
3.36843
3.36862
3.36866
3.36875
3.37007
3.37029
3.37039
3.37061
3.37143
3.37158
3.37167
3.37181
3.37209
3.37244
3.37272
3.3728
3.37307
3.37322
3.37353
3.37374
3.37425
3.37441
3.3746
3.37461
3.37472
3.37583
3.37587
3.37588
3.37604
3.37646
3.37736
3.37738
3.3783
3.37858
3.37862
3.379
3.37903
3.37912
3.37912
3.3793
3.37945
3.37992
3.37995
3.38019
3.38039
3.38064
3.38066
3.38118
3.38243
3.38246
3.38268
3.38275
3.38283
3.38304
3.38331
3.38335
3.3836
3.38369
3.38385
3.38428
3.38445
3.3855
3.38551
3.38569
3.38576
3.38594
3.38606
3.38615
3.38691
3.38693
3.38748
3.38764
3.388
3.38905
3.38915
3.38928
3.38955
3.39053
3.39068
3.3907
3.39095
3.39162
3.39163
3.39242
3.39245
3.39248
3.39271
3.39311
3.39326
3.39464
3.39495
3.395
3.39567
3.39604
3.39624
3.39646
3.39653
3.39676
3.39723
3.39733
3.39752
3.39754
3.39759
3.39766
3.39815
3.39821
3.39893
3.39917
3.3993
3.39952
3.40005
3.40009
3.40016
3.40045
3.40062
3.40152
3.40186
3.40263
3.40265
3.40299
3.40342
3.40456
3.4047
3.40537
3.40581
3.40607
3.40618
3.40659
3.4078
3.40788
3.40819
3.4084
3.40878
3.40886
3.40912
3.40934
3.40953
3.40978
3.40981
3.41001
3.41007
3.41014
3.41025
3.41072
3.41093
3.41131
3.41146
3.41152
3.41158
3.41181
3.41194
3.41207
3.41243
3.41248
3.41255
3.41276
3.41285
3.41309
3.41423
3.41445
3.41531
3.41531
3.41632
3.41646
3.41679
3.41684
3.41718
3.41773
3.41802
3.41807
3.41826
3.41843
3.41847
3.41915
3.4196
3.41966
3.42005
3.42098
3.42118
3.42125
3.42136
3.42137
3.42161
3.42162
3.42178
3.42193
3.42199
3.42203
3.42212
3.4222
3.42241
3.42257
3.42278
3.42315
3.42361
3.42366
3.42424
3.42428
3.42428
3.42429
3.42437
3.42445
3.42453
3.42453
3.42478
3.42525
3.4256
3.42607
3.42613
3.42641
3.42653
3.42662
3.42676
3.42677
3.42688
3.42692
3.42692
3.42732
3.42736
3.42737
3.42751
3.42766
3.42823
3.42839
3.42864
3.42922
3.42923
3.42947
3.42956
3.42982
3.42989
3.43015
3.43043
3.43045
3.43047
3.43055
3.43097
3.43102
3.43113
3.43161
3.4317
3.43191
3.43204
3.43208
3.43215
3.43223
3.43227
3.43233
3.43262
3.43264
3.43273
3.43276
3.4331
3.43325
3.43333
3.43348
3.43356
3.4336
3.43388
3.43405
3.43408
3.43449
3.43488
3.43493
3.43535
3.43576
3.43601
3.43622
3.43651
3.43688
3.43689
3.43737
3.43759
3.4383
3.43859
3.43863
3.43879
3.43895
3.43907
3.43908
3.43921
3.43929
3.4394
3.43949
3.43973
3.43981
3.43991
3.44001
3.44007
3.44014
3.4402
3.44023
3.4404
3.44094
3.44096
3.44102
3.44116
3.44116
3.4412
3.44125
3.44128
3.44143
3.44158
3.4417
3.44175
3.44177
3.44188
3.44196
3.44203
3.44224
3.4424
3.44291
3.44311
3.44314
3.44325
3.44349
3.44378
3.44405
3.44413
3.44421
3.4445
3.44456
3.4446
3.44487
3.44489
3.44556
3.44587
3.44615
3.44615
3.44627
3.44644
3.44657
3.44662
3.44677
3.44692
3.44696
3.44702
3.44744
3.44763
3.44768
3.44769
3.44785
3.44802
3.44807
3.44819
3.44832
3.4487
3.44882
3.44891
3.44908
3.44916
3.44937
3.44947
3.44966
3.44974
3.44983
3.44984
3.44987
3.45059
3.45066
3.45081
3.45098
3.45107
3.45119
3.45128
3.45129
3.45159
3.45202
3.45255
3.45261
3.45282
3.45284
3.45291
3.45324
3.4533
3.4533
3.45331
3.45339
3.45383
3.45388
3.45404
3.45427
3.45432
3.45455
3.45461
3.45471
3.45485
3.45496
3.45514
3.45534
3.45547
3.45553
3.45559
3.45574
3.45576
3.45596
3.45617
3.45683
3.45684
3.45686
3.45707
3.45723
3.4573
3.45732
3.45733
3.45743
3.45745
3.45749
3.45753
3.4576
3.45763
3.45803
3.45827
3.45828
3.45863
3.45878
3.45893
3.45905
3.45909
3.4591
3.45925
3.45965
3.4597
3.45991
3.46008
3.46008
3.46017
3.46017
3.46042
3.46058
3.4606
3.46072
3.461
3.46115
3.46122
3.46131
3.46139
3.46144
3.46157
3.46168
3.46169
3.4618
3.4618
3.4619
3.46191
3.46195
3.46221
3.46228
3.46246
3.46248
3.46251
3.46271
3.46276
3.46296
3.46299
3.4631
3.46315
3.46347
3.46348
3.4636
3.46363
3.46406
3.46406
3.46424
3.4644
3.46442
3.46484
3.46489
3.4651
3.46516
3.46517
3.46529
3.46532
3.46548
3.4659
3.46597
3.46612
3.46616
3.46618
3.4662
3.46635
3.46659
3.46668
3.46682
3.46692
3.46701
3.46702
3.46706
3.46715
3.4672
3.4677
3.4679
3.46798
3.46804
3.46853
3.46867
3.46896
3.46896
3.469
3.46948
3.46956
3.46964
3.46966
3.46974
3.46977
3.46983
3.47023
3.47033
3.47033
3.47038
3.47044
3.47047
3.47049
3.47051
3.47052
3.47059
3.47065
3.47075
3.47078
3.47083
3.47085
3.47153
3.47158
3.47159
3.47162
3.47164
3.47184
3.47189
3.47193
3.47239
3.47248
3.47252
3.47273
3.47298
3.47335
3.47395
3.47408
3.47419
3.4742
3.47442
3.47465
3.47503
3.47535
3.47571
3.47587
3.4759
3.47619
3.47622
3.47633
3.47652
3.47662
3.47664
3.4769
3.47701
3.47703
3.47719
3.47741
3.47779
3.47796
3.47801
3.47809
3.47837
3.47843
3.47852
3.47855
3.47876
3.47896
3.47899
3.47928
3.47931
3.47937
3.47937
3.47951
3.47954
3.47958
3.4796
3.47972
3.47974
3.47979
3.4798
3.47986
3.47996
3.47999
3.48036
3.48131
3.48134
3.48145
3.48152
3.48162
3.48164
3.4818
3.4821
3.48221
3.4824
3.48241
3.48248
3.48285
3.48287
3.48288
3.48295
3.483
3.48305
3.48312
3.48312
3.48322
3.48334
3.48364
3.48411
3.48411
3.48415
3.48428
3.48441
3.48475
3.48491
3.48493
3.485
3.48504
3.48545
3.48548
3.48548
3.48565
3.48574
3.48591
3.48628
3.48639
3.4864
3.48644
3.48645
3.48654
3.48654
3.48689
3.48725
3.48736
3.48751
3.48752
3.48779
3.48785
3.48803
3.48807
3.48814
3.48826
3.48839
3.48854
3.48871
3.48871
3.48872
3.48878
3.48887
3.48895
3.48897
3.48904
3.48912
3.4892
3.48923
3.48942
3.48956
3.4897
3.48975
3.48981
3.4899
3.49023
3.49031
3.49044
3.49053
3.49078
3.49078
3.49084
3.49096
3.49103
3.4911
3.49164
3.49181
3.49188
3.49195
3.49202
3.49214
3.49216
3.49218
3.4922
3.49222
3.49235
3.49246
3.49263
3.49272
3.49275
3.49276
3.49294
3.49295
3.493
3.4931
3.49331
3.49345
3.49357
3.49359
3.49396
3.49402
3.49417
3.49421
3.49438
3.49464
3.49464
3.4947
3.49489
3.49499
3.49505
3.49532
3.49538
3.49554
3.49573
3.496
3.4962
3.49629
3.49629
3.49633
3.4965
3.49676
3.49685
3.49694
3.49698
3.49703
3.49711
3.49716
3.49728
3.49737
3.49739
3.49749
3.49771
3.49782
3.49798
3.49804
3.49821
3.49825
3.49826
3.49828
3.49836
3.49845
3.49847
3.49851
3.49852
3.49857
3.49859
3.49896
3.499
3.49911
3.49926
3.49928
3.49931
3.49934
3.49942
3.49942
3.49944
3.49945
3.49959
3.4999
3.49997
3.50002
3.50017
3.50021
3.50022
3.50028
3.50028
3.50029
3.50037
3.50043
3.50053
3.50067
3.50075
3.50086
3.50088
3.50094
3.50107
3.50118
3.50119
3.50128
3.50133
3.50138
3.50144
3.50163
3.50163
3.50168
3.5017
3.50195
3.50222
3.50223
3.50226
3.50234
3.50248
3.5026
3.50267
3.50276
3.50282
3.50282
3.50306
3.50317
3.5036
3.50367
3.5038
3.50404
3.50407
3.50412
3.50415
3.50439
3.50451
3.50456
3.50459
3.50473
3.50476
3.50495
3.50505
3.50506
3.50525
3.50538
3.50558
3.50565
3.50579
3.50582
3.50599
3.50601
3.5061
3.50615
3.50629
3.50678
3.50682
3.50694
3.50696
3.50712
3.50717
3.5072
3.50722
3.5074
3.5074
3.5074
3.50746
3.50769
3.50773
3.50793
3.50817
3.50818
3.50818
3.50833
3.50834
3.50834
3.50834
3.50838
3.50843
3.50847
3.50851
3.50851
3.50855
3.50864
3.50868
3.50873
3.50877
3.50895
3.50903
3.50912
3.50921
3.50929
3.50948
3.50951
3.50953
3.50955
3.50965
3.50982
3.51016
3.5102
3.51027
3.51036
3.51036
3.51039
3.51069
3.51083
3.51083
3.51085
3.51096
3.51118
3.51122
3.51132
3.51149
3.51152
3.51156
3.51158
3.51169
3.51189
3.51197
3.51205
3.51206
3.51218
3.51257
3.51271
3.51275
3.51278
3.51279
3.51309
3.51313
3.51315
3.51319
3.5132
3.51337
3.51348
3.51349
3.51358
3.51359
3.51362
3.51376
3.51395
3.51419
3.51427
3.51437
3.51457
3.51461
3.51483
3.51483
3.51496
3.51524
3.51524
3.51527
3.51535
3.51541
3.51556
3.51562
3.51572
3.51575
3.51577
3.51582
3.51589
3.51603
3.51607
3.5162
3.51636
3.51661
3.51664
3.51673
3.51682
3.51714
3.51716
3.51726
3.51727
3.51758
3.51761
3.51763
3.51767
3.51774
3.51784
3.51788
3.51799
3.51834
3.51834
3.51836
3.51842
3.51848
3.51853
3.51854
3.51865
3.51868
3.51872
3.51874
3.51875
3.51876
3.51877
3.51878
3.5189
3.51926
3.51929
3.51933
3.51951
3.51954
3.51971
3.51975
3.51975
3.51977
3.51979
3.51983
3.52005
3.52006
3.52008
3.52026
3.52032
3.52043
3.52043
3.52051
3.52062
3.52073
3.52108
3.52117
3.52122
3.52139
3.52165
3.52178
3.52184
3.52186
3.52227
3.5223
3.52231
3.52231
3.52231
3.52242
3.52261
3.52262
3.52268
3.52268
3.52271
3.52271
3.52276
3.52278
3.52284
3.52317
3.52317
3.52325
3.5233
3.52332
3.52333
3.5235
3.52361
3.52378
3.52378
3.52391
3.52397
3.52404
3.52407
3.52409
3.5242
3.52421
3.52426
3.52438
3.52452
3.52459
3.5246
3.52471
3.52478
3.52483
3.52492
3.52496
3.525
3.525
3.52506
3.52509
3.52511
3.52518
3.52525
3.52532
3.52538
3.52563
3.52572
3.52573
3.52615
3.52624
3.52626
3.52634
3.52658
3.52668
3.52672
3.52687
3.52689
3.52695
3.52706
3.52707
3.52714
3.52716
3.52718
3.52736
3.52749
3.52751
3.5276
3.52764
3.52773
3.52777
3.52784
3.52786
3.52799
3.52811
3.52813
3.52819
3.52837
3.52847
3.52848
3.52857
3.52862
3.52863
3.52864
3.52866
3.52881
3.52893
3.52901
3.52912
3.52922
3.52938
3.52941
3.52975
3.52979
3.52987
3.52991
3.53004
3.53044
3.53065
3.53068
3.53088
3.53089
3.53095
3.531
3.53106
3.53113
3.53119
3.5312
3.53127
3.5315
3.53157
3.5316
3.5317
3.53172
3.53174
3.53187
3.53188
3.53191
3.532
3.53203
3.53206
3.53207
3.53215
3.53227
3.53269
3.53288
3.53295
3.533
3.53301
3.53309
3.53313
3.53318
3.53322
3.53335
3.53344
3.53353
3.5337
3.53383
3.53392
3.53395
3.53405
3.53418
3.53439
3.5344
3.53445
3.53459
3.53471
3.53474
3.5348
3.53482
3.53488
3.53512
3.53521
3.53526
3.53532
3.53541
3.53542
3.53553
3.53559
3.53572
3.53572
3.53576
3.53608
3.53617
3.53623
3.53626
3.53636
3.53638
3.53638
3.53665
3.53683
3.53687
3.53702
3.53705
3.53715
3.53722
3.53734
3.53737
3.53743
3.53746
3.53748
3.53762
3.53763
3.53765
3.53769
3.53777
3.53783
3.53784
3.5379
3.53794
3.53796
3.53797
3.53797
3.53825
3.53833
3.53842
3.53848
3.53851
3.53862
3.53873
3.53875
3.53897
3.53898
3.53902
3.53906
3.53909
3.53933
3.5395
3.5395
3.53954
3.5396
3.53967
3.53976
3.53978
3.53998
3.54
3.54006
3.54009
3.54013
3.54033
3.54035
3.54039
3.5405
3.5405
3.54076
3.54086
3.5411
3.54157
3.54159
3.54164
3.54172
3.54194
3.54203
3.54207
3.54209
3.54209
3.54215
3.54219
3.54226
3.54226
3.54232
3.54244
3.54252
3.54264
3.54265
3.54266
3.54267
3.54267
3.54277
3.54284
3.54285
3.54287
3.54303
3.54306
3.54309
3.54311
3.54318
3.54323
3.54325
3.54337
3.54341
3.54345
3.54351
3.54353
3.54359
3.54371
3.54371
3.54372
3.54414
3.54424
3.54435
3.54439
3.54454
3.54464
3.54485
3.54496
3.54501
3.54535
3.54544
3.54549
3.54557
3.54575
3.54575
3.54575
3.54583
3.54583
3.54597
3.54601
3.54614
3.54619
3.54619
3.54623
3.54627
3.54632
3.54649
3.54654
3.54667
3.5467
3.54675
3.5468
3.54681
3.54681
3.54683
3.54684
3.54689
3.54696
3.54703
3.54704
3.54705
3.54711
3.54714
3.54716
3.5472
3.54724
3.54727
3.54729
3.54741
3.54743
3.54746
3.54747
3.54764
3.54769
3.54772
3.54774
3.54797
3.54806
3.54834
3.54835
3.54847
3.54851
3.54881
3.54882
3.54889
3.54901
3.54902
3.54944
3.5495
3.54975
3.54984
3.5499
3.55
3.55022
3.55025
3.5503
3.55035
3.55047
3.55053
3.55055
3.55093
3.55107
3.55117
3.55118
3.55121
3.55121
3.55122
3.55133
3.55162
3.55162
3.55171
3.55177
3.5518
3.55186
3.55189
3.55189
3.55196
3.552
3.552
3.55202
3.55211
3.55222
3.55226
3.55231
3.55231
3.55235
3.55249
3.55249
3.55253
3.5526
3.55264
3.55273
3.55304
3.55307
3.55326
3.55328
3.55334
3.55339
3.55342
3.55346
3.5535
3.55351
3.55358
3.55358
3.55362
3.5537
3.55404
3.55411
3.55431
3.55431
3.55433
3.5544
3.55453
3.55474
3.55475
3.55481
3.55481
3.555
3.55506
3.55517
3.55547
3.55554
3.55556
3.55562
3.55568
3.5557
3.55572
3.55582
3.55592
3.55611
3.55616
3.5563
3.55633
3.55634
3.55636
3.55642
3.55645
3.55654
3.55659
3.55675
3.55699
3.55706
3.55707
3.5571
3.55742
3.55747
3.55754
3.55756
3.55758
3.55779
3.55787
3.5582
3.55823
3.55828
3.55836
3.55837
3.55837
3.55841
3.55854
3.55859
3.55867
3.55867
3.55881
3.55889
3.55894
3.55898
3.55912
3.5593
3.55933
3.55935
3.55957
3.55965
3.55966
3.55969
3.55978
3.55979
3.55979
3.55987
3.55987
3.55991
3.55996
3.56009
3.5602
3.56044
3.56054
3.56067
3.56082
3.56107
3.56113
3.56132
3.56136
3.56145
3.5615
3.56162
3.56188
3.56193
3.56195
3.56195
3.562
3.5622
3.56226
3.56231
3.56243
3.5625
3.56262
3.56268
3.56278
3.5628
3.56281
3.56283
3.56284
3.56315
3.56364
3.56365
3.56371
3.56381
3.5642
3.56442
3.56442
3.56446
3.56447
3.56448
3.56457
3.56462
3.56464
3.56484
3.56486
3.56495
3.56497
3.56497
3.565
3.56502
3.56504
3.56535
3.56549
3.56555
3.56557
3.5656
3.56568
3.5657
3.56588
3.56591
3.56594
3.56597
3.56601
3.56606
3.56615
3.56619
3.56637
3.56646
3.56653
3.56656
3.56664
3.567
3.56709
3.56718
3.56732
3.56736
3.56736
3.56738
3.56746
3.5676
3.56773
3.56777
3.56786
3.56789
3.56794
3.56795
3.5682
3.56824
3.56825
3.56836
3.56843
3.56848
3.56855
3.5686
3.56862
3.56876
3.56884
3.56892
3.56903
3.56911
3.56912
3.56913
3.56919
3.56922
3.56938
3.56939
3.56949
3.56958
3.56961
3.56967
3.5697
3.56974
3.56987
3.5699
3.56997
3.57007
3.57009
3.5701
3.57029
3.57046
3.57048
3.57055
3.57075
3.5709
3.57093
3.57107
3.57116
3.57138
3.57143
3.57143
3.57152
3.57152
3.57152
3.57161
3.57165
3.57174
3.57179
3.57183
3.57187
3.57187
3.57192
3.57205
3.57231
3.57239
3.57247
3.5725
3.57254
3.5726
3.57263
3.57268
3.57271
3.57277
3.57308
3.57308
3.57312
3.57324
3.57328
3.5733
3.57336
3.57342
3.57347
3.57347
3.57351
3.57353
3.57358
3.57372
3.57405
3.57405
3.57412
3.57417
3.57417
3.57433
3.57435
3.57446
3.57451
3.57461
3.57464
3.57477
3.57484
3.57488
3.57489
3.5749
3.57522
3.57528
3.57534
3.57548
3.57554
3.57558
3.57563
3.57575
3.57583
3.57586
3.57595
3.57624
3.5763
3.57637
3.57642
3.57654
3.57656
3.57657
3.57675
3.57677
3.57681
3.57681
3.57707
3.57713
3.57723
3.57733
3.57755
3.57766
3.57768
3.5777
3.57771
3.57775
3.57775
3.57777
3.57797
3.57802
3.57818
3.5782
3.57826
3.57849
3.57861
3.57864
3.57876
3.57889
3.57893
3.57902
3.57906
3.57908
3.57918
3.57921
3.57923
3.57938
3.57942
3.57943
3.57944
3.57956
3.57956
3.57975
3.57977
3.57997
3.58012
3.58018
3.58019
3.58023
3.58028
3.58035
3.58042
3.58049
3.58053
3.58083
3.58088
3.58088
3.581
3.58101
3.58105
3.5813
3.58134
3.58142
3.58163
3.58171
3.58173
3.58183
3.58186
3.58198
3.58207
3.58213
3.58214
3.58216
3.58219
3.5823
3.58236
3.58238
3.5824
3.5824
3.58245
3.58247
3.58259
3.58261
3.58266
3.58275
3.58275
3.5828
3.58292
3.58293
3.58297
3.58303
3.58307
3.58326
3.58328
3.58338
3.58342
3.58353
3.58383
3.58387
3.58396
3.5841
3.58418
3.58418
3.58423
3.58432
3.58436
3.58436
3.58445
3.5845
3.5845
3.58468
3.58468
3.58475
3.58489
3.58508
3.58527
3.58538
3.58539
3.58543
3.58547
3.5855
3.58556
3.58557
3.5857
3.58571
3.58587
3.58594
3.58626
3.5863
3.58637
3.58657
3.58663
3.58665
3.58666
3.58671
3.58676
3.58677
3.58688
3.58699
3.58701
3.58709
3.5871
3.58712
3.58717
3.58726
3.58727
3.58739
3.58747
3.58758
3.5876
3.58777
3.58786
3.58789
3.5879
3.58793
3.58794
3.58798
3.58799
3.58804
3.58808
3.58816
3.5884
3.58843
3.58846
3.58859
3.58867
3.58883
3.58883
3.58896
3.589
3.58902
3.58908
3.58909
3.58913
3.58941
3.58957
3.5896
3.5896
3.58974
3.58995
3.58996
3.59
3.59001
3.59007
3.59008
3.5903
3.5904
3.59053
3.59071
3.59082
3.59095
3.59103
3.59103
3.59107
3.5912
3.59128
3.59131
3.5914
3.59149
3.59152
3.59164
3.59164
3.59167
3.59169
3.59181
3.59186
3.5919
3.59194
3.59195
3.59213
3.59223
3.59225
3.5923
3.59239
3.59255
3.59257
3.59272
3.59278
3.59278
3.59278
3.59287
3.59289
3.59296
3.59306
3.59321
3.59333
3.5937
3.59377
3.59377
3.59381
3.59382
3.59387
3.59397
3.59397
3.59406
3.59408
3.59414
3.59428
3.5943
3.59436
3.5944
3.59445
3.59468
3.59471
3.59482
3.59502
3.59504
3.59511
3.59512
3.59522
3.59533
3.59547
3.59562
3.59565
3.59566
3.59573
3.59577
3.59581
3.59599
3.596
3.596
3.596
3.59604
3.59613
3.59617
3.59617
3.59618
3.5962
3.59635
3.59636
3.59637
3.59644
3.59644
3.59645
3.59648
3.5965
3.59651
3.59663
3.59667
3.59672
3.59677
3.59685
3.59685
3.59686
3.5969
3.5969
3.59698
3.59699
3.59712
3.59717
3.59735
3.59739
3.59748
3.59748
3.59758
3.59765
3.59767
3.5977
3.59779
3.59781
3.59793
3.59794
3.59795
3.59801
3.59805
3.59805
3.59807
3.59807
3.59811
3.59816
3.5983
3.59833
3.59839
3.59839
3.59856
3.59873
3.59881
3.59924
3.5993
3.5993
3.59932
3.59939
3.59939
3.59941
3.59944
3.5995
3.5996
3.5996
3.59962
3.59968
3.59971
3.59985
3.59995
3.59999
3.59999
3.60022
3.60024
3.60025
3.60044
3.60049
3.60053
3.60061
3.60079
3.60085
3.60085
3.60088
3.60092
3.60092
3.60124
3.60129
3.60134
3.60138
3.60141
3.60146
3.60158
3.60166
3.60167
3.60173
3.60185
3.60189
3.60196
3.60199
3.60202
3.6021
3.60216
3.60219
3.60219
3.60226
3.60227
3.60234
3.60241
3.60264
3.60272
3.60287
3.60289
3.60295
3.60296
3.60297
3.60304
3.60313
3.60316
3.60319
3.6032
3.6032
3.6034
3.60342
3.60351
3.60354
3.6036
3.60374
3.6038
3.60387
3.60393
3.60401
3.60401
3.60411
3.60413
3.60421
3.60432
3.60438
3.60474
3.60494
3.60497
3.60505
3.60508
3.60509
3.6051
3.60516
3.60516
3.60523
3.60524
3.60525
3.60526
3.60527
3.6053
3.60532
3.60539
3.6054
3.60545
3.60551
3.60559
3.60559
3.60562
3.6057
3.6059
3.60598
3.60599
3.60602
3.6063
3.6063
3.60631
3.60632
3.60637
3.6065
3.6065
3.6066
3.6066
3.60663
3.60666
3.60666
3.60675
3.60681
3.60694
3.60697
3.60699
3.60707
3.60708
3.60711
3.60712
3.60715
3.60723
3.60735
3.60738
3.60758
3.60759
3.60761
3.60769
3.60771
3.60775
3.60788
3.60792
3.60803
3.60804
3.60811
3.60819
3.6082
3.60834
3.60835
3.60842
3.60847
3.60855
3.60866
3.60888
3.60916
3.60929
3.60934
3.60962
3.60965
3.60965
3.60965
3.6097
3.6097
3.60974
3.60983
3.60984
3.60988
3.61006
3.6102
3.61024
3.61038
3.61042
3.61042
3.61051
3.61051
3.61052
3.6106
3.61075
3.61079
3.61079
3.6108
3.61095
3.61096
3.611
3.61101
3.61102
3.61103
3.61106
3.6111
3.61114
3.6112
3.61132
3.61141
3.61142
3.61152
3.61154
3.61168
3.61169
3.61183
3.61184
3.61185
3.61211
3.61216
3.61231
3.61238
3.61248
3.61248
3.61249
3.61256
3.61259
3.61272
3.61284
3.61322
3.6133
3.6133
3.61336
3.61339
3.61355
3.61365
3.61367
3.61376
3.61382
3.6139
3.61391
3.61393
3.61398
3.61403
3.61404
3.61408
3.61414
3.61414
3.61423
3.61437
3.61449
3.61453
3.61456
3.61459
3.61466
3.6148
3.61488
3.61489
3.61491
3.61492
3.61493
3.61496
3.61504
3.61506
3.61508
3.61527
3.61537
3.61538
3.61546
3.61561
3.6157
3.6157
3.61592
3.616
3.61603
3.61609
3.61614
3.61622
3.61624
3.6163
3.61643
3.61644
3.61655
3.61673
3.61675
3.61684
3.61684
3.61699
3.6172
3.61721
3.61721
3.61725
3.61727
3.61728
3.61747
3.6175
3.6175
3.61775
3.61788
3.61798
3.618
3.61812
3.61822
3.61822
3.61826
3.6183
3.61833
3.61835
3.61842
3.61848
3.61871
3.61898
3.61903
3.6191
3.61912
3.6192
3.61929
3.61931
3.61951
3.61953
3.61954
3.61957
3.61959
3.61965
3.61965
3.61969
3.61971
3.61973
3.61974
3.61986
3.61998
3.62008
3.62019
3.6202
3.62037
3.62038
3.62042
3.62051
3.62055
3.62056
3.62056
3.62061
3.62088
3.62096
3.62096
3.62099
3.62099
3.621
3.62121
3.62128
3.62135
3.62138
3.6217
3.62174
3.62177
3.62186
3.62187
3.62188
3.62199
3.622
3.62201
3.62206
3.62207
3.6221
3.6221
3.62222
3.62245
3.6225
3.62255
3.62256
3.62256
3.62282
3.62287
3.62288
3.623
3.62305
3.62314
3.62314
3.62328
3.62332
3.62341
3.62342
3.62346
3.6235
3.62355
3.6236
3.62369
3.62374
3.62377
3.62379
3.62401
3.62437
3.62442
3.62447
3.62456
3.62458
3.6246
3.62464
3.62466
3.62476
3.62482
3.62488
3.6249
3.6249
3.62492
3.62494
3.62505
3.62508
3.62513
3.62533
3.62539
3.62543
3.62545
3.62552
3.62552
3.62583
3.62583
3.62584
3.62588
3.626
3.62609
3.62619
3.62623
3.62633
3.62638
3.62642
3.62645
3.6265
3.62662
3.62664
3.62667
3.62677
3.62684
3.62695
3.62697
3.62703
3.62709
3.62722
3.62725
3.62728
3.62728
3.6273
3.6274
3.62742
3.62748
3.62763
3.62764
3.62771
3.62781
3.62799
3.62803
3.62803
3.62824
3.62842
3.62846
3.62851
3.62867
3.62875
3.62875
3.62882
3.62885
3.62893
3.62908
3.62928
3.62928
3.6293
3.62934
3.62938
3.62941
3.62941
3.62949
3.62951
3.62953
3.62953
3.62954
3.62965
3.62972
3.62972
3.62979
3.62979
3.62986
3.62988
3.6299
3.62999
3.63003
3.63015
3.63015
3.63018
3.6302
3.63024
3.63025
3.6303
3.63031
3.63041
3.63047
3.63052
3.63054
3.63058
3.63069
3.63089
3.63103
3.63107
3.63113
3.63134
3.63142
3.63153
3.63168
3.63169
3.63176
3.63179
3.63181
3.63196
3.63201
3.63207
3.63213
3.63216
3.63216
3.63228
3.63239
3.63252
3.63271
3.63274
3.63275
3.633
3.63311
3.63327
3.63329
3.63334
3.63341
3.63342
3.63355
3.63357
3.63357
3.63359
3.63362
3.63366
3.63367
3.63373
3.63373
3.63374
3.63385
3.63387
3.63387
3.63391
3.63399
3.634
3.63402
3.63406
3.63408
3.63425
3.63425
3.63427
3.63431
3.63436
3.63442
3.63445
3.63464
3.63465
3.63468
3.63481
3.63494
3.63496
3.63524
3.63526
3.63532
3.63545
3.63577
3.63582
3.63599
3.63604
3.63608
3.63609
3.63609
3.63613
3.63623
3.63623
3.63632
3.63641
3.63641
3.63659
3.63659
3.63664
3.63668
3.63691
3.63695
3.63696
3.63706
3.6371
3.63715
3.63722
3.63723
3.63728
3.63741
3.63742
3.63748
3.63757
3.63759
3.63775
3.63786
3.63789
3.63794
3.63805
3.63807
3.63813
3.63833
3.63836
3.63838
3.63848
3.63857
3.63858
3.6386
3.63869
3.63874
3.6388
3.63881
3.63888
3.63897
3.63904
3.63914
3.63914
3.6392
3.63922
3.63925
3.63926
3.63934
3.63934
3.63943
3.63951
3.63955
3.63966
3.6398
3.63994
3.63997
3.64005
3.64009
3.64009
3.64021
3.64033
3.64039
3.64039
3.64048
3.64049
3.64058
3.64059
3.64059
3.64082
3.64093
3.64107
3.64116
3.64133
3.64149
3.64155
3.6416
3.64161
3.64165
3.64166
3.64169
3.6417
3.64172
3.64177
3.64189
3.64191
3.64198
3.64213
3.64215
3.64215
3.64224
3.64239
3.6424
3.64244
3.64256
3.6426
3.64265
3.64271
3.6428
3.6429
3.64292
3.64296
3.64303
3.64315
3.64326
3.64341
3.64345
3.64355
3.64361
3.64363
3.64365
3.64368
3.64369
3.64386
3.64389
3.64394
3.64397
3.64397
3.64399
3.644
3.64403
3.64407
3.64418
3.64419
3.64422
3.6445
3.64453
3.64455
3.64457
3.64465
3.64465
3.6447
3.64472
3.64474
3.6448
3.64495
3.64504
3.6452
3.64529
3.64531
3.64537
3.64538
3.64538
3.64543
3.64546
3.64549
3.64551
3.64557
3.64562
3.64591
3.64592
3.64601
3.64603
3.64603
3.64603
3.64606
3.64609
3.64615
3.64625
3.64631
3.64655
3.64659
3.64668
3.64673
3.64674
3.64674
3.64676
3.64687
3.64689
3.64691
3.64697
3.64702
3.64703
3.64705
3.64712
3.64718
3.64732
3.64736
3.64762
3.64763
3.64779
3.64787
3.64796
3.64798
3.64806
3.64808
3.64813
3.64814
3.64817
3.64838
3.64849
3.64852
3.64856
3.64862
3.64876
3.64876
3.64879
3.64886
3.64894
3.64899
3.64908
3.64917
3.64917
3.64917
3.64922
3.64927
3.64927
3.6494
3.64959
3.64964
3.64973
3.64982
3.64982
3.64991
3.65
3.65005
3.65006
3.65027
3.65036
3.6505
3.6505
3.65052
3.65055
3.6506
3.65062
3.6507
3.65083
3.65085
3.65094
3.65101
3.65104
3.65107
3.6511
3.65111
3.65113
3.65114
3.65128
3.65129
3.65139
3.6514
3.65145
3.65157
3.6516
3.65165
3.65174
3.65178
3.65189
3.65192
3.65193
3.65197
3.65201
3.65204
3.65218
3.65222
3.65242
3.65248
3.65252
3.65255
3.65271
3.65288
3.65292
3.65304
3.65316
3.65316
3.65318
3.65321
3.65321
3.65327
3.65331
3.65337
3.65342
3.65345
3.65346
3.65346
3.65364
3.65368
3.65371
3.65372
3.65373
3.65376
3.65377
3.65382
3.65383
3.65407
3.65408
3.6542
3.65423
3.65429
3.65429
3.65432
3.65433
3.65447
3.65448
3.65449
3.65455
3.65462
3.65463
3.6547
3.6549
3.65495
3.65501
3.65517
3.65559
3.65564
3.65576
3.65581
3.65584
3.65585
3.65585
3.65594
3.65602
3.65603
3.65617
3.65619
3.65628
3.65638
3.65649
3.65663
3.65674
3.65677
3.65684
3.65691
3.65698
3.657
3.65702
3.65702
3.65707
3.65713
3.65726
3.65748
3.65748
3.65762
3.65767
3.65772
3.65776
3.65788
3.65796
3.65798
3.65801
3.65804
3.65827
3.65835
3.65851
3.65863
3.65872
3.65899
3.659
3.65906
3.65912
3.65919
3.65927
3.65937
3.65939
3.65944
3.65957
3.65959
3.65963
3.65963
3.65965
3.65965
3.65965
3.65969
3.65972
3.65972
3.65976
3.65983
3.65991
3.66007
3.66011
3.66011
3.66012
3.66014
3.66022
3.66022
3.66027
3.66036
3.66054
3.66055
3.66056
3.66056
3.66056
3.66058
3.66058
3.66059
3.6606
3.66065
3.66067
3.66087
3.66088
3.6609
3.66098
3.66118
3.66123
3.66123
3.66128
3.66134
3.66137
3.66139
3.66143
3.66146
3.66156
3.66159
3.66171
3.66183
3.66186
3.66195
3.66207
3.6623
3.66245
3.66268
3.66273
3.66277
3.66277
3.66282
3.66286
3.66305
3.66314
3.66328
3.66333
3.66333
3.66338
3.66347
3.66361
3.66366
3.66377
3.6638
3.66392
3.66396
3.66397
3.66401
3.66403
3.66412
3.66421
3.6643
3.66444
3.66458
3.6646
3.6647
3.66495
3.66502
3.66505
3.66508
3.66514
3.66516
3.6652
3.66523
3.66524
3.66525
3.66526
3.66526
3.6653
3.66534
3.66538
3.66539
3.6654
3.66541
3.6655
3.66558
3.66559
3.66561
3.66564
3.66569
3.6657
3.66583
3.66591
3.66598
3.66599
3.66599
3.66602
3.6661
3.66618
3.66626
3.66635
3.66644
3.66651
3.66655
3.66658
3.66659
3.66661
3.66678
3.66695
3.66698
3.66699
3.66703
3.66707
3.66714
3.66727
3.66729
3.66733
3.6675
3.66784
3.66789
3.66794
3.66798
3.66799
3.66802
3.66804
3.66809
3.66817
3.66819
3.66823
3.66827
3.66829
3.66837
3.6684
3.66851
3.6686
3.6686
3.66872
3.66897
3.66907
3.66908
3.6691
3.66915
3.66919
3.66927
3.66942
3.66947
3.66949
3.66975
3.66982
3.66984
3.66989
3.66993
3.66996
3.67
3.67007
3.67022
3.67031
3.67031
3.6704
3.6704
3.67048
3.67051
3.67053
3.67056
3.67056
3.67057
3.67061
3.67063
3.6707
3.67089
3.67111
3.67117
3.67134
3.67134
3.67141
3.67171
3.67179
3.67194
3.67203
3.67203
3.67211
3.67211
3.67213
3.67219
3.67223
3.67225
3.67225
3.67237
3.67242
3.6725
3.67255
3.67257
3.67261
3.67267
3.67271
3.67279
3.67285
3.67295
3.67308
3.67309
3.67315
3.67322
3.67329
3.67338
3.67351
3.67361
3.67378
3.67385
3.67392
3.67409
3.67414
3.6742
3.67429
3.67431
3.67449
3.67451
3.67452
3.67455
3.67458
3.67478
3.67483
3.6749
3.67494
3.67494
3.67504
3.67516
3.67528
3.67528
3.67534
3.67545
3.67545
3.67554
3.67563
3.67563
3.67571
3.67601
3.67605
3.67606
3.67615
3.67633
3.67638
3.67647
3.67656
3.67666
3.6767
3.6767
3.67684
3.67685
3.67693
3.67694
3.67709
3.67718
3.67726
3.67735
3.67735
3.67735
3.67751
3.67762
3.67769
3.67773
3.67774
3.67776
3.67784
3.67808
3.67811
3.67814
3.67831
3.67835
3.67843
3.67845
3.67846
3.67857
3.6786
3.67862
3.67871
3.67885
3.67886
3.67902
3.67904
3.67908
3.67946
3.67955
3.67955
3.67997
3.68006
3.68032
3.68033
3.68048
3.68051
3.68066
3.68089
3.6809
3.68092
3.68097
3.68097
3.681
3.68101
3.68112
3.68128
3.68129
3.68134
3.68135
3.68136
3.68149
3.68149
3.68162
3.68165
3.68169
3.68183
3.68195
3.68203
3.68206
3.68222
3.68224
3.68227
3.68245
3.68246
3.68252
3.68252
3.68254
3.68257
3.68257
3.68265
3.68273
3.68275
3.68275
3.68276
3.6828
3.68282
3.68286
3.68287
3.68296
3.68298
3.68301
3.68301
3.68317
3.6832
3.68322
3.68324
3.68333
3.68336
3.68352
3.68373
3.68376
3.68397
3.68399
3.68404
3.68421
3.68423
3.6845
3.68451
3.68454
3.68483
3.68483
3.68484
3.68484
3.68496
3.68496
3.68498
3.685
3.685
3.68505
3.68514
3.6852
3.68521
3.68522
3.68539
3.68547
3.68552
3.68552
3.68561
3.68563
3.68596
3.686
3.68645
3.68652
3.68659
3.68661
3.68669
3.68678
3.68678
3.68696
3.687
3.68707
3.68717
3.6872
3.68738
3.6874
3.68743
3.68748
3.68757
3.68769
3.68778
3.68786
3.6879
3.68796
3.68803
3.68808
3.6881
3.68813
3.68815
3.68816
3.68819
3.68829
3.68829
3.68833
3.6884
3.6884
3.68843
3.68854
3.68861
3.68877
3.68882
3.68884
3.68884
3.68887
3.689
3.68905
3.68905
3.6891
3.68918
3.68923
3.6893
3.68942
3.68943
3.68948
3.68948
3.68952
3.68952
3.68967
3.68971
3.68976
3.68981
3.68994
3.68999
3.68999
3.69008
3.69018
3.69023
3.69036
3.69036
3.69056
3.6906
3.69074
3.69075
3.6908
3.69096
3.69098
3.69107
3.69107
3.69122
3.69123
3.69131
3.69144
3.69166
3.69174
3.69176
3.69195
3.6921
3.69213
3.69216
3.69217
3.69222
3.69228
3.69232
3.69233
3.69236
3.69241
3.69242
3.69249
3.69262
3.69263
3.69274
3.69277
3.69285
3.69293
3.69299
3.69303
3.69322
3.69339
3.69344
3.69347
3.6936
3.69363
3.69368
3.69378
3.69382
3.6941
3.69415
3.69419
3.69426
3.6943
3.69434
3.69442
3.69457
3.69461
3.69469
3.69471
3.69474
3.69482
3.69494
3.69497
3.69506
3.69508
3.69511
3.69516
3.6952
3.69522
3.69523
3.69539
3.69543
3.69549
3.69557
3.69558
3.6956
3.69567
3.69593
3.69595
3.69605
3.69607
3.69618
3.69618
3.69632
3.69634
3.69636
3.69641
3.69643
3.69644
3.69651
3.69652
3.6966
3.69674
3.69681
3.6969
3.69693
3.69704
3.69716
3.69726
3.69735
3.69735
3.69747
3.69751
3.69754
3.69771
3.69785
3.69785
3.69791
3.69793
3.69794
3.69822
3.69827
3.69831
3.6984
3.6985
3.69854
3.69856
3.6986
3.69874
3.69876
3.69876
3.69889
3.69895
3.699
3.6991
3.69926
3.69934
3.69936
3.69937
3.69942
3.69949
3.6996
3.69968
3.69969
3.6997
3.69985
3.69994
3.7
3.70008
3.70016
3.70021
3.70039
3.70043
3.7005
3.70069
3.70071
3.70072
3.70113
3.70113
3.70115
3.70116
3.70126
3.70131
3.70138
3.7016
3.70164
3.70188
3.70195
3.7021
3.70216
3.70249
3.70251
3.70255
3.70266
3.70271
3.70272
3.70272
3.70281
3.70319
3.70319
3.70327
3.70333
3.70337
3.70346
3.70346
3.70356
3.70375
3.7038
3.7038
3.70384
3.70389
3.70408
3.70408
3.70413
3.70421
3.70423
3.70428
3.70432
3.7044
3.70441
3.70454
3.70462
3.70472
3.70501
3.70501
3.70508
3.70509
3.70514
3.70527
3.70528
3.70536
3.70544
3.7055
3.70556
3.70556
3.7056
3.70574
3.70575
3.70582
3.70586
3.70587
3.7059
3.70601
3.70606
3.7061
3.70614
3.7063
3.70635
3.70651
3.70653
3.70672
3.70673
3.70678
3.70678
3.70679
3.70682
3.7069
3.70701
3.70703
3.70721
3.70728
3.70734
3.70759
3.70766
3.70779
3.70802
3.70803
3.70808
3.70819
3.7082
3.70822
3.7083
3.70836
3.70836
3.70838
3.70839
3.70839
3.70843
3.70872
3.70882
3.70896
3.70897
3.70901
3.70909
3.70917
3.70921
3.70927
3.70932
3.70934
3.70948
3.70951
3.70959
3.70965
3.70965
3.70969
3.7097
3.70974
3.70975
3.70976
3.70985
3.70987
3.70993
3.71001
3.71017
3.71023
3.71025
3.71034
3.71036
3.71036
3.71041
3.71043
3.71046
3.71046
3.71046
3.71065
3.71069
3.71074
3.71081
3.71095
3.71103
3.71107
3.71113
3.71116
3.71127
3.71142
3.71142
3.71145
3.71146
3.71148
3.71154
3.71157
3.7116
3.71188
3.71189
3.71199
3.7122
3.71223
3.71237
3.71246
3.7125
3.71267
3.71269
3.71271
3.71273
3.71282
3.71321
3.71329
3.71358
3.71366
3.71377
3.71378
3.71379
3.71384
3.71392
3.71408
3.7141
3.71416
3.71441
3.71448
3.71456
3.71459
3.71462
3.71462
3.71487
3.71503
3.71513
3.71521
3.71527
3.71534
3.71535
3.71544
3.71551
3.71554
3.71558
3.7156
3.71572
3.71574
3.71591
3.71591
3.71612
3.71615
3.71615
3.71633
3.71633
3.71634
3.71634
3.71635
3.71638
3.71643
3.71653
3.71653
3.71662
3.71663
3.71669
3.71671
3.7169
3.71704
3.71709
3.7171
3.71718
3.71719
3.71723
3.71723
3.71733
3.71742
3.71742
3.71752
3.71757
3.71757
3.71757
3.71761
3.71766
3.71771
3.71775
3.7178
3.7178
3.7179
3.71795
3.718
3.71809
3.71814
3.71829
3.71833
3.71838
3.71839
3.71846
3.71858
3.71866
3.7187
3.71875
3.71897
3.71902
3.71918
3.71936
3.71941
3.71948
3.71962
3.71964
3.71968
3.71974
3.71977
3.7198
3.71983
3.71984
3.7199
3.72007
3.72007
3.7205
3.72058
3.72061
3.72079
3.7208
3.72085
3.72087
3.72089
3.72095
3.72098
3.72099
3.72105
3.72105
3.72107
3.72111
3.72115
3.72118
3.7213
3.72131
3.72136
3.72136
3.72148
3.72162
3.72163
3.72168
3.72193
3.72202
3.72204
3.72208
3.72223
3.72223
3.72224
3.72239
3.7224
3.72241
3.72242
3.72259
3.72269
3.72277
3.72277
3.72291
3.72293
3.72297
3.72297
3.72308
3.72311
3.72317
3.72326
3.72329
3.72335
3.72336
3.7234
3.72346
3.72382
3.72382
3.72388
3.72389
3.72396
3.72404
3.72413
3.7242
3.72423
3.72435
3.72435
3.72451
3.72452
3.72454
3.72454
3.72458
3.7246
3.72461
3.72475
3.72479
3.7249
3.72491
3.72491
3.72496
3.72519
3.72522
3.72523
3.72536
3.72549
3.7255
3.72554
3.72574
3.72579
3.7258
3.72585
3.72589
3.72593
3.72598
3.72613
3.72638
3.72638
3.72646
3.72646
3.7265
3.72652
3.72653
3.72672
3.72674
3.72677
3.72687
3.7269
3.72693
3.72699
3.72709
3.72715
3.72724
3.7275
3.72751
3.72753
3.72756
3.72758
3.72762
3.72781
3.7279
3.72804
3.72816
3.72819
3.72821
3.72833
3.72842
3.72874
3.72903
3.72918
3.72919
3.72921
3.72923
3.72926
3.72929
3.72929
3.7293
3.7298
3.72984
3.72997
3.72998
3.73003
3.73004
3.7301
3.73021
3.73029
3.7303
3.73033
3.73044
3.73049
3.73058
3.73072
3.73077
3.73086
3.73096
3.73106
3.73111
3.73115
3.73115
3.7312
3.7312
3.73125
3.73125
3.73139
3.73139
3.73149
3.73158
3.73163
3.73167
3.73177
3.73177
3.73191
3.73192
3.73202
3.7322
3.7322
3.73221
3.73225
3.73263
3.73264
3.73264
3.73264
3.73266
3.73274
3.73285
3.73297
3.73301
3.73307
3.73308
3.7332
3.73322
3.73323
3.73339
3.73343
3.73345
3.73347
3.73353
3.73353
3.73363
3.7337
3.73374
3.73375
3.7338
3.73395
3.73408
3.73408
3.7341
3.73412
3.73415
3.73416
3.73434
3.73435
3.73462
3.73464
3.73472
3.73501
3.73502
3.73507
3.73516
3.73517
3.73517
3.73521
3.73522
3.73549
3.7356
3.7356
3.73563
3.73565
3.73573
3.73574
3.73576
3.73591
3.73594
3.73608
3.73634
3.73636
3.73638
3.73642
3.73643
3.73668
3.73677
3.73678
3.73681
3.73682
3.73689
3.73708
3.73709
3.73716
3.73717
3.73736
3.73736
3.73737
3.73741
3.73742
3.73748
3.73763
3.73769
3.73774
3.73779
3.73791
3.73791
3.7381
3.73817
3.73817
3.73824
3.73839
3.73839
3.73846
3.73892
3.73894
3.73906
3.7391
3.73945
3.73959
3.7398
3.73982
3.73983
3.73989
3.73989
3.73993
3.74012
3.74013
3.74014
3.74026
3.74027
3.74035
3.7405
3.74062
3.74065
3.7407
3.74071
3.74076
3.74102
3.74102
3.7411
3.74118
3.74128
3.74129
3.74149
3.74166
3.74172
3.74173
3.74179
3.74197
3.74203
3.74209
3.74218
3.74236
3.74241
3.74249
3.74249
3.74251
3.74257
3.74273
3.74286
3.74293
3.74294
3.74295
3.74308
3.74309
3.74312
3.74312
3.74323
3.74329
3.7433
3.74332
3.74341
3.74343
3.74348
3.74351
3.74354
3.74354
3.74357
3.74372
3.74383
3.74386
3.74425
3.74427
3.74436
3.7444
3.74454
3.7446
3.74474
3.74503
3.74503
3.74503
3.74503
3.74508
3.74537
3.7458
3.74585
3.74628
3.7464
3.74678
3.74703
3.74722
3.74722
3.74726
3.74747
3.74754
3.7476
3.74769
3.74771
3.74776
3.74776
3.74785
3.74792
3.74797
3.74798
3.74804
3.74813
3.7483
3.74842
3.74845
3.74854
3.74871
3.74883
3.74888
3.74888
3.74889
3.74897
3.74897
3.74902
3.7495
3.74962
3.74966
3.74966
3.74967
3.74978
3.7499
3.74995
3.75013
3.75013
3.75014
3.75029
3.75033
3.75048
3.75064
3.75069
3.75085
3.75099
3.75118
3.75122
3.75122
3.75142
3.75148
3.75164
3.75169
3.7517
3.75171
3.75172
3.75183
3.75194
3.75198
3.75204
3.75212
3.7523
3.75235
3.75247
3.75247
3.75254
3.75294
3.75305
3.75307
3.75316
3.75325
3.75351
3.75354
3.75355
3.75371
3.75387
3.75404
3.75413
3.75429
3.75441
3.75442
3.75444
3.75444
3.75457
3.75458
3.75466
3.75469
3.75473
3.75474
3.75487
3.75498
3.75501
3.75511
3.75512
3.75517
3.75519
3.75531
3.75539
3.75553
3.75565
3.75571
3.75589
3.75598
3.7561
3.75615
3.75626
3.75626
3.75627
3.75642
3.75645
3.7566
3.75678
3.75689
3.75733
3.75752
3.7576
3.75774
3.75775
3.75781
3.75787
3.75797
3.75809
3.75825
3.75838
3.75853
3.75857
3.75901
3.75916
3.7593
3.7593
3.7593
3.7595
3.75959
3.75974
3.75988
3.75998
3.76007
3.7604
3.76042
3.76047
3.76066
3.76067
3.76071
3.76093
3.76095
3.76103
3.76105
3.76112
3.76115
3.76128
3.7614
3.76149
3.76163
3.76168
3.76174
3.76205
3.76206
3.76218
3.76232
3.76236
3.76237
3.76238
3.76254
3.76262
3.76264
3.7627
3.76276
3.76289
3.76321
3.76334
3.76334
3.76343
3.76345
3.76347
3.76359
3.76368
3.76378
3.7639
3.7639
3.76391
3.76403
3.76412
3.76418
3.76418
3.76436
3.7644
3.76442
3.76458
3.765
3.76504
3.7651
3.76517
3.76519
3.7652
3.7654
3.76546
3.76553
3.7656
3.7659
3.76594
3.7661
3.76616
3.76621
3.76629
3.76631
3.76631
3.76636
3.76643
3.76645
3.76667
3.76669
3.76695
3.76698
3.76699
3.76709
3.76711
3.76723
3.76724
3.76741
3.76757
3.76773
3.76776
3.76777
3.76779
3.76781
3.76783
3.76806
3.76821
3.76829
3.76855
3.76868
3.76875
3.76875
3.76888
3.76917
3.76923
3.76931
3.76937
3.76941
3.76942
3.76955
3.76999
3.77021
3.77047
3.77063
3.77064
3.77084
3.77091
3.77104
3.77108
3.77113
3.77119
3.77126
3.77138
3.77168
3.77168
3.77171
3.77176
3.7718
3.77196
3.77215
3.77218
3.77222
3.77225
3.77237
3.77238
3.77254
3.77261
3.77261
3.77264
3.77279
3.77305
3.77319
3.77329
3.7733
3.77339
3.77349
3.77349
3.77358
3.77363
3.77363
3.77388
3.77397
3.77402
3.77423
3.77436
3.77437
3.77442
3.77445
3.77447
3.77456
3.77457
3.77465
3.77469
3.7747
3.77473
3.77475
3.77481
3.77528
3.7754
3.77543
3.77552
3.77558
3.77565
3.77567
3.77572
3.77583
3.77598
3.77598
3.77602
3.7761
3.77611
3.77624
3.7763
3.77651
3.77663
3.77676
3.77678
3.77706
3.77709
3.77715
3.77726
3.77727
3.77727
3.77728
3.77732
3.77745
3.77749
3.77754
3.77765
3.77783
3.77789
3.77792
3.77808
3.77811
3.77815
3.77822
3.77824
3.77824
3.77829
3.7784
3.77852
3.77883
3.77897
3.77923
3.77966
3.77979
3.77994
3.77995
3.77999
3.78014
3.78032
3.78043
3.78057
3.78062
3.78062
3.78072
3.78079
3.78082
3.78104
3.78111
3.78154
3.78155
3.78161
3.78161
3.78168
3.78171
3.78212
3.78222
3.78232
3.78241
3.78267
3.7827
3.78287
3.78288
3.78292
3.783
3.78318
3.78331
3.78336
3.78341
3.78342
3.7835
3.78369
3.78381
3.78385
3.78388
3.78401
3.7841
3.78416
3.78437
3.78457
3.78506
3.78521
3.78538
3.78555
3.78559
3.786
3.786
3.78642
3.78667
3.7867
3.78671
3.78674
3.78681
3.7869
3.78691
3.78745
3.78749
3.78758
3.78769
3.78773
3.78773
3.78798
3.78817
3.78822
3.78847
3.78853
3.78862
3.78875
3.78878
3.7891
3.78954
3.78956
3.78957
3.78969
3.78986
3.78987
3.7899
3.7901
3.79047
3.79054
3.79055
3.79057
3.7906
3.79068
3.79071
3.79072
3.79105
3.79109
3.79114
3.79127
3.79129
3.79134
3.79139
3.79167
3.79168
3.7918
3.79193
3.79206
3.79207
3.79229
3.79229
3.79255
3.79255
3.79281
3.79286
3.79323
3.79335
3.7934
3.79342
3.79349
3.79362
3.79362
3.79387
3.79388
3.79398
3.79399
3.79438
3.79447
3.79452
3.7947
3.7947
3.79472
3.79492
3.79494
3.79521
3.79531
3.79531
3.79546
3.79556
3.79565
3.79565
3.79585
3.79625
3.79626
3.7965
3.79652
3.79666
3.79681
3.79684
3.79687
3.79692
3.79693
3.79695
3.797
3.79701
3.79708
3.7973
3.79735
3.79735
3.79752
3.79752
3.79752
3.79777
3.79791
3.79801
3.79825
3.79832
3.79834
3.79836
3.79842
3.79849
3.79858
3.79862
3.79884
3.79885
3.79898
3.79903
3.79909
3.79931
3.79945
3.79949
3.79951
3.79957
3.79967
3.79997
3.80011
3.80026
3.8004
3.80044
3.80049
3.80061
3.80065
3.80071
3.80093
3.80096
3.80108
3.80148
3.80149
3.80154
3.80169
3.80203
3.80204
3.80223
3.80228
3.80238
3.80258
3.80268
3.80308
3.80313
3.80321
3.80326
3.80346
3.80355
3.80374
3.80392
3.80403
3.80421
3.80429
3.80475
3.80487
3.80492
3.80501
3.80516
3.80519
3.8054
3.80545
3.80568
3.80597
3.806
3.80637
3.8064
3.80643
3.80666
3.8067
3.80681
3.80696
3.80696
3.80732
3.80745
3.80753
3.80764
3.80771
3.80781
3.80788
3.80791
3.80807
3.80819
3.80831
3.80836
3.8084
3.80845
3.80859
3.80865
3.80867
3.8092
3.80923
3.80923
3.80925
3.80933
3.80933
3.8094
3.80947
3.80952
3.8097
3.80972
3.80992
3.81004
3.81004
3.81008
3.81058
3.81082
3.81089
3.81104
3.81123
3.81133
3.81151
3.81153
3.81158
3.81168
3.81172
3.81181
3.81188
3.81194
3.81206
3.81208
3.81222
3.81234
3.81241
3.81259
3.8126
3.81304
3.81309
3.81314
3.81317
3.81324
3.81324
3.81329
3.81363
3.81372
3.81393
3.81395
3.814
3.814
3.8142
3.81435
3.81442
3.81445
3.81451
3.81465
3.81467
3.81469
3.81484
3.81492
3.81518
3.81537
3.81551
3.81553
3.81559
3.81566
3.81568
3.81577
3.8159
3.81597
3.81609
3.81616
3.8163
3.8163
3.81635
3.81664
3.81674
3.81674
3.81684
3.81714
3.81715
3.81719
3.81724
3.81733
3.81744
3.81763
3.81777
3.81787
3.81792
3.81793
3.81793
3.81811
3.81815
3.81817
3.81821
3.81822
3.8183
3.81841
3.81843
3.81847
3.81903
3.8191
3.81937
3.81941
3.81942
3.8196
3.81961
3.81969
3.82017
3.82018
3.82018
3.82023
3.82033
3.82064
3.82073
3.82087
3.82104
3.82108
3.82134
3.82139
3.82161
3.82188
3.82206
3.82216
3.82228
3.82233
3.82253
3.82253
3.82262
3.82264
3.82267
3.82288
3.82292
3.82304
3.82307
3.82307
3.82308
3.82311
3.82321
3.82339
3.8234
3.82343
3.8236
3.8237
3.8237
3.82377
3.82434
3.82436
3.82447
3.82473
3.82481
3.8249
3.8252
3.82521
3.82522
3.82541
3.82549
3.82563
3.82572
3.8258
3.82593
3.82606
3.82608
3.8261
3.82636
3.82647
3.82669
3.82678
3.82689
3.82692
3.82711
3.82732
3.82742
3.82757
3.82766
3.82789
3.82802
3.82817
3.82819
3.8282
3.82854
3.82856
3.82857
3.82862
3.82863
3.8287
3.82908
3.82918
3.82933
3.82939
3.82942
3.82948
3.82951
3.8296
3.82971
3.82975
3.82978
3.83001
3.83003
3.83006
3.83016
3.83027
3.83043
3.83069
3.83086
3.83087
3.83102
3.83106
3.83107
3.83152
3.83201
3.83205
3.83217
3.83221
3.83229
3.83258
3.83261
3.83266
3.83285
3.8329
3.83318
3.83318
3.83353
3.83357
3.83382
3.83391
3.83391
3.83409
3.83418
3.8348
3.8349
3.83502
3.83517
3.83518
3.83528
3.8354
3.83547
3.83612
3.83615
3.83617
3.83622
3.83627
3.83627
3.83628
3.83652
3.83667
3.83688
3.83698
3.83702
3.83706
3.83714
3.83721
3.83729
3.83763
3.83765
3.838
3.83812
3.83825
3.83828
3.8383
3.83839
3.83857
3.83857
3.83867
3.83882
3.83935
3.83987
3.84013
3.8402
3.84034
3.84044
3.84068
3.84089
3.84094
3.84098
3.84105
3.84115
3.84128
3.84136
3.84203
3.84221
3.84224
3.84241
3.84261
3.84271
3.84291
3.84303
3.84307
3.84309
3.84312
3.84316
3.84317
3.84321
3.84391
3.84399
3.84402
3.84404
3.84414
3.84417
3.84437
3.84458
3.84461
3.84463
3.84486
3.84505
3.8452
3.8455
3.84559
3.84565
3.84566
3.8457
3.84591
3.84595
3.84615
3.8463
3.84635
3.8465
3.84666
3.8468
3.84685
3.84686
3.84695
3.84706
3.84747
3.84748
3.84762
3.84767
3.84809
3.84818
3.84832
3.84845
3.84861
3.84871
3.84872
3.84875
3.84897
3.84932
3.84949
3.84956
3.84995
3.85044
3.85044
3.85054
3.85058
3.85064
3.85107
3.85107
3.85113
3.85114
3.85114
3.85117
3.85126
3.85141
3.85178
3.85187
3.85192
3.85204
3.8521
3.85244
3.85262
3.85268
3.85301
3.85302
3.85329
3.85329
3.85351
3.85354
3.85391
3.85402
3.85417
3.85419
3.85488
3.85489
3.85492
3.85518
3.85535
3.85544
3.85548
3.85552
3.85555
3.85614
3.85621
3.85643
3.85646
3.85646
3.85659
3.85662
3.85666
3.85684
3.85697
3.85715
3.85777
3.85785
3.85785
3.85849
3.85925
3.85956
3.85973
3.85979
3.85997
3.86025
3.86051
3.86056
3.8606
3.86085
3.861
3.86131
3.86135
3.86141
3.8615
3.86151
3.86159
3.86161
3.86176
3.86246
3.86254
3.86267
3.86268
3.86271
3.8628
3.86282
3.86282
3.86333
3.8638
3.86406
3.86408
3.86427
3.86442
3.86443
3.86443
3.86486
3.86495
3.86504
3.86511
3.86528
3.86541
3.86566
3.86578
3.86639
3.86666
3.86696
3.86789
3.86796
3.86837
3.86921
3.86936
3.86943
3.86972
3.86974
3.86974
3.8703
3.87049
3.87097
3.87098
3.87102
3.87127
3.87155
3.87189
3.87197
3.87204
3.87217
3.87219
3.87227
3.87269
3.87301
3.87312
3.87326
3.87336
3.87366
3.87403
3.87404
3.87405
3.87406
3.87459
3.8749
3.87495
3.87501
3.87501
3.87516
3.87592
3.87597
3.87602
3.87607
3.87617
3.87643
3.87648
3.87678
3.87699
3.87712
3.87733
3.87736
3.87813
3.87821
3.87835
3.87869
3.87896
3.87935
3.8796
3.8796
3.87997
3.88004
3.88024
3.88064
3.88073
3.88078
3.88108
3.88109
3.88206
3.88225
3.88235
3.88275
3.88275
3.88307
3.88308
3.88383
3.88387
3.88429
3.88437
3.88443
3.88457
3.88485
3.8849
3.88547
3.88581
3.88588
3.88589
3.88613
3.88629
3.88645
3.88664
3.88669
3.88698
3.88701
3.88712
3.88743
3.88822
3.88844
3.88911
3.88917
3.88941
3.89018
3.89044
3.8907
3.8908
3.8908
3.89085
3.89105
3.8911
3.8915
3.89156
3.89161
3.89202
3.89242
3.8929
3.89311
3.89319
3.89381
3.89382
3.89388
3.89391
3.89401
3.89416
3.89471
3.8948
3.89518
3.89534
3.89563
3.89564
3.89597
3.89619
3.89634
3.8974
3.89756
3.89786
3.89833
3.89843
3.90001
3.90029
3.9006
3.90069
3.90075
3.90088
3.90126
3.90163
3.90174
3.90219
3.90251
3.90287
3.90298
3.9037
3.90472
3.90526
3.90532
3.90532
3.90537
3.90564
3.90567
3.90572
3.90579
3.90589
3.9062
3.90728
3.90748
3.90775
3.90795
3.90807
3.9081
3.90828
3.90856
3.90886
3.90967
3.90994
3.91022
3.91036
3.9107
3.911
3.91124
3.91133
3.91176
3.91191
3.91194
3.91273
3.9129
3.91332
3.91361
3.914
3.91543
3.91569
3.91581
3.91622
3.9165
3.91714
3.9174
3.9178
3.91801
3.91811
3.91829
3.919
3.91912
3.91948
3.91983
3.92026
3.92047
3.92048
3.92064
3.92074
3.92173
3.92193
3.92193
3.92246
3.92345
3.9239
3.92397
3.92406
3.92447
3.92468
3.92517
3.92529
3.92551
3.92555
3.92579
3.92623
3.92665
3.92763
3.92821
3.92896
3.92901
3.92933
3.92951
3.93098
3.93102
3.93122
3.93136
3.93146
3.93164
3.93218
3.93219
3.9324
3.93344
3.93381
3.93421
3.93422
3.93494
3.93505
3.93597
3.9368
3.9368
3.93706
3.93773
3.93812
3.93827
3.9383
3.93861
3.93903
3.93912
3.93913
3.93939
3.94081
3.94097
3.94158
3.94194
3.94237
3.94253
3.94276
3.94337
3.94396
3.94435
3.94449
3.9447
3.94495
3.94534
3.94555
3.94566
3.9457
3.94592
3.94739
3.94797
3.94886
3.94945
3.94989
3.95068
3.95077
3.95079
3.95093
3.95128
3.95262
3.95262
3.95293
3.95399
3.95406
3.95503
3.95585
3.95664
3.95665
3.95712
3.95722
3.95725
3.95752
3.95756
3.95853
3.95951
3.95971
3.96008
3.96037
3.96061
3.96091
3.96184
3.96273
3.96291
3.96306
3.96333
3.96431
3.96476
3.96545
3.96546
3.9655
3.96707
3.96709
3.96714
3.96751
3.96867
3.96895
3.96925
3.96946
3.97062
3.97102
3.97183
3.9719
3.97216
3.97266
3.97305
3.9737
3.97411
3.97601
3.97622
3.97709
3.9774
3.97744
3.9785
3.98041
3.98093
3.98119
3.98251
3.98273
3.98306
3.98433
3.98444
3.9853
3.98606
3.98612
3.98627
3.98629
3.98821
3.98922
3.98987
3.99008
3.99019
3.99055
3.99167
3.99215
3.99263
3.99321
3.99362
3.99649
3.99686
3.99793
4.00005
4.00145
4.00169
4.00174
4.00214
4.00361
4.00568
4.00609
4.00731
4.00762
4.00794
4.00985
4.01541
4.01644
4.01675
4.01815
4.02032
4.02152
4.02152
4.02181
4.02414
4.02431
4.02964
4.02994
4.03259
4.03383
4.03404
4.0358
4.03638
4.03686
4.03778
4.03801
4.03882
4.03914
4.04072
4.04127
4.04247
4.04433
4.04454
4.04488
4.04891
4.05301
4.05301
4.0556
4.05817
4.05835
4.06422
4.06738
4.06948
4.07395
4.07888
4.08362
4.08598
4.08837
4.09151
4.09157
4.09668
4.09709
4.10173
4.10809
4.11422
4.11685
4.11928
4.13078
4.14261
4.14295
4.14389
4.14943
4.16327
4.17204
4.20466
4.21149
4.21616
4.23258
3.65009144791667
