o
127.696
127.815
128.041
128.127
128.158
128.192
128.335
128.342
128.444
128.562
128.58
128.748
128.808
128.808
128.832
128.847
128.863
128.898
128.94
129.056
129.174
129.308
129.319
129.402
129.419
129.457
129.458
129.46
129.469
129.481
129.561
129.563
129.565
129.602
129.709
129.719
129.745
129.768
129.809
129.841
129.844
129.854
129.864
129.876
129.885
129.897
129.904
129.929
129.964
129.992
129.996
130.001
130.057
130.091
130.091
130.157
130.16
130.178
130.21
130.222
130.287
130.299
130.312
130.33
130.348
130.369
130.391
130.398
130.408
130.418
130.46
130.461
130.464
130.471
130.517
130.521
130.525
130.525
130.537
130.556
130.569
130.575
130.58
130.587
130.623
130.644
130.672
130.681
130.695
130.711
130.712
130.719
130.764
130.783
130.785
130.805
130.877
130.883
130.912
130.926
130.94
130.959
130.969
130.985
130.987
131.004
131.088
131.091
131.099
131.124
131.135
131.154
131.159
131.205
131.235
131.236
131.259
131.282
131.284
131.297
131.303
131.387
131.483
131.486
131.541
131.543
131.554
131.573
131.607
131.626
131.628
131.634
131.655
131.664
131.743
131.771
131.775
131.795
131.796
131.813
131.813
131.843
131.865
131.88
131.896
131.896
131.935
131.94
131.96
131.965
132.002
132.009
132.023
132.071
132.079
132.105
132.115
132.13
132.147
132.159
132.214
132.223
132.226
132.242
132.271
132.288
132.336
132.36
132.421
132.432
132.547
132.595
132.637
132.709
132.795
132.858
132.914
133.145
133.188
133.354
130.725833333333
