o
0.225479
21.0526
1.37552
2.85714
6.60793
4.17827
1.46413
1.99203
1.49925
12.2449
1.04058
0.42729
0
16.3934
2.58844
0.198138
44.1176
3.34076
11.0294
0.0418842
1.58562
34.0909
2.50836
18.75
21.0526
22.9008
1.56986
0
0
0
0
0
0
5.8651
4.03226
0.40347
24.6914
0.488878
0.24558
1.3089
0.957396
0.201877
17.2414
0.167757
22.9885
24.6914
0.670241
1.1325
4.7619
11.6959
33.7079
1.28205
2.49792
41.0959
10.0334
1.19048
3.9267
2.25056
22.5564
0.473784
0.21266
0.0111652
18.5185
4.89396
0.193324
31.9149
3.21888
18.75
0.0416991
22.7273
41.6667
46.1538
43.4783
22.9008
23.0769
1.35196
0
0
0
0
0
0
0.903614
0.658762
0.430354
7.5188
0.223664
0.106131
2.06897
0.175912
0.779423
0.156006
31.9149
0.145307
22.2222
13.1579
0.740741
0.876937
7.61421
23.0769
4.45434
0.965251
2.08623
11.0701
2.89017
1.52207
2.00938
1.98151
10.6762
0.927357
0.392722
0
11.2994
4.60829
0.202853
1.4627
2.56191
15.625
0.0410273
15.7895
8.35655
21.8978
7.38916
12.5
8.33333
1.55602
0
0
0
0
0
0
2.17155
1.30548
0.504796
11.8343
0.307787
0.148898
1.0304
0.314021
1.10619
0.232207
11.0497
0.142531
4.00802
6.36943
0.696379
0.793336
3.79267
4.75436
46.875
1.89994
1.95567
18.0723
8.95522
1.79211
3.6452
2.13371
16.129
0.385604
0.233281
0.0101695
42.8571
5.51471
0.142769
54.5455
2.00938
34.4828
0.0394239
31.25
21.4286
55.5556
22.9008
37.037
29.4118
1.13422
0
0
0
0
0
0
3.62319
1.53689
0.543183
28.0374
0.294609
0.144837
1.63043
0.193187
0.75643
0.161952
27.5229
0.175644
15.7895
16.3043
1.04932
1.15652
5.34759
20.979
4.96278
0.993049
2.95421
30.9278
6.60793
1.59915
2.61324
2.60191
7.40741
0.796813
0.445831
0
7.01754
5.3286
0.207756
32.967
5.20833
36.1446
0.0347907
4.57317
29.703
14.8515
34.4828
3.98406
7.65306
1.86916
0
0
0
0
0
0
2.11193
1.11545
0.462
12.8205
0.29274
0.115367
1.93611
0.273486
0.907029
0.161486
10.3093
0.114607
10.6952
33.3333
0.679348
1.0142
3.69004
17.5439
61.2245
1.48221
5.20833
19.7368
15.0754
1.28096
3.15789
2.80636
13.9535
0.767263
0.46225
0.011495
28.0374
1.43678
0.201072
50.8475
4.31655
25.2101
0.0606686
42.2535
42.8571
19.7368
12.8755
41.0959
1.91083
1.45843
0
0
0
0
0
0
2.12164
1.55199
0.663423
22.5564
0.316991
0.16889
4.12088
0.479463
1.46771
0.182893
32.2581
0.166095
30.9278
3.50467
0.369185
1.33869
6.38298
16.6667
13.245
1.21803
2.47525
28.5714
5.25394
1.46915
2.53807
2.6087
9.52381
0.384123
0.399202
0
20.4082
2.30769
0.151202
26.3158
2.76753
27.5229
0.0427594
4.37318
4.89396
3.7831
13.5747
34.4828
6.75676
0.71977
0
0
0
0
0
0
6.30915
2.14133
0.410425
24.6914
0.525901
0.285633
5.74713
0.639591
1.72117
0.240298
39.2157
0.157011
23.5294
6.00601
0.901713
1.17096
4.69484
25.974
12.766
1.14987
2.88184
12.931
9.09091
1.16234
3.35946
2.26074
11.1524
0.716332
0.199124
0.00771274
26.087
7.91557
0.371103
32.2581
8.64553
47.619
0.0913938
0.909918
28.8462
34.4828
25.2101
27.7778
29.703
2.79851
0
0
0
0
0
0
1.14112
0.867553
0.214992
2.35849
0.217881
0.104544
1.55763
0.265064
0.774793
0.121778
27.2727
0.121085
21.8978
3.70828
0.776398
0.932836
6.86499
25.4237
4.14079
1.20919
2.67738
76.9231
7.38007
1.67504
2.86123
2.40385
8.57143
0.915471
0.488122
0.00186482
8.19672
1.228
0.155023
36.5854
3.71287
29.4118
0.0326851
9.55414
20.8333
3.44037
22.2222
5.07614
9.28793
1.66667
0
0
0
0
0
0
1.53374
0.855066
0.43735
23.2558
0.26564
0.12738
1.65426
0.277585
0.985707
0.109944
9.47867
0.123442
3.33333
4.96278
0.605327
0.84246
4.84262
37.7358
4.15512
1.3459
4.26136
27.7778
6.65188
1.6269
4.16089
3.24675
10.9489
1.3245
0.557621
0
11.236
1.21017
0.171164
23.2558
3.64078
29.1262
0.0553516
4.6875
16.0428
24.5902
24
22.2222
19.1083
2.26586
0
0
0
0
0
0
2.97177
1.54679
0.702083
10.2041
0.353107
0.17335
1.96078
0.241235
1.1325
0.131498
12.1951
0.151699
3.48837
10.101
0.926784
1.08656
4.5045
21.8978
41.6667
1.27714
1.93611
10.3627
5.36193
1.28287
2.58065
2.30415
18.0723
0.721154
0.41534
0
19.2308
0.617157
0.204946
7.95756
4.04313
27.7778
0.0422916
1.3844
22.7273
16.129
35.2941
25.641
16.129
1.99601
0
0
0
0
0
0
4.96278
3.32779
0.565611
33.8983
0.368596
0.179614
2.77778
0.330033
0.642261
0.213789
14.5985
0.161577
17.3913
28.5714
0.731529
0.901713
4.85437
12.3457
44.1176
1.44439
3.6855
19.2308
4.87805
1.91449
3.663
2.60417
18.2927
0.950269
0.476266
0
9.55414
0.482548
0.110848
32.2581
5.3286
24
0.0449802
1.27173
32.967
8.67052
40
9.31677
43.4783
2.03252
0
0
0
0
0
0
2.50941
0.94518
0.584795
12.7389
0.270234
0.165062
1.15518
0.29756
0.850099
0.110632
61.2245
0.140687
26.087
25.641
0.884956
1.11152
4.80769
23.622
32.2581
1.13766
2.44499
20.6186
4.6729
1.33215
3.09278
1.88442
11.7647
0.848656
0.474834
0.00187978
22.9885
3.4965
0.205522
1.2685
0.975927
18.4049
0.0359471
20.6897
34.0909
1.20627
23.2558
10.1523
9.6463
2.04918
0
0
0
0
0
0
2.7027
1.47059
0.539229
21.7391
0.304878
0.198926
4.80769
0.337268
1.19546
0.180685
21.0526
0.15897
11.976
2.29621
0.692042
1.05485
2.06825
3.38983
5.40541
1.3363
4.25532
43.4783
13.1004
1.47929
4.09836
3.36323
17.7515
0.969932
0.485044
0
10.453
1.10457
0.214931
37.5
4.23729
34.4828
0.0517438
2.12766
30.9278
27.7778
37.5
4.38596
27.2727
2.88462
0
0
0
0
0
0
1.29255
1.06952
0.636132
13.1004
0.159608
0.267833
2.33645
0.446296
0.904432
0.208696
32.6087
0.166436
5.05051
8.19672
0.780031
1.3986
5.31915
14.1509
20
1.60256
3.75235
37.7358
7.84314
1.4881
3.71747
2.63852
5.60748
0.479233
0.407387
0.00185138
23.2558
2.69784
0.168966
14.218
3.03644
40.5405
0.043083
1.66205
5.00835
48.3871
1.66482
22.7273
23.4375
1.89873
0
0
0
0
0
0
3.50877
3.29489
0.469704
33.3333
0.55371
0.283648
4.73934
0.462642
1.51172
0.221951
24.6914
0.15799
13.986
25
1.21803
0.898876
5.71429
19.802
17.8571
1.42383
4.61538
55.5556
9.17431
1.60256
4.32277
3.04878
10.6762
0.705716
0.49124
0
4.70958
4.37956
0.170551
2.28484
0.791557
29.1262
0.0542947
26.5487
34.0909
41.6667
33.7079
8.95522
34.8837
2.11715
0
0
0
0
0
0
1.77462
1.70261
0.571755
7.33496
0.25974
0.119015
2.45098
0.378884
1.00908
0.178987
7.38916
0.19253
2.81162
22.3881
0.924784
1.1853
4.46429
17.341
22.2222
1.49365
2.90698
9.74026
6.78733
1.80397
3.62757
2.23214
13.3333
1.05448
0.43834
0
34.4828
1.15296
0.153957
3.33704
3.62319
36.5854
0.045529
7.63359
7.79221
6.36943
21.7391
12.5523
8.35655
1.6
0
0
0
0
0
0
2.1164
0.622471
0.657174
22.4719
0.229043
0.134971
1.92678
0.327011
0.66379
0.143854
46.5116
0.133681
13.986
7.63359
0.657895
0.762195
1.50075
25
10.3093
1.21433
2.38663
12.4224
7.49064
1.60256
3.04414
2.46914
5.15464
0.626566
0.282048
0.00774132
39.2157
5.36193
0.210349
32.2581
3.64299
37.037
0.0523972
4.2735
22.5564
7.02576
7.12589
26.3158
10.4895
2.31303
0
0
0
0
0
0
3.18979
1.11483
0.44843
58.8235
0.201066
0.0885034
1.49142
0.214754
0.74184
0.114436
24.0964
0.114534
16.5289
4.4843
0.430756
1.18343
5.60224
16.8067
24.6914
1.27065
3.23974
19.1083
3.98936
1.41844
5.17241
2.78552
10.274
1.23508
0.440852
0
25.641
1.45278
0.149246
23.0769
3.94218
2.80636
0.0441306
30.6122
16.4835
12.0482
20.1342
10.453
34.0909
1.71233
0
0
0
0
0
0
5.06329
2.04918
0.590087
9.56938
0.190259
0.127975
1.10193
0.236267
0.835771
0.134925
15.2672
0.145804
25
8.02139
0.791975
0.838692
5.03356
28.0374
14.9254
1.20337
2.41838
21.978
5.76369
1.5674
4.40529
1.69348
11.2994
0.592593
0.301386
0.00814598
13.1579
6.49351
0.38432
30.303
7.24638
64.5161
0.073373
23.2558
37.037
28.8462
17.341
24.6914
14.7059
3.31126
0
0
0
0
0
0
2.14362
0.928936
0.431499
13.0719
0.19982
0.0881562
2.30681
0.259572
0.78064
0.121536
36.3636
0.104199
8.40336
12.3457
0.362845
1.0582
5.61798
24.0964
23.8095
1.67411
1.33929
3.17797
4.6875
1.55844
3.98406
2.21402
4.73186
0.926212
0.40404
0
20.1342
2.35479
0.232883
2.20588
2.15054
3.30396
0.0290518
1.65198
4.42478
17.4419
17.2414
11.4504
8.15217
1.73913
0
0
0
0
0
0
2.05128
1.2012
0.577034
20.8333
0.209358
0.141683
0.770713
0.264866
0.866176
0.137979
15.3846
0.12486
23.2558
4.23131
0.702905
0.882353
7.109
2.24719
22.4719
1.52207
3.21543
13.4228
5.34759
1.40154
4.30108
2.15517
15.748
0.778816
0.355303
0.00820668
14.7059
6.15385
0.412371
142.857
9.34579
125
0.067815
15
35.7143
58.8235
26.087
25.641
22.9008
2.85442
0
0
0
0
0
0
3.5461
1.11111
0.494071
46.5116
0.234357
0.108554
3.19489
0.214961
0.634719
0.137476
20.202
0.156617
5.76369
24.0964
0.716589
0.993542
4.16667
12.5786
28.9855
1.54719
2.6178
12.0482
7.5188
1.42857
2.78552
2.3753
7.12589
0.983284
0.487646
0
9.58466
3.32226
0.133026
16.9492
3.50058
6.03622
0.041393
20.6897
36.5854
22.0588
12.8205
10.9091
9.23077
1.62602
0
0
0
0
0
0
2.58732
3.861
0.559388
35.0877
0.468055
0.193349
1.23533
0.265851
1.05708
0.191058
24.3902
0.177258
27.027
3.14795
0.823045
1.1308
4.45104
3.67647
13.986
1.21433
2.5
47.619
5.97015
1.64745
2.76243
2.08768
4.6729
0.604778
0.289687
0.00822473
11.2994
4.42478
0.332392
100
4.51467
76.9231
0.0705916
15.544
17.9641
12.3967
7.71208
25.641
30
3.19829
0
0
0
0
0
0
1.86393
0.807754
0.459982
14.3885
0.197006
0.0901551
2.52525
0.243902
0.874126
0.118469
74.0741
0.108702
19.4175
10
0.382263
1.04112
4.47427
32.2581
17.5439
1.19261
1.07181
25.641
11.3636
1.60686
1.38632
2.51256
5.24476
0.868307
0.532387
0
8.40336
1.54639
0.223464
9.09091
5.16351
9.46372
0.0414296
11.8577
5.88235
2.10379
21.2766
21.0526
4.60123
1.39535
0
0
0
0
0
0
5.27704
3.65631
0.516529
29.4118
0.442478
0.166154
3.89864
0.315756
1.02775
0.201633
32.2581
0.171512
14.0845
2.83688
0.951173
1.23001
4.09277
7.38916
20
1.25786
3.51494
14.2857
6.17284
1.42146
2.62467
2.43902
6.17284
0.468823
0.357462
0.00782687
16.2602
7.49064
0.390244
52.6316
6.30915
60.6061
0.0785824
28.9855
37.7358
50
8.09717
29.4118
37.7358
3.27332
0
0
0
0
0
0
1.43575
0.91954
0.455789
16
0.218412
0.0988045
2.95421
0.254001
0.612933
0.1295
11.3636
0.111043
5.50964
10.2041
0.425622
1.05319
4.56621
22.4719
25.3165
1.21212
3.34076
7.1599
4.64396
1.10783
2.8436
1.95185
26.5487
0.662544
0.433088
0.00186395
24.0964
1.17693
0.199614
26.5487
2.63389
27.7778
0.0409965
21.7391
24
20.1342
19.7368
27.3973
16.129
1.74723
0
0
0
0
0
0
3.52734
3.01659
0.613685
42.5532
0.569638
0.189915
2.03046
0.270088
0.883392
0.155099
40
0.169981
27.3973
5.8651
0.835771
1.02389
4.37318
11.4504
39.4737
1.26316
2.27273
20.2703
7.61421
1.39082
3.05188
2.85171
17.1429
0.494071
0.34622
0.00789247
8.69565
2.44499
0.0983333
25.974
2.42131
37.7358
0.0283575
36.3636
28.169
20.4082
28.9855
29.4118
15.748
0.990589
0
0
0
0
0
0
1.86567
1.23508
0.411241
13.5135
0.212314
0.104584
1.26156
0.124761
0.47954
0.124177
40.5405
0.119474
32.6087
8.77193
0.421585
0.881575
5.36673
14.5631
45.4545
0.906618
1.96207
18.6335
5.60748
1.82482
3.60144
2.64317
18.9873
1.13766
0.489716
0.00185626
4.54545
4.87805
0.128419
37.9747
3.56295
1.67785
0.0436097
4.47761
18.2927
23.622
23.2558
8.51064
23.8095
2.41741
0
0
0
0
0
0
2.19298
1.69348
0.573723
4.62963
0.250973
0.168848
1.41343
0.321337
0.760456
0.13101
22.2222
0.124961
3.84615
4.62963
0.685871
0.973078
4.24929
13.5747
20.202
1.33422
3.59066
10.2041
4.77327
1.25628
3.21543
2.8777
11.6279
0.62383
0.365631
0.00833358
15.3846
8.69565
0.245761
38.4615
5.15464
43.4783
0.0639591
17.8571
23.5294
17.094
19.2308
33.3333
11.6732
2.03943
0
0
0
0
0
0
2.00803
0.807103
0.440141
47.619
0.189789
0.0976658
1.74672
0.22735
0.499625
0.106073
40.8163
0.136379
58.8235
7.46269
0.510465
1.05097
4.36681
111.111
28.9855
1.68067
2.57732
20.6897
7.26392
1.47493
4.92611
3.18471
10.0334
0.753012
0.494315
0
28.5714
1.83262
0.186706
19.3548
3.01205
11.811
0.0406664
5.28169
37.9747
34.4828
22.9008
23.2558
10.8696
1.83936
0
0
0
0
0
0
4.662
2.58065
0.502386
25.641
0.471365
0.204876
2.14362
0.211216
0.820008
0.187213
15.0376
0.182365
15.0376
12.605
0.865301
1.29366
2.59965
3.79747
11.1732
1.38026
2.56082
76.9231
6.99301
1.57853
2.86533
2.26757
4.75059
0.591891
0.327547
0.00388966
21.5054
6.57895
0.201329
18.8679
2.3753
23.5294
0.0709572
14.9254
12.7389
15.0376
11.8343
21.7391
9.17431
2.21566
0
0
0
0
0
0
2.31481
0.979432
0.438404
20.8333
0.176336
0.1
1.92678
0.209754
0.707464
0.120192
29.4118
0.111551
6.09756
22.9885
0.459242
0.990589
7.01754
17.8571
22.7273
1.03252
2.50941
17.8571
4.79616
1.14679
3.23102
2.5641
13.4228
0.548998
0.335514
0.00824766
31.25
5.91716
0.369686
21.2766
6.80272
35.7143
0.0727379
37.037
30.303
16.3934
16.3934
17.6991
12.1457
2.9703
0
0
0
0
0
0
2.34192
0.576535
0.48158
26.6667
0.15528
0.0896781
2.26501
0.223764
0.753012
0.142187
25.641
0.129024
21.978
8.26446
0.521648
1.13507
5.91716
14.5985
36.3636
1.3289
5.24476
12.3457
4.73186
1.68634
3.18134
2.49792
16.3043
0.881575
0.466708
0
15.2672
1.65289
0.193361
38.961
4.5045
27.7778
0.0392495
34.8837
22.7273
25.4237
29.1262
18.6916
32.967
1.89633
0
0
0
0
0
0
3.16957
2.88184
0.7109
33.3333
0.526177
0.226835
1.17786
0.232612
0.933707
0.180489
51.2821
0.165139
40
6.72646
0.758534
1.40647
2.74223
14.7059
12.9032
1.23077
3.37268
13.7931
13.6054
1.30039
3.69686
2.331
18.1818
0.4004
0.259168
0.00819343
25.641
8.33333
0.375305
48.7805
6.21118
32.2581
0.0848969
22.9885
36.3636
40
19.1083
18.6916
9.52381
2.87081
0
0
0
0
0
0
0.725163
0.993049
0.469043
17.8571
0.20496
0.0817194
2.03666
0.234302
0.645369
0.108442
13.4228
0.0992359
12.1212
10.7527
0.410846
0.993049
4.85437
48.7805
31.25
1.43164
1.37741
7.04225
11.4504
1.19713
2.75482
1.92926
5.19931
0.73692
0.483715
0.00186507
24.3902
3.72208
0.208623
49.1803
0.685401
2.21729
0.0267313
0.953289
24.7934
18.2927
7.87402
24.3902
12.2951
1.58061
0
0
0
0
0
0
2.96296
1.4892
0.378072
19.4175
0.298597
0.133351
2.06186
0.255232
0.497884
0.142308
58.8235
0.116734
18.5185
8.49858
0.74757
1.05708
5.03356
4.90196
15.873
1.26662
3.69004
29.8507
7.0922
1.24146
3.17965
2.32019
9.43396
0.397931
0.317309
0.00846342
10.4167
5.69801
0.313824
37.037
3.47826
40.8163
0.0689465
11.3208
12.1951
8.49858
10.6007
19.4175
11.4943
2.86807
0
0
0
0
0
0
3.09119
0.83682
0.451467
45.4545
0.178094
0.111913
2.52845
0.20404
0.594001
0.103509
57.1429
0.10686
22.9885
8.84956
0.532907
1.0015
7.29927
18.6916
13.1579
1.16077
1.7094
23.2558
7.35294
1.17878
3.58852
2.70758
7.73196
0.979752
0.402685
0
7.19424
3.53357
0.199601
1.97109
1.49626
13.0435
0.0452974
1.21852
7.21154
1.18017
32.2581
7.8329
18.0723
1.50376
0
0
0
0
0
0
2.5413
1.55885
0.537153
21.2766
0.27859
0.202799
2.20994
0.332613
1.13186
0.166736
12.987
0.149176
15.873
4.7619
0.6509
0.878477
3.60577
14.3541
13.6986
1.0805
3.10559
11.3636
4.83092
1.19474
4.2735
3.84615
7.72201
0.560381
0.282925
0.00845941
36.3636
5.15464
0.297929
51.2821
4.90196
62.5
0.0606594
8.16327
22.2222
31.25
15.7895
21.7391
9.40439
2.87081
0
0
0
0
0
0
3.68324
0.890472
0.464792
20.4082
0.19363
0.0935891
2.08768
0.216427
0.784314
0.113707
36.3636
0.112473
13.986
9.17431
0.353732
1.02828
3.57782
11.9048
12.9032
1.09111
1.2815
4.39239
1.52827
1.38313
3.125
2.63158
5.06757
0.905524
0.3828
0
17.5439
2.37718
0.22674
2.65018
3.60144
49.1803
0.0351898
3.59281
4.90196
11.0294
2.38284
37.5
20.8333
2.02703
0
0
0
0
0
0
3.44828
0.967586
0.553403
55.5556
0.287728
0.143462
1.61681
0.273523
0.824742
0.156348
20.6186
0.126167
11.976
6.07287
0.669195
0.857878
3.95257
9.34579
57.6923
1.66667
3.59712
6.80272
5.15464
1.11919
4.64037
2.1322
13.4228
0.473709
0.389864
0.00309482
26.6667
2.64901
0.0953607
13.986
1.62075
22.7273
0.0370192
29.4118
21.7391
10.101
14.8148
45.4545
8.58369
0.952381
0
0
0
0
0
0
1.93924
1.43678
0.445434
21.5827
0.229691
0.107227
1.42721
0.211297
0.687758
0.140977
46.875
0.135324
6.92841
19.6078
1.03896
1.0917
5.69801
46.5116
20.6186
1.52323
3.13808
6.71141
5.19031
1.39405
0.166908
3.09917
17.8571
0.93633
0.453104
0.0018585
12.8205
1.99203
0.193112
41.0959
3.69914
1.17279
0.0469447
4.14365
4.99168
25.8621
27.2727
10.2564
3.19489
2.05339
0
0
0
0
0
0
2.82087
1.21507
0.483092
23.5294
0.332889
0.171321
1.14943
0.330251
1.10254
0.151504
12.1212
0.125415
6.87285
2.86944
0.706714
0.951475
4.41176
7.31707
44.7761
1.59151
2.8436
38.961
14.0187
1.51439
2.34375
3.82166
14.8515
0.461396
0.22237
0.0104255
30.6122
2.85171
0.139451
30
4.83092
71.4286
0.0375606
35.7143
54.5455
28.5714
24
37.9747
24.1935
1.24481
0
0
0
0
0
0
2.07469
1.30947
0.508388
23.0769
0.263273
0.132638
2.31125
0.227514
0.798722
0.165599
30.9278
0.164348
19.6078
19.6078
1.19427
0.908265
6.07287
30
74.0741
2.15983
3.81679
37.037
5.56586
1.71429
2.72975
2.04918
2.62927
1.2
0.472144
0.0119307
27.027
2.75989
0.231054
28.3019
3.42075
42.8571
0.0479762
34.4828
13.5747
18.0723
14.3541
10.3093
19.8675
1.92431
0
0
0
0
0
0
2.31214
1.77148
0.536625
51.2821
0.311187
0.175963
1.32802
0.245308
0.765111
0.166556
17.5439
0.189107
35.7143
16
0.979912
1.24224
8.43882
11.6279
31.25
1.20048
1.95312
3.51494
7.04225
1.38504
3.71747
2.29885
15.2672
0.487329
0.33036
0.00824531
16.6667
6.53595
0.393314
51.2821
4.57666
57.1429
0.0679787
22.9885
36.3636
74.0741
26.6667
27.3973
31.5789
3.00601
0
0
0
0
0
0
2.42424
0.791766
0.470035
16.6667
0.158165
0.0873935
1.31062
0.208834
0.748503
0.119954
34.4828
0.129988
20.4082
7.49064
0.42328
0.92081
6.11621
19.802
35.0877
1.3132
1.59151
21.7391
9.375
1.8105
3.26442
2.7881
13.4529
0.848176
0.36639
0
2.46305
0.673854
0.101416
8.06452
4.13223
31.9149
0.0489756
2.457
5.88235
24.1935
6.32911
5.42005
14.7783
1.81818
0
0
0
0
0
0
1.17716
0.894855
0.469925
16.6667
0.162522
0.139606
2.84495
0.256805
1.002
0.152555
8.54701
0.110883
5.50964
4.88998
0.784519
1.07258
3.15126
2.64784
13.245
0.967118
1.62734
7.43494
5.34759
1.25945
3.59712
2.78164
15.1515
0.686106
0.335177
0.00818592
33.8983
2.57069
0.325839
68.9655
3.58423
54.0541
0.0771664
34.4828
31.25
29.8507
23.8095
15.748
38.4615
2.50941
0
0
0
0
0
0
1.47493
0.863185
0.355619
9.61538
0.216685
0.0898352
1.8018
0.224517
0.647459
0.118751
35.0877
0.118885
8.54701
9.95025
0.462321
1.10926
6.41026
12.987
28.169
1.34048
3.19829
8.64553
6.21118
1.33393
2.08333
1.00301
9.11854
0.925926
0.413166
0
23.5294
3.91134
0.198768
42.8571
4.09836
47.619
0.0403454
3.81679
40.5405
1.43541
4.65116
22.2222
17.2414
1.80505
0
0
0
0
0
0
4.34783
2.21239
0.464468
32.7869
0.406174
0.173461
2.29095
0.318573
0.800961
0.162167
34.4828
0.159261
29.4118
7.22022
0.74599
1.47059
3.26442
9.06344
28.9855
2.56082
2.95421
68.9655
6.57895
2.96736
3.05344
5.16796
7.72201
0.34031
0.652955
0.00699964
14.2857
3.86598
0.256915
17.1429
3.99467
34.4828
0.042549
40
40
33.7079
16.8539
20.202
18.75
1.60085
0
0
0
0
0
0
0.818666
0.794281
0.548095
16.5289
0.252111
0.140076
0.785238
0.14038
0.73046
0.182532
26.3158
0.151837
36.3636
18.018
1.79051
1.73461
6.00601
37.7358
8.59599
1.5625
3.94737
13.5135
10.7914
1.71429
3.62319
3.03337
14.3541
1.02951
0.49505
0
7.8125
2.58398
0.220297
4.39239
1.5456
16.129
0.0417136
1.37615
41.0959
24
27.7778
9.25926
25.4237
2.73473
0
0
0
0
0
0
1.30208
1.14811
0.56338
15.1515
0.286082
0.126687
3.46021
0.270234
1.10132
0.105723
0.908816
0.156104
5.05051
10.9489
0.935162
1.23967
6.77201
26.5487
60.6061
1.40944
2.27531
25.641
8.03213
1.50716
4.25532
3.27332
19.802
0.541712
0.305157
0.0086725
40
7.01754
0.329997
12.7119
2.18978
50.8475
0.0631619
30.6122
68.1818
65.2174
39.4737
18.6916
50
3.78788
0
0
0
0
0
0
1.68492
1.08992
0.459453
16
0.170911
0.101297
2.15983
0.26096
0.597015
0.134798
15.3846
0.157468
12.4224
28.9855
1.02354
1.00553
4.6729
37.037
2.11268
1.58646
3.28587
34.0909
10.8303
1.82593
4.26743
2.66667
15.7895
0.996347
0.463607
0
14.218
1.32802
0.108881
23.8095
4.83092
25.4237
0.056638
2.10526
34.8837
26.087
18.1818
15.873
34.8837
2.35479
0
0
0
0
0
0
2.48756
1.04493
0.536865
8.09717
0.268132
0.149376
1.39373
0.305157
0.979912
0.139867
12.3967
0.0994464
4.23131
7.55668
0.766479
1.16189
5.72519
8.69565
18.018
1.0661
3.02572
17.094
7.01754
1.10926
3.08166
2.35018
8.62069
0.922226
0.422893
0.00377237
3.38983
3.88098
0.0864279
1.51286
2.7907
21.5827
0.0266574
19.6078
63.8298
21.8978
18.1818
3.31126
7.24638
1.80941
0
0
0
0
0
0
1.21729
1.08225
0.446628
30.303
0.209688
0.120504
1.17786
0.249532
0.815993
0.137231
11.1732
0.104015
10
16.129
0.674536
0.968054
4.1841
26.3158
8.87574
1.88324
3.30396
46.875
10.3448
1.56006
5.24476
3.20171
22.0588
1.27551
0.573066
0
12.766
1.22599
0.183497
54.5455
2.9703
27.027
0.0537432
16.2162
2.53378
32.967
15
11.811
4.90196
1.92802
0
0
0
0
0
0
2.5413
0.733676
0.60889
14.8148
0.294204
0.0904527
2.22058
0.368234
0.908265
0.114732
17.1429
0.196683
13.8889
11.583
1.14855
1.26743
6.39659
20.4082
50
2.75103
1.52207
29.8507
3.50877
1.55885
4.45434
4.25532
17.5439
1.31579
0.659631
0.00723193
28.5714
3.97351
0.168407
31.25
3.17797
29.703
0.0354375
65.2174
26.7857
37.5
32.2581
33.8983
12.1457
1.14329
0
0
0
0
0
0
6.11621
3.1348
0.984737
31.25
0.658328
0.291843
4.45434
0.790826
1.94363
0.338926
34.4828
0.352796
37.7358
12.9032
1.64745
2.53165
11.8343
45.4545
18.5185
1.71135
3.861
9.23077
8.0429
1.54004
4.63679
3.35196
17.0455
0.929368
0.462392
0
10.101
3.85109
0.22509
55.5556
3.03337
37.037
0.0457792
22.7273
17.2414
37.9747
4.74684
5.54529
63.8298
1.73812
0
0
0
0
0
0
1.39373
1.38122
0.712758
38.4615
0.314367
0.206334
1.49142
0.391338
0.597848
0.116518
41.0959
0.188336
12.7119
16.9492
0.890736
1.23355
4.1841
12.0482
17.6991
1.78412
1.84332
15.0376
9.13242
2.5413
3.96825
2.99401
13.6054
0.532623
0.344828
0.00830544
34.4828
5.31915
0.417188
86.9565
3.69686
14.8515
0.0742207
45.4545
16.129
20.1342
17.9641
16.9492
28.0374
3.56295
0
0
0
0
0
0
3.28407
1.62206
0.567376
29.4118
0.198334
0.11558
2.51572
0.22058
0.660502
0.135556
20
0.0973283
8.58369
12.4224
0.768344
1.0805
4.24628
20.4082
13.0435
1.19952
2.41935
14.4928
2.40964
1.42383
2.15827
2.27101
10.8303
1.1583
0.47536
0
12.4481
1.17417
0.134354
30.303
2.85714
43.4783
0.0440917
19.2308
14.4928
21.8978
24
13.2743
9.34579
1.56495
0
0
0
0
0
0
3.89105
1.15141
0.474308
23.5294
0.306748
0.139363
1.11235
0.240442
0.877578
0.210837
12.5
0.147874
5.9761
13.8889
0.893921
0.839866
3.76884
7.5188
12.3457
1.49142
2.96736
21.2766
4.1841
1.25078
3.85356
1.99601
16.2602
0.640615
0.351556
0.00682103
13.5135
9.90099
0.410846
35.7143
7.24638
17.8571
0.100435
2.33463
34.0909
41.0959
39.4737
10
39.4737
3.71287
0
0
0
0
0
0
3.7037
1.71674
0.395726
18.5185
0.24728
0.100361
2.07039
0.239034
0.633914
0.135842
32.7869
0.134012
10.582
23.8095
0.728067
1.01833
4.3573
13.4228
13.6986
1.68824
3.50467
22.3881
8.82353
1.58562
4.10397
2.9703
11.236
0.919118
0.488918
0
27.5229
0.971503
0.172226
50
3.90625
10.1695
0.0420751
29.4118
30.9278
15.2284
26.3158
9.77199
29.703
1.65837
0
0
0
0
0
0
3.67647
4.08163
0.516885
24.6914
0.503271
0.227531
1.69779
0.26062
0.886525
0.193386
35.0877
0.173325
14.1844
2.70758
0.850581
0.761421
6.28931
30.9278
23.5294
1.67364
2.7894
21.7391
18.6916
1.60643
3.32226
2.44499
19.2308
0.578369
0.313676
0.00842176
12.9032
3.5524
0.30656
16.7598
5.49451
20.1342
0.069126
33.7079
30
26.7857
42.8571
6.80272
6.77201
4.05405
0
0
0
0
0
0
4.62963
1.26342
0.460936
37.7358
0.225657
0.0994135
1.74825
0.24175
0.880282
0.122227
20.4082
0.136073
6.13497
19.6078
0.70922
0.97704
5.34759
22.7273
6.35593
1.5213
4.08719
14.1509
9.28793
2.09205
1.222
5.16351
15.4639
0.993049
0.553914
0.012976
22.9008
4.1841
0.291036
18.1818
2.98507
40
0.0453419
28.0374
11.3208
33.7079
25.641
40.5405
10.6007
1.83374
0
0
0
0
0
0
3.21543
1.85185
0.556174
39.2157
0.294421
0.107486
1.47493
0.216521
0.638162
0.164271
8.95522
0.215703
23.2558
28.8462
1.29422
1.36054
9.49367
42.2535
30.303
1.23381
3.50877
7.87402
6.84932
1.66113
6.38978
2.47831
6.73401
0.567215
0.297841
0.00852366
37.037
4.72813
0.240183
90.9091
4.52489
30.6122
0.0785114
20.979
39.4737
27.027
6.38298
16
25.8621
2.71985
0
0
0
0
0
0
1.89036
1.51172
0.449236
26.6667
0.171851
0.114824
1.41143
0.205402
0.721241
0.122451
31.25
0.138937
5.36193
12.4224
0.576701
0.880669
3.69004
6.64452
2.32558
1.81159
4.17246
8.31025
8.54701
1.7585
3.20513
2.41935
13.9535
0.889152
0.441696
0
4.82315
3.20171
0.221779
28.0374
2.32739
27.5229
0.0338578
2.87081
3.21199
26.3158
9.49367
20.6897
17.7515
2.47729
0
0
0
0
0
0
1.49925
1.48699
0.496196
12.8205
0.282845
0.152683
4.64037
0.216006
0.747105
0.151803
25.974
0.128183
3.6855
8.79765
0.81103
1.36924
4.6225
14.218
4.19287
1.40056
2.32288
4.78469
4.60829
1.34892
1.79319
1.60944
7.26392
0.823045
0.434342
0
27.7778
1.9544
0.184106
35.2941
4.79233
39.4737
0.0407509
23.4375
22.3881
28.5714
11.4943
34.4828
20.1342
2.03943
0
0
0
0
0
0
1.93798
4.329
0.516929
48.7805
0.441501
0.181242
1.55039
0.274348
1.10132
0.210993
12.7389
0.182515
16.5289
9.34579
0.878735
0.937207
5.11509
15.5039
8.54701
1.41844
2.96443
11.6732
11.0701
1.98675
5.20833
2.42131
22.0588
0.949067
0.532765
0
6.31579
1.57233
0.119451
27.027
1.78253
35.2941
0.0572235
0.99272
36.1446
42.2535
54.5455
12.931
30.6122
1.94049
0
0
0
0
0
0
1.39958
1.33511
0.693161
20.2703
0.380132
0.117362
2.13523
0.371747
1.02705
0.215424
28.5714
0.144571
9.25926
7.69231
0.852757
1.18671
5.91716
47.619
117.647
1.43678
2.31214
9.7561
5.36193
1.06724
2.83688
1.54879
10.5634
0.76864
0.375987
0
24.3902
4.04858
0.190042
5.85938
4.61538
14.8515
0.0426064
16.3043
27.027
30.9278
27.2727
28.5714
8.54701
1.69972
0
0
0
0
0
0
3.22061
3.57782
0.452182
40
0.565771
0.185718
2.12993
0.219974
0.946074
0.202102
19.0476
0.135833
30.303
12.4224
0.711744
1.27959
5.76369
16.129
32.967
0.802568
3.42075
75
10.7143
1.66574
3.73599
3.56718
13.1579
0.955414
0.436427
0
7.109
1.20048
0.206768
23.622
5.71429
21.5827
0.0412649
13.1579
22.5564
21.7391
38.961
4.55927
16.129
2.02156
0
0
0
0
0
0
1.89753
1.0917
0.542692
13.5135
0.204862
0.157167
2.32739
0.327439
1.25892
0.176367
12.931
0.16116
18.5185
7.67263
0.854701
1.07488
3.13152
10.2041
20.202
1.80343
2.72851
7.77202
3.39751
0.986193
3.42857
1.75131
9.49367
1.06952
0.496114
0
19.4175
1.85644
0.161603
27.5229
2.98805
29.703
0.0401027
9.11854
22.5564
40
25.8621
23.8095
1.41777
1.85874
0
0
0
0
0
0
3.69686
4.28266
0.436491
37.7358
0.433088
0.195561
1.61681
0.228206
0.777605
0.168194
32.2581
0.158856
17.2414
9.34579
0.688468
0.999001
4.86618
21.978
42.8571
1.14155
2.87908
31.5789
9.6463
1.14591
3.0581
2.331
21.8978
0.686656
0.204471
0.00790576
3.34821
5.36673
0.395674
4.95868
7.12589
81.0811
0.0761557
21.7391
53.5714
40
3.0303
12.3967
45.4545
2.65722
0
0
0
0
0
0
1.30265
1.63577
0.253721
24
0.213265
0.101191
1.59236
0.234723
0.856164
0.12408
52.6316
0.104138
20
2.85987
0.929944
0.861821
3.79267
40.5405
19.802
1.3587
3.02572
19.0476
3.30396
1.34409
4.34783
2.18818
5.36673
0.629063
0.486618
0
9.13242
0.850581
0.187899
1.56495
2.32558
16.5746
0.0394545
3.93185
13.2159
13.5747
36.1446
5.37634
15.873
2.38095
0
0
0
0
0
0
1.7762
1.55039
0.384098
27.3973
0.256213
0.176445
1.56128
0.251036
1.00251
0.146316
20.202
0.13164
7.66284
2.77778
0.669792
0.992556
3.12989
6.82594
10.4895
1.42248
3.51288
13.1004
9.25926
1.92308
3.99467
2.67618
18.1818
0.97688
0.500584
0
16.6667
2.94406
0.154591
19.1083
3.13808
21.4286
0.0492546
30.9278
34.4828
58.8235
29.4118
9.31677
15.9574
2.69058
0
0
0
0
0
0
1.36054
1.33929
0.604473
11.8577
0.38202
0.161568
3.63196
0.360837
1.30833
0.180321
43.4783
0.182893
8.87574
8.37989
1.03413
1.46056
4.20757
26.7857
11.8343
1.0304
1.35777
29.4118
2.83286
1.16077
2.60756
1.81653
6.75676
0.838223
0.386947
0
13.7931
1.43609
0.183228
43.4783
3.06748
23.2558
0.0411026
9.00901
4.06504
12.2449
16.3043
6.30915
14.7059
1.66205
0
0
0
0
0
0
5.2356
3.64964
0.400802
39.2157
0.444346
0.143906
2.00803
0.244051
0.742115
0.16657
52.6316
0.131182
4.46429
14.1844
0.591541
0.918695
5.8309
5.44959
15.4639
1.46128
4.329
7.12589
5.60748
1.69972
3.22234
2.11566
9.58466
0.915471
0.414136
0
23.2558
4.30416
0.189263
13.5135
1.01078
1.76471
0.036836
12.4481
35.2941
27.7778
8.95522
21.7391
38.4615
2.00133
0
0
0
0
0
0
2.38379
1.63532
0.560119
3.71747
0.266951
0.147471
1.50527
0.245319
0.975927
0.175685
39.4737
0.168681
13.6986
7.42574
0.879765
1.0057
3.24324
14.218
13.6054
1.24378
2.83286
22.4719
3.2
0.888494
2.36128
2.23714
3.22061
0.786164
0.421053
0
6.34921
1.23609
0.124095
11.811
3.60577
9.28793
0.0416713
6.92841
9.25926
4.25532
5.33808
4.914
3.60577
1.57895
0
0
0
0
0
0
5.95238
3.37838
0.567376
30.7692
0.455789
0.142552
2.1254
0.261165
0.990589
0.158203
28.169
0.14817
38.4615
19.4175
0.8285
0.926784
4.43459
17.094
45.4545
1.75029
3.96825
32.2581
9.70874
1.69205
4.57317
2.7933
10.1351
1.07643
0.456343
0
15.2284
2.08623
0.187946
24.7934
1.09649
1.9685
0.0515792
7.79221
45.4545
44.1176
18.9873
14.1509
14.4231
2.05339
0
0
0
0
0
0
2.99401
1.10254
0.604839
28.5714
0.287811
0.202634
1.42857
0.250042
1.10497
0.131955
4.30416
0.178678
18.8679
5.59701
0.830335
1.03914
6
10.6007
33.3333
1.1274
2.85714
18.018
14.1844
1.18343
3.44828
2.21239
3.50058
1.01764
0.452762
0
9.85222
1.69396
0.0863384
53.5714
1.59574
28.8462
0.0417874
22.7273
33.3333
24.3902
22.3881
15.2672
18.5185
1.60858
0
0
0
0
0
0
3.1348
0.893655
0.40992
40
0.115976
0.138341
2.65957
0.352485
0.718391
0.16756
14.0845
0.131096
5.98802
4.42478
0.789889
0.892061
4.08163
39.2157
5.67108
1.17142
2.9703
29.703
5.80271
1.58983
3.88601
2.77008
21.2766
0.892591
0.467727
0
21.8978
1.88679
0.0957763
17.9641
3.43643
5.13699
0.0517438
6.72646
36.1446
29.1262
42.8571
5.35714
40
2.73473
0
0
0
0
0
0
1.73611
1.01781
0.553301
12.7389
0.190186
0.166187
2.72727
0.430663
1.07914
0.182916
15.9574
0.136302
2.849
10.6007
0.796601
1.11152
6.13497
24.7934
30.7692
2.29621
4.98753
44.4444
13.986
2.57069
7.19424
5.6338
19.802
1.2131
0.629195
0.00737525
34.4828
3.05188
0.151691
51.7241
3.30396
44.7761
0.0312695
13.8249
32.967
28.5714
17.7515
66.6667
21.8978
1.31291
0
0
0
0
0
0
5.06329
3.00752
0.85034
11.6959
0.728597
0.295989
3.92927
0.558815
1.95122
0.332613
55.5556
0.29824
24.6914
28.5714
1.37457
2.05339
10.4167
35.0877
37.037
1.46413
4.41826
16.5746
5.43478
1.51362
5.71429
2.92398
10.9489
1.02249
0.424208
0
13.8249
2.87632
0.209702
22.0588
3.42857
20.5479
0.0458779
7.91557
36.5854
24
29.703
10.9091
20.6897
2.05058
0
0
0
0
0
0
2.52207
1.77305
0.541712
13.3333
0.297752
0.135416
2.91829
0.523286
1.13593
0.209761
18.8679
0.193075
12.4481
14.7059
0.907167
1.17005
4.6875
41.6667
40.8163
1.39762
3.01508
3.76884
11.6732
1.47131
3.91645
1.90597
11.0294
1.03555
0.470367
0
11.0497
0.729395
0.202867
18.9873
4.65116
37.037
0.0406851
25.8621
3.25733
32.2581
12.8205
17.8571
8.26446
1.88917
0
0
0
0
0
0
2.62123
0.890076
0.521241
16.5289
0.289855
0.159375
1.62866
0.340368
1.26103
0.203832
12.7389
0.122549
9.30233
3.517
0.901172
0.61212
2.95858
14.7783
25.974
1.09769
2.44798
7.93651
6.75676
1.3089
3.18471
2.00803
7.90514
0.664231
0.292526
0.0036866
19.6078
7.40741
0.530363
36.3636
4.58716
64.5161
0.0927214
26.6667
43.4783
66.6667
55.5556
14.1844
10.6762
2.89017
0
0
0
0
0
0
1.8797
1.21286
0.335909
22.7273
0.22553
0.0885897
3.02572
0.260078
0.702741
0.0989413
52.6316
0.125313
22.7273
7.46269
0.413479
1.20265
6.36943
16.6667
6.25
1.92123
5.42495
40.5405
9.28793
1.78253
4.41826
4.83092
24.3902
1.27714
0.618684
0.00386852
30.303
3.84615
0.172771
19.8675
3.11203
22.2222
0.029223
4.01606
36.5854
37.5
8.4507
27.7778
2.58398
1.43198
0
0
0
0
0
0
6.09756
4.1841
0.576868
38.4615
0.527148
0.225505
4.58716
0.573888
1.321
0.273112
8.13008
0.253036
2.62812
19.4175
0.971503
0.664746
6.39659
37.9747
47.619
1.21139
1.93424
6.06061
8.40336
1.52672
4.90196
2.59067
11.1111
0.820345
0.427077
0.00801102
25.3165
8.51064
0.373552
20.202
5.6338
46.5116
0.0761673
57.1429
50
39.2157
27.027
40.8163
33.8983
1.29032
0
0
0
0
0
0
2.21729
1.65975
0.439754
24.6914
0.2405
0.0935585
1.92308
0.203521
0.645578
0.107625
57.1429
0.107997
47.619
9.56938
0.467071
0.976086
5.05051
14.5985
14.3885
1.34499
3.21543
3.42466
1.33097
1.26156
3.20856
1.03663
13.8249
1.30095
0.47118
0
7.67263
2.85442
0.215254
29.703
4.61538
10.274
0.0412105
4.60829
21.8978
29.703
9.43396
3.08642
7.8329
1.49105
0
0
0
0
0
0
1.68492
1.30293
0.641163
19.802
0.324623
0.203562
1.42959
0.256937
0.98668
0.213698
14.1844
0.165824
4.43459
10.989
0.850581
0.662983
2.95276
6.16016
16.8067
1.26103
2.86533
9.13242
5.03778
1.84162
3.95257
1.71674
20.4082
0.556019
0.339213
0.00840057
30.303
4.56621
0.242483
46.5116
5.22193
7.72201
0.0670017
16
23.5294
5.83658
5.52486
13.1579
7.24638
1.88917
0
0
0
0
0
0
2.23464
1.51057
0.429092
15.625
0.218986
0.108395
3.13972
0.223389
0.782167
0.114364
27.3973
0.117309
20
12.2699
0.388576
0.843882
5.89971
9.30233
1.60256
1.34228
3.54191
34.4828
8.90208
1.06308
4.09836
2.76753
13.6986
0.949067
0.454201
0
6.17284
1.34409
0.104482
39.4737
3.517
42.8571
0.0491449
3.12175
8.77193
8.87574
31.5789
42.5532
5.21739
2.22387
0
0
0
0
0
0
1.04004
1.80018
0.403769
9.66184
0.159579
0.163465
1.76991
0.221558
1.12486
0.155921
9.13242
0.134944
1.82315
7.91557
0.939261
1.0118
6.03622
12.766
17.6991
1.04987
2.6178
13.4228
5.64972
1.9861
3.28947
2.71739
12.7389
0.511509
0.29129
0.00847749
15.3846
2.20994
0.292954
52.6316
4.60829
8.51064
0.0674923
19.2308
30.303
5.91716
3.12175
11.7647
14.4928
2.10526
0
0
0
0
0
0
3.56506
1.50038
0.379651
25.3165
0.219154
0.0952426
2.7248
0.263262
0.754432
0.111247
31.25
0.114266
11.976
9.95025
0.38432
0.774893
3.65631
26.3158
7.87402
1.28287
2.09351
11.8577
5.40541
1.47203
1.36364
3.04878
9.34579
0.891001
0.471032
0
27.7778
0.367872
0.107925
6.17284
1.69205
75
0.0507031
6.01202
6.32911
12.3457
16.3934
27.7778
9.86842
2.05339
0
0
0
0
0
0
3.861
2.98954
0.416493
44.4444
0.398963
0.119911
2.7894
0.252781
0.821693
0.152091
16.8067
0.124062
10.2041
8.54701
0.618238
0.913659
1.54679
2.02703
25.4237
1.09529
2.62697
23.2558
8.15217
1.17971
2.85987
2.78293
21.7391
0.551673
0.237624
0.0112161
19.8675
3.90625
0.189322
31.9149
3.87097
31.9149
0.0394747
31.9149
32.2581
61.2245
11.0701
21.2766
20.1342
1.75029
0
0
0
0
0
0
1.40713
0.730994
0.467581
6.55022
0.257599
0.110812
1.12867
0.169549
0.839396
0.176502
41.6667
0.123299
25.2101
9.43396
0.670541
0.982318
7.4813
21.4286
22.2222
0.968992
1.16099
7.63359
4.95868
1.1534
3.1185
3.18471
3.60144
0.946074
0.452489
0
6.75676
0.981997
0.147623
31.25
1.47131
37.5
0.0367058
2.45499
5.16351
15.0754
7.07547
7.16846
10.6007
1.63755
0
0
0
0
0
0
4.97512
2.51572
0.45683
20.8333
0.292526
0.134391
2.60078
0.258331
0.648929
0.165317
12.7389
0.13478
11.9048
9.47867
0.760746
0.772798
4.98753
22.7273
23.2558
1.94932
3.43643
21.2766
12
1.4627
3.42857
2.54453
12.3457
0.668151
0.452762
0.0120106
4.2735
1.14112
0.224534
38.4615
5.80271
21.8978
0.0567537
44.1176
37.9747
30
57.6923
23.2558
27.027
2.10674
0
0
0
0
0
0
3.05499
2.35294
0.537634
17.6471
0.312305
0.148787
3.37458
0.383436
1.24636
0.182771
41.6667
0.174075
14.218
19.4805
0.381049
1.01729
3.59712
32.967
25.974
1.45985
2.51678
5.31915
3.94218
1.321
3.367
2.19298
9.28793
0.948467
0.457178
0.00185574
11.2994
1.59915
0.201491
10.274
1.21507
6.07287
0.0424412
33.7079
23.2558
25.641
7.109
13.5135
12.2951
1.79426
0
0
0
0
0
0
7.29927
3.80952
0.488043
31.746
0.326797
0.10451
1.61421
0.264831
1.16822
0.210571
30.303
0.138619
13.8889
15.3846
0.95511
0.704391
1.8018
23.622
28.5714
1.14811
2.92826
17.8571
7.27273
1.47059
2.77778
2.07254
11.2994
0.470699
0.318522
0.00368224
17.6991
7.14286
0.481348
36.3636
3.68324
32.2581
0.0863297
11.0497
17.8571
62.5
30.7692
8.73362
35.7143
3.14465
0
0
0
0
0
0
3.12012
1.42349
0.406669
17.8571
0.190494
0.0960661
2.28833
0.258231
0.723589
0.109944
42.5532
0.115996
10.101
15.5039
0.347283
0.971345
5.91716
13.986
50
1.16959
1.52439
16.129
7.69231
1.39535
3.21199
2.45098
5.20833
0.822368
0.321647
0.00184649
26.6667
0.320581
0.0879507
9.17431
7.00935
43.4783
0.036217
40
19.4805
20.4082
4.56621
25.641
18.2927
1.95695
0
0
0
0
0
0
3.6036
2.55428
0.38835
16.9492
0.294161
0.111136
1.36333
0.238464
0.767165
0.116577
35.0877
0.135446
17.2414
8.19672
0.720461
0.66778
1.76471
34.0909
23.4375
1.45068
2.75482
18.0723
6.07287
1.2605
2.42915
2.69058
11.1524
0.406945
0.320068
0.00817779
17.9641
5.33333
0.099458
58.8235
3.32779
40.8163
0.0282386
28.5714
28.5714
35.7143
17.6991
28.5714
24.3902
0.611434
0
0
0
0
0
0
0.74757
0.430046
0.407443
11.3208
0.193623
0.111578
1.03128
0.121857
0.517241
0.130964
18.0723
0.122689
20.4082
6.35593
0.463822
0.878992
3.76884
37.9747
2.4077
1.48221
3.84123
37.037
11.0294
1.6129
3.42857
3.09917
17.1429
0.9375
0.453172
0
25.641
4.98339
0.100874
3.77358
4.00534
7.61421
0.0436053
25.8621
31.5789
29.4118
3.65408
4.74684
25.2101
2.38284
0
0
0
0
0
0
1.6835
1.27796
0.542888
8.73362
0.158491
0.147656
1.45773
0.293083
0.84317
0.192827
10.1351
0.130078
7.37101
17.9641
0.829646
0.979752
5.39568
20
15.5039
1.62338
3.22581
23.2558
8.19672
1.35777
3.40136
2.94551
15.2672
0.500751
0.339905
0.00840654
19.4175
5.78035
0.160299
10.0671
4.58716
10.3093
0.0729483
9.96678
57.6923
60
18.6335
28.169
33.3333
3.48432
0
0
0
0
0
0
2.01613
1.14679
0.552944
27.3973
0.230707
0.111031
1.35501
0.271628
0.911993
0.16
34.4828
0.149712
28.9855
10.7527
0.805153
0.951475
5.88235
18.018
5.51471
1.39147
2.0202
3.95257
5.02513
1.52827
3.30761
2.64085
13.8889
1.21902
0.497183
0
2.40577
3.10238
0.122619
23.0769
4.98339
34.0909
0.0468209
13.7615
3.0896
5.95238
2.10526
24.7934
6.32911
1.79319
0
0
0
0
0
0
2.25479
1.23993
0.674157
11.8343
0.26001
0.172191
1.29618
0.34229
1.11297
0.158617
5.33808
0.165417
11.6732
6.81818
0.856164
1.14943
2.85442
9.83607
15.748
1.80995
2.80899
25
5.36193
1.40647
3.367
1.92493
19.2308
0.555247
0.336134
0.00856993
42.5532
4.55581
0.36075
12.1457
3.13808
13.2743
0.0504244
47.619
68.1818
81.0811
38.961
24.0964
47.619
3.28947
0
0
0
0
0
0
1.52555
1.0846
0.522739
20.8333
0.182266
0.166764
1.88501
0.252749
0.942507
0.17507
31.25
0.161865
20
14.4928
0.654022
0.999001
3.18979
19.0476
5.59701
1.23457
3.01811
45.4545
8.59599
1.48662
4.09277
3.34821
12
0.998336
0.406835
0
9.25926
4.05405
0.19084
33.3333
2.51678
21.5827
0.0391027
13.3333
17.6471
36.1446
7.55668
5.72519
6.62252
2
0
0
0
0
0
0
3.06279
1.11794
0.587774
16.8067
0.15341
0.187952
1.18413
0.387047
0.830565
0.16197
16.7598
0.140753
13.2743
1.57563
0.833102
1.14548
7.04225
4.10397
34.4828
1.71233
2.5
44.4444
9.21659
1.37836
2.89436
2.7972
6.17284
0.338467
0.506714
0.00657022
46.5116
7.89474
0.364343
55.5556
5.386
30.9278
0.0665056
27.027
42.2535
32.6087
38.4615
83.3333
24
2.39234
0
0
0
0
0
0
4.158
1.16212
0.349345
21.2766
0.282885
0.121219
1.52905
0.266845
1.01781
0.14746
111.111
0.121168
29.4118
12.8205
1.21359
0.847458
4.9505
23.5294
8.33333
1.72612
2.9703
13.9535
4.60829
1.79211
3.93185
2.95567
14.4928
0.755858
0.549249
0
18.6335
8.26446
0.174155
15.4639
3.83632
44.1176
0.0428921
38.961
9.40439
23.4375
15.9574
30
15.7068
1.37237
0
0
0
0
0
0
0.794913
0.974659
0.619067
6.25
0.315557
0.207965
2.23464
0.216849
1.06686
0.223198
8.72093
0.115456
44.7761
12.5
0.774194
1.00908
5.10204
5.78035
28.5714
1.59744
1.94363
66.6667
8.77193
1.28783
3.11042
1.91939
11.6279
0.73692
0.368121
0.00821008
20.6186
4.63679
0.349569
45.4545
2.99401
66.6667
0.070454
38.961
63.8298
40.5405
37.9747
35.0877
46.1538
4.31034
0
0
0
0
0
0
2.90698
1.12613
0.416233
33.3333
0.234522
0.0854847
2.6738
0.189018
0.817327
0.168011
25
0.158768
28.169
12.6582
0.886918
1.08814
6.36943
35.0877
4.2796
1.64204
3.14136
6.34249
9.31677
1.4218
3.67197
2.91545
8.54701
1.13422
0.473859
0
2.34926
3.64078
0.223998
34.4828
3.04569
33.3333
0.0467231
1.94805
13.7615
28.3019
7.14286
3.69458
8.17439
1.69109
0
0
0
0
0
0
7.43494
3.59066
0.410172
40
0.438789
0.137922
2.27273
0.347041
0.74239
0.150852
10.2564
0.151412
14.3885
8.82353
0.861821
0.912409
3.25733
3.18471
33.8983
1.10497
3.01205
24.6914
7.49064
1.18765
2.38095
3.92927
7.40741
0.59755
0.294161
0.00834258
15.625
7.11744
0.248633
35.0877
4.00802
44.4444
0.0736187
12.8755
10.989
15
8.31025
30.303
2.97619
1.91327
0
0
0
0
0
0
4.69484
1.36893
0.403388
34.4828
0.218293
0.0871498
2.17865
0.259067
0.741015
0.118022
64.5161
0.11755
27.3973
9.13242
0.369344
0.971817
4.71698
64.5161
17.8571
1.3363
3.003
22.5564
8.02139
1.83936
3.61446
2.74223
13.3333
0.94162
0.462749
0
0.265863
3.56718
0.203555
27.027
1.77096
35.2941
0.0388561
25.8621
39.4737
34.0909
39.4737
12.3967
25.8621
2.55319
0
0
0
0
0
0
2.69179
0.996016
0.390168
5.06329
0.257069
0.18401
1.19403
0.325892
0.739645
0.160979
16.9492
0.121234
9.90099
5.64972
0.853728
1.10988
5.13699
14.7059
9.38967
1.0644
2.63158
48.7805
6.64452
1.44823
2.56739
2.06398
12.3457
0.427077
0.330142
0.00806914
10.4167
6.00601
0.351803
45.4545
6.07903
37.7358
0.0778756
62.5
11.3636
21.8978
1.52362
16.9492
54.5455
1.65563
0
0
0
0
0
0
2.38379
1.84162
0.441014
25.641
0.173853
0.0916758
2.47831
0.280073
0.84246
0.132617
25.974
0.111229
15.873
7.38007
0.426712
1.13636
3.28407
21.7391
28.5714
1.48736
3.59281
21.4286
5.2356
1.70843
3.71287
3.01508
7.5188
1.20144
0.432963
0
6.57895
2.20588
0.163827
43.4783
1.05448
15.7068
0.0471713
2.34558
35.2941
7.77202
27.2727
13.2743
11.3636
1.33809
0
0
0
0
0
0
5.12821
0.952381
0.373042
6.80272
0.265604
0.162813
2.01207
0.305157
0.869565
0.15252
13.4228
0.157406
12.2951
0.979432
1.04969
1.21556
4.93421
12.3457
25.974
2.32288
3.125
33.8983
10.929
1.5674
2.51256
2.91971
8.09717
0.719683
0.311769
0.00805997
19.4175
5.26316
0.183284
25.641
2.04499
9.11854
0.065465
9.67742
6.16016
15.4639
4.90998
13.4228
18.9873
2.30947
0
0
0
0
0
0
3.95257
2.002
0.423549
20.8333
0.252398
0.0884799
1.12045
0.19305
0.598086
0.13377
28.9855
0.132231
5.76369
17.094
0.901713
1.15075
2.90698
10.101
13.9535
1.38058
3.41686
6.46552
10.9489
1.47783
4.70219
2.51678
23.4375
0.761808
0.521376
0
16.0428
0.343289
0.0773176
33.7079
5.88235
10.7527
0.0442504
31.5789
22.7273
23.4375
15.544
17.5439
31.25
2.14439
0
0
0
0
0
0
2.20022
2.01207
0.376932
21.7391
0.342642
0.162285
1.41543
0.220022
0.747664
0.142796
28.9855
0.117702
10.6383
9.86842
0.973078
1.10497
5.70342
14.2857
45.4545
1.42755
4.31965
7.29927
5.95238
1.56495
3.367
2.74725
14.5985
0.565931
0.349284
0.00827472
9.7561
3.27869
0.36704
31.25
6.25
40.8163
0.0726375
17.341
20.6897
36.5854
44.1176
11.3636
23.8095
4.33526
0
0
0
0
0
0
3.08166
1.56495
0.525624
60.6061
0.211349
0.140964
1.59363
0.217936
0.713521
0.137514
32.2581
0.098256
9.34579
11.976
0.747105
0.95057
6.17284
25.3165
8.28729
0.965873
2.7907
43.4783
11.9048
1.33511
3.45224
2.57511
14.218
0.689497
0.202771
0.00538255
26.5487
4.32277
0.329164
76.9231
4.25532
44.7761
0.0855237
37.037
0.986518
120
37.9747
12.0482
23.4375
2.94985
0
0
0
0
0
0
1.12402
1.52827
0.217502
21.7391
0.228519
0.10543
1.31984
0.214715
0.675524
0.121536
27.027
0.11884
37.9747
3.53774
0.981354
0.884695
4.96689
38.4615
48.7805
1.31406
2.58065
8.26446
4.4843
1.45068
1.76263
2.50417
9.28793
0.979432
0.370142
0
15.5039
3.03644
0.202566
46.1538
4.52489
23.2558
0.0426761
1.21753
30.9278
27.5229
9.83607
17.094
8.69565
1.20385
0
0
0
0
0
0
6.41026
4.55581
0.528681
44.4444
0.58309
0.186029
1.15407
0.244439
0.981836
0.198491
15.5039
0.13478
13.4228
20.6186
0.73692
0.835771
3.73134
10.582
7.42574
1.32626
2.40192
21.5827
7.37101
1.80397
3.78788
2.79851
21.5827
1.1215
0.487646
0
4.58716
0.786782
0.104326
34.4828
6.36943
25.4237
0.0430052
5.87084
52.6316
54.5455
60
7.63359
29.703
3.65408
0
0
0
0
0
0
2.8222
1.13895
0.556793
5.07614
0.18881
0.163354
2.1645
0.292028
1.28645
0.15638
19.4805
0.130565
11.4943
7.8329
0.979432
1.07181
5.54529
22.5564
11.7647
1.20846
1.70648
10.989
2.5
1.21877
4.03226
1.90961
2.43309
0.539374
0.512645
0
18.3486
4.58716
0.184923
18.0723
0.995685
19.1083
0.0395998
3.50058
12.931
6.26305
16.4835
26.6667
8.82353
2.10231
0
0
0
0
0
0
1.38217
1.34409
0.465224
9.7561
0.289477
0.133041
1.67785
0.338639
1.00351
0.1924
11.6279
0.136156
10.8108
14.3885
0.632111
0.997506
3.08642
3.73832
33.3333
1.13165
3.00903
14.4928
6.01202
1.29814
2.90698
2.56849
22.3881
0.505476
0.250396
0.0113116
23.4375
4.34153
0.198899
17.0455
3.44432
22.0588
0.0362911
43.4783
47.619
55.5556
31.5789
35.7143
27.7778
1.63132
0
0
0
0
0
0
3.00601
1.17601
0.505476
6.28931
0.292854
0.110824
1.34108
0.16756
0.877706
0.180821
38.961
0.115367
18.1818
11.6279
0.64907
1.12655
6.07287
16.8539
30.303
1.97824
3.7037
13.6986
6.89655
0.953289
3.27511
3.48028
7.46269
0.503609
0.52283
0.0130378
27.7778
5.87084
0.309183
38.961
5.35714
40.5405
0.0528858
21.4286
50.8475
36.1446
29.1262
48.7805
24.7934
1.93175
0
0
0
0
0
0
2.86944
0.863185
0.515996
32.7869
0.270015
0.102428
2.18103
0.321182
0.806777
0.143565
54.0541
0.157295
80
15.2672
0.946074
1.07354
3.80228
35.0877
32.6087
1.30492
3.663
26.7857
8.13008
1.4171
2.76498
2.67618
9.14634
0.862565
0.440141
0.0116262
35.2941
8.52273
0.321062
48.3871
6.55022
28.0374
0.0614364
30.303
50
45.4545
48.3871
35.2941
30.9278
1.78891
0
0
0
0
0
0
2.28833
1.35808
0.604108
16.4835
0.332594
0.147587
2.77008
0.427533
1.24172
0.200602
9.61538
0.180397
19.3548
1.48148
0.402901
1.24378
4.8
24.7934
34.4828
1.87441
2.1322
8.06452
2.99103
1.3245
2.9615
2.96443
21.2766
0.882872
0.388249
0
25
0.295654
0.0819224
24
3.28228
14.0187
0.0496483
5.53506
30.9278
27.027
32.6087
16.3934
57.6923
1.67131
0
0
0
0
0
0
1.98413
1.85701
0.445434
23.8095
0.306513
0.182249
1.31062
0.222247
0.94697
0.137779
38.4615
0.111701
22.4719
15.873
0.63593
0.858738
2.42718
15.3846
28.5714
1.35685
3.34448
4.36047
7.38916
1.54879
3.82166
3.09598
13.4529
1.1066
0.43719
0
8.08625
3.5545
0.216294
14.4928
3.32226
47.619
0.0477373
16.4835
35.2941
25.641
8.24176
10.0334
4.65839
1.99734
0
0
0
0
0
0
2.64201
1.00503
0.637755
24.3902
0.220151
0.201559
2.76243
0.406559
1.7452
0.238588
47.619
0.178742
18.8679
10
0.981997
1.29199
5.37634
4.17827
46.5116
2.09205
3.78788
39.2157
7.60456
2.40096
5.43478
5.39084
25.3165
0.911854
0.732959
0.0080035
48.7805
4.31034
0.146391
26.5487
3.40522
34.8837
0.0388269
21.7391
27.5229
40.5405
4.07609
32.7869
19.3548
1.2474
0
0
0
0
0
0
2.24719
4.10678
1.09649
30.7692
0.666223
0.281057
4.62963
0.837872
2.38949
0.415714
37.037
0.265358
26.6667
19.4175
1.70648
2.08117
12.6582
90.9091
9.77199
1.42586
3.93185
15.2284
7.33496
1.62075
2.9703
2.95567
13.4529
0.866301
0.492287
0
4.51807
1.40977
0.0991244
46.1538
4.23729
23.0769
0.0589982
18.75
33.3333
17.7515
14.7783
4.39239
3.65408
2.26415
0
0
0
0
0
0
2.05973
1.23381
0.704887
28.169
0.2936
0.15824
2.13675
0.198295
1.09369
0.181313
5.21739
0.137331
35.7143
14.6341
0.911854
1.15385
6.60793
43.4783
33.8983
2.75862
5.43478
71.4286
21.0526
2.34192
8.58369
4.31965
24.3902
1.2837
0.741107
0.00736158
68.9655
5
0.168086
40.5405
2.95858
33.3333
0.0340402
40
24.7934
38.4615
17.5439
32.2581
17.9641
1.03413
0
0
0
0
0
0
6.34921
2.68817
1.01163
22.4719
0.67981
0.274839
3.5461
0.574878
2.12089
0.353669
52.6316
0.352175
13.0719
27.027
1.4782
3.05344
10.929
40
4.12655
1.5456
2.96736
14.7059
5.26316
1.59574
3.90625
2.6738
16.6667
1.04094
0.48247
0
6.74157
1.36426
0.106667
24.5902
3.61446
14.8515
0.062934
58.8235
12.1951
1.68539
12.7119
10.3448
27.027
2.27964
0
0
0
0
0
0
3.31675
1.44718
0.570125
10.3806
0.168767
0.133233
1.63666
0.396406
1.40318
0.198268
32.967
0.160274
31.5789
8.31025
0.821468
1.07335
4.94234
17.4419
27.3973
1.61812
2.39521
19.802
7.38007
1.25471
3.04878
2.18978
2.8626
0.676895
0.416493
0
21.978
1.59659
0.0588201
16.5746
3.31858
15
0.0466505
15.4639
20.5479
9.31677
2.55537
34.4828
25.641
1.58814
0
0
0
0
0
0
4.662
2.19058
0.362845
22.4719
0.394555
0.16094
1.0989
0.20202
0.932401
0.168535
46.5116
0.120766
27.027
10.7527
0.731261
0.877578
5.22193
40
9.6463
1.27119
3.88601
20.979
7.19424
1.82593
4.03769
2.81162
6.59341
1.24069
0.418527
0
17.8571
1.11524
0.175974
30.9278
3.94737
5.20833
0.0509658
24.7934
24.7934
22.5564
27.5229
4.04313
30.9278
1.83262
0
0
0
0
0
0
1.72414
0.800961
0.6509
12.3457
0.20654
0.204946
3.06435
0.522466
1.41643
0.21328
27.027
0.187359
9.00901
4.75436
0.801925
1.29926
5.08475
10.4895
23.2558
2.00602
2.81294
37.7358
11.8343
0.938086
3.33333
2.91545
7.14286
0.440399
0.561377
0.0120277
24.0964
6.04839
0.305126
31.9149
4.55927
41.6667
0.0505834
26.087
34.0909
27.027
14.0187
37.7358
12.6582
0.796178
0
0
0
0
0
0
0.801925
0.746269
0.472032
25
0.264515
0.0998203
2.39521
0.309741
0.932836
0.164447
44.4444
0.145012
43.4783
21.0526
1.09349
0.849979
3.3557
35.7143
8.42993398172968
