o
1.76678
300
5.02513
12.8617
129.032
29.6296
4.33839
17.2414
10.5541
78.4314
5.76369
2.53485
0.0289118
93.75
17.094
1.10162
137.931
18.6916
210.526
0.185211
108.108
173.913
210.526
173.913
136.364
129.032
7.57576
0
0.00587622
0.00651446
0.00747608
0.00902497
0
18.6335
10.4167
2.08333
142.857
1.14286
0.665041
18.2927
5.28169
0.814996
130.435
0.686342
100
96.7742
2.96736
3.81679
21.5827
187.5
266.667
5.94354
13.6054
173.913
35.3982
5.85652
18.2648
11.9403
65.5738
4.19287
2.77008
0.0307572
100
7.54717
0.951701
137.931
14.652
235.294
0.169348
97.561
160
210.526
153.846
160
111.111
6.79117
0.00422705
0.00623659
0.00663874
0.00783303
0.0089764
0
8.38574
8.06452
1.13379
148.148
0.891464
0.430756
11.2676
1.20773
2.22469
0.569395
114.286
0.642055
83.3333
72.7273
3.64631
4.31034
20.7254
222.222
250
5.67108
14.1844
200
31.4961
4.62963
15.3257
9.13242
59.7015
3.36134
2.56082
0.0313109
115.385
16.3934
1.08725
148.148
15.5039
235.294
0.175377
117.647
173.913
200
160
176.471
125
7.66284
0.00425657
0.00624743
0.00670273
0.00766538
0.00917507
0
13.9535
8.06452
1.5456
125
0.983929
0.555658
15.7895
1.95185
5.18135
0.669643
136.364
0.719424
90.9091
81.0811
3.60577
4.10959
17.2414
200
266.667
5.36913
13.7931
181.818
32.5203
5.13479
15.444
10.8108
75.4717
3.65631
1.30719
0.0306072
108.108
4.37637
0.904568
111.111
15.0376
181.818
0.151624
95.2381
137.931
173.913
148.148
142.857
95.2381
6.0423
0.00584718
0.00637102
0.00680646
0.00775331
0.00898721
0
1.82983
1.53492
2.1751
142.857
1.00528
0.398684
12.6582
1.26183
4.65116
0.689299
137.931
0.63674
85.1064
64.5161
2.93902
2.63505
21.7391
200
300
6.32911
11.6732
117.647
28.3688
4.90798
17.3913
8.83002
66.6667
4.51467
2.38949
0.029907
125
15.3257
1.00985
142.857
17.3913
222.222
0.172659
108.108
153.846
200
160
166.667
117.647
6.84932
0.00277953
0.0062937
0.0068606
0.00772966
0.00894609
0
16.0428
9.00901
2.49169
157.895
1.23001
0.49975
12.2951
1.63577
5.09338
0.707547
130.435
0.667557
88.2353
85.7143
3.7831
4.73186
23.2558
200
266.667
5.96125
12.987
173.913
29.8507
4.5403
15.625
10
67.7966
3.02572
2.54777
0.0311551
95.2381
15.873
0.681083
137.931
18.2648
250
0.184775
105.263
160
200
153.846
166.667
108.108
7.00525
0.00426516
0.00633087
0.00653303
0.00764672
0.00950912
0.00133041
11.5274
7.92079
2.18818
148.148
1.3741
0.53312
14.8148
1.83739
2.23839
0.563301
133.333
0.683761
86.9565
75.4717
3.12256
4.329
20.202
200
300
6.39659
14.8515
111.111
27.3973
5.40541
20.3046
10.4167
74.0741
5.7971
2.59572
0.0299106
125
17.6991
1.00125
133.333
18.5185
250
0.181135
102.564
166.667
235.294
190.476
166.667
148.148
8.04829
0.0027045
0.00601002
0.0064352
0.00729693
0.00883
0
16.129
9.52381
2.52525
136.364
1.26103
0.493583
20.2703
1.62426
5.24476
0.67325
157.895
0.682905
103.448
76.9231
3.25027
4.29799
21.4286
200
307.692
5.62588
12.5392
160
26.1438
4.60299
15.5642
9.15332
64.5161
1.53315
1.51803
0.0307451
102.564
13.5135
0.777454
111.111
2.12993
90.9091
0.16531
90.9091
142.857
181.818
137.931
160
93.0233
2.84091
0.00432342
0.00637675
0.00677093
0.00816446
0.00912642
0
11.3314
8.69565
2.25861
148.148
1.13993
0.386847
13.6986
1.47929
4.5977
0.668226
117.647
0.605602
93.0233
67.7966
3.16456
3.89484
20.8333
190.476
272.727
2.46508
12.1457
187.5
31.5789
5.10204
17.0455
10
66.6667
4.60299
3.00075
0.0291796
107.143
16.2602
0.968758
137.931
17.5439
250
0.172436
105.263
166.667
235.294
181.818
166.667
133.333
6.9808
0.0042569
0.00624588
0.00680867
0.00767124
0.00923736
0
16.9492
8.67052
2.32558
130.435
1.17463
0.51966
17.0455
1.25
4.21348
0.580046
142.857
0.541908
81.0811
83.3333
3.04569
4.2796
22.5564
200
285.714
4.31034
16.5289
200
31.25
5.69801
20.5128
10.8401
74.0741
4.70588
2.36967
0.0304115
85.1064
15.625
0.948992
137.931
17.5439
222.222
0.19306
80
142.857
222.222
173.913
129.032
121.212
7.29927
0.00133388
0.00607948
0.00664226
0.00738273
0.00888278
0
12.6582
8.26446
2.1692
136.364
1.15707
0.595859
10.4439
1.47221
5.67376
0.823554
137.931
0.705841
105.263
75.4717
2.73973
4.55581
25.974
210.526
272.727
5.20833
13.4529
187.5
31.25
3.3557
15.4639
9.61538
51.2821
4.37637
2.43457
0.0328324
103.448
14.0845
1.00756
148.148
15.3846
210.526
0.189807
125
190.476
222.222
153.846
157.895
114.286
7.54717
0.00577601
0.00631228
0.00676293
0.00781561
0.009184
0
14.8515
8.92857
2.72727
187.5
1.373
0.530598
15
2.08768
5.45455
0.739645
150
0.67981
85.7143
88.2353
3.62319
3.52113
22.9008
214.286
235.294
5.76369
14.1844
190.476
33.3333
3.8059
14.652
9.41176
54.0541
5.49451
2.44499
0.030295
129.032
19.1388
1.14613
153.846
18.4332
190.476
0.196628
102.564
133.333
200
190.476
173.913
148.148
8.49257
0.00133758
0.00596972
0.006342
0.00739547
0.0089868
0
15.9574
8.33333
2.30548
115.385
1.07028
0.678887
19.9005
2.17984
5.89102
0.768492
121.212
0.634015
85.1064
86.9565
2.72665
4.5977
22.5989
190.476
300
5.94059
14.0845
214.286
35.2941
4.64576
19.0476
11.8694
72.7273
3.58744
2.73411
0.0314352
103.448
17.3913
1.00604
8.42105
15.5039
222.222
0.187064
93.0233
137.931
181.818
137.931
166.667
102.564
5.56328
0.00421991
0.00622261
0.00686362
0.00775021
0.00910846
0
6.32911
5.71429
2.54669
115.385
1.0352
0.39604
13.8249
1.79748
4.61538
0.503525
150
0.622924
96.7742
73.1707
3.39367
4.59418
24.7934
230.769
250
6.42055
15.1515
181.818
29.4118
4.79616
15.6863
10.8401
85.1064
6.19195
2.53646
0.0301046
100
12.7796
1.0644
133.333
17.4672
235.294
0.200321
114.286
173.913
210.526
166.667
125
121.212
8.11359
0.00135227
0.00594696
0.00639916
0.00751944
0.00874261
0
13.3333
9.09091
2.5413
137.931
1.37363
0.587372
17.8571
1.94837
3.17209
0.708466
148.148
0.576369
80
86.9565
3.07929
4.80769
23.3918
210.526
333.333
6.22407
11.6279
166.667
25
5.35714
13.3779
11.5607
71.4286
3.17712
2.49377
0.03016
107.143
16.9492
0.99975
137.931
16.5975
200
0.180758
114.286
160
210.526
173.913
157.895
121.212
6.57895
0.00269469
0.00606397
0.00648185
0.00742578
0.0079741
0
17.0455
10.5634
2.70027
130.435
0.98912
0.558243
17.0455
1.60342
5.11073
0.825309
150
0.727979
100
88.2353
3.76884
5.05902
20.2703
200
266.667
5.22193
12.9032
173.913
28.3688
4.71698
14.4928
9.90099
63.4921
5.03778
1.94932
0.0296732
88.8889
13.5593
1.05235
137.931
17.316
222.222
0.18689
95.2381
105.263
142.857
137.931
142.857
121.212
7.16846
0.00275063
0.00599901
0.00671243
0.00779639
0.00927609
0
13.7615
8.11359
2.25225
142.857
1.13475
0.475907
14.652
1.9656
4.59242
0.737191
166.667
0.763213
88.8889
70.1754
2.2805
4.16667
20.6186
190.476
54.4627862082375
