o
2.30719
269.231
8.38323
17.9372
153.846
41.8848
7.68492
24.4648
15.3551
71.4286
5.44588
3.82775
0.0570381
142.857
16.4706
1.25899
129.63
19.7183
212.121
0.264041
95.8904
145.833
233.333
166.667
194.444
129.63
8.89454
0.0115138
0.0125815
0.0130481
0.0156863
0.0128612
0.0105688
10.3397
11.8243
3.24074
159.091
1.79441
0.791676
16.8269
6.1296
0.996158
116.667
0.955501
86.4198
92.1053
5.01792
6.22222
32.4074
3.87382
275.862
8.19672
21.6216
205.128
45.7143
8.14664
23.6686
17.2043
102.564
5.997
3.85542
0.057783
119.403
20.9581
1.55937
145.833
21.7391
205.882
0.302873
114.754
184.211
250
189.189
170.213
140
10.101
0.0114797
0.0127598
0.0136748
0.0158208
0.0190837
0.0105144
12.7186
11.0497
3.43938
170.213
1.62272
0.91859
17.66
2.42498
6.4257
1.01433
156.863
1.1317
86.9565
86.0215
4.9597
6.77392
33.0579
235.294
58.04435443
