o
1.443
230.769
3.42075
7.27273
142.857
15.873
3.32779
1.26662
7.43494
43.956
4.23729
1.7452
0.0169939
65.2174
11.5942
0.666112
85.1064
11.6959
95.2381
0.134431
68.9655
70.1754
137.931
78.4314
76.9231
93.0233
5.68182
0
0
0
0
0
0
7.28155
4.13793
1.69683
35.7143
0.710395
0.551268
13.3929
3.90625
0.494641
130.435
0.392311
81.0811
47.619
2.11268
3.1679
16.7598
103.448
96.7742
3.90625
8.69565
120
26.087
3.66748
10.9489
7.8125
43.4783
2.52101
1.69109
0.0198704
75
8.10811
0.568289
63.8298
8.82353
73.1707
0.097144
61.2245
68.1818
76.9231
96.7742
111.111
52.6316
3.65854
0
0
0
0
0.00582168
0
7.5188
5.26316
1.55119
51.7241
0.787195
0.313873
9.11854
1.0274
2.96736
0.431468
115.385
0.357185
76.9231
47.619
2.20751
2.72975
13.5135
166.667
187.5
3.64078
10.6667
137.931
22.7273
3.40716
1.27959
7.72201
36.6972
4.03226
1.77226
0.01835
73.1707
11.4613
0.683878
51.9481
9.7561
83.3333
0.125557
108.108
76.9231
166.667
142.857
103.448
86.9565
2.8715
0
0
0
0
0
0
12.1951
5.78035
1.81818
36.5854
0.763359
0.410621
10.7914
1.29366
3.7037
0.525578
55.5556
0.416089
78.9474
69.7674
2.16606
2.92113
12.8205
108.108
75
3.125
9.90099
150
21.4286
3.74532
11.3636
7.07547
44.1176
2.88184
1.79319
0.0193391
28.0374
11.194
0.60048
60
9.90099
166.667
0.103463
53.5714
55.5556
52.6316
63.8298
44.1176
46.875
4.83092
0
0
0
0
0.00586464
0
6.78733
5.6391
1.48662
71.4286
0.755287
0.354694
9.86842
1.14548
3.1185
0.450924
88.2353
0.391032
76.9231
48.3871
2.18341
2.92969
14.9254
71.4286
107.143
3.53774
9.06344
32
19.3237
3.18471
9.61538
1.15075
38.0952
2.80505
1.48533
0.0191066
37.9747
12.1212
0.612745
83.3333
10.2564
105.263
0.113954
93.0233
45.4545
62.5
80
75
75.4717
5.05051
0
0
0
0
0
0
8.54701
3.71287
1.69492
38.961
0.696217
0.373413
10.453
1.15429
2.82752
0.421644
36.5854
0.449102
53.5714
28.8462
1.97628
3.2538
18.2927
46.1538
200
3.84123
9.34579
58.8235
19.8675
3.69458
11.8577
6.07287
31.25
2.85171
1.7311
0.0203879
83.3333
10.7527
0.655881
66.6667
3.50877
100
0.111615
61.2245
130.435
157.895
90.9091
111.111
73.1707
4.56621
0
0
0
0
0.00603131
0
5.72519
5.09338
1.27605
51.7241
0.726392
0.299312
10.989
1.16324
3.0426
0.418468
54.5455
0.389864
78.9474
52.6316
2.24551
2.85714
14.2857
130.435
40.5405
2.997
10.274
57.6923
18.4332
3.17965
12.2699
1.20156
43.4783
3.33056
1.62602
0.0193146
52.6316
13.4228
0.657895
68.9655
10.8992
102.564
0.114715
50
49.3827
108.108
38.835
44.7761
54.0541
3.64299
0
0
0
0
0.00178745
0
8.08625
6.30252
1.66297
53.5714
0.826674
0.327976
10.8303
1.10132
2.74977
0.422714
29.4118
0.347303
26.7857
37.9747
1.70843
3.39367
15.544
63.8298
214.286
3.69458
9.17431
142.857
25.4237
3.5503
11.7647
7.29927
52.6316
2.80899
1.76471
0.0171499
81.0811
8.08625
0.532104
120
9.23077
50.8475
0.117559
96.7742
66.6667
83.3333
68.1818
125
55.5556
4.58716
0
0
0
0
0.00569331
0
5.49451
2.53807
1.55199
63.8298
0.728686
0.344471
8.62069
0.984575
3.02115
0.459911
130.435
0.420994
81.0811
34.0909
2.22552
2.92683
15.3061
166.667
42.8571
2.59965
8.74636
43.4783
22.3881
1.35014
11.1524
6.22084
27.027
2.32153
0.76118
0.019805
19.4805
10.6383
0.646935
111.111
10.8401
153.846
0.109902
62.5
74.0741
88.8889
90.9091
31.9149
67.7966
4.77897
0
0
0
0
0
0
8.31025
6.18557
1.41376
125
0.832871
0.31384
9.31677
1.15473
3.08325
0.413166
36.1446
0.38134
26.087
23.8095
2.01748
2.96443
15.1515
45.4545
210.526
3.44234
9.63855
148.148
25.3165
3.4632
12.4224
7.35294
51.9481
3.94867
1.75747
0.0174684
72.7273
13.468
0.720721
57.1429
12.0846
86.9565
0.137457
85.1064
8.51064
95.2381
133.333
83.3333
64.5161
5.64972
0
0
0
0
0
0
9.49367
2.25564
1.72637
34.8837
0.580215
0.453361
12.6984
1.56372
4.07332
0.516796
61.5385
0.431546
71.4286
49.3827
2.02532
3.13234
15.748
125
52.6316
2.65487
8.47458
120
17.8571
3.09917
7.5
6.13497
20.9424
2.20629
0.790826
0.0205643
46.875
10.2564
0.558425
86.9565
10.0756
100
0.104534
90.9091
125
125
129.032
103.448
85.1064
4.5977
0
0
0
0
0.00182837
0
8.31025
5.58659
1.27497
52.6316
0.835655
0.307472
8.72093
1.15652
2.34192
0.412712
47.619
0.367017
37.5
35.7143
1.70455
3.0581
12.8205
93.75
114.286
3.61664
10.4439
153.846
24.5399
3.12256
12.5786
7.46269
55.5556
3.7594
1.76523
0.0174055
64.5161
11.8343
0.716332
62.5
12.6183
81.6327
0.128713
57.1429
86.9565
137.931
148.148
63.4921
83.3333
5.05689
0
0
0
0
0
0
9.31677
5.61798
1.45033
3.73134
0.856898
0.443459
7.73694
1.37033
3.66636
0.573312
114.286
0.48216
78.4314
27.972
2.12653
2.97398
13.7931
102.564
78.9474
3.65408
8.10811
100
6.50759
3.14465
12.987
1.1789
47.0588
3.4965
1.69924
0.0183936
61.2245
11.1732
0.564095
95.2381
12.0482
76.9231
0.13083
85.1064
80
93.0233
111.111
66.6667
97.561
2.1322
0
0
0
0
0
0
8.72093
6.57895
1.88561
41.0959
0.739645
0.360317
9.31677
1.2848
3.48432
0.558451
60
0.451535
55.5556
44.7761
2.09937
3.33333
15.7895
81.0811
114.286
3.96432
10.3359
142.857
25.4777
3.40716
7.92079
7.20721
55.5556
3.76648
1.74978
0.0172248
85.1064
13.1148
0.613779
100
11.5942
78.4314
0.12647
102.564
93.0233
102.564
129.032
148.148
93.0233
5.17464
0
0
0
0
0
0
7.50469
6.75676
1.85874
42.1053
0.598086
0.523355
12.6984
1.42959
3.95257
0.57323
111.111
0.49505
66.6667
55.5556
2.1254
3.34728
15.2091
160
6.0241
3.38983
10.2389
56.6038
17.2414
3.43643
8.29876
7.0922
40.404
0.831428
1.75285
0.0207028
30.9278
12.4224
0.609942
83.3333
9.82801
71.4286
0.104957
57.1429
114.286
111.111
137.931
61.2245
72.7273
3.87973
0
0
0
0
0
0
9.20245
5.92885
1.56904
43.4783
0.723066
0.352983
10.7527
1.25945
1.98151
0.438853
81.0811
0.378263
62.5
63.8298
2.24215
3.31126
13.3929
76.9231
148.148
3.62647
9.80392
117.647
26.3158
3.58744
12.4224
7.53296
46.5116
4.09417
1.82066
0.0176942
81.6327
11.6618
0.575705
90.9091
11.396
88.8889
0.128597
97.561
114.286
153.846
137.931
125
95.2381
5.77201
0
0
0
0
0
0
9.55414
4.41989
1.7301
14.1844
0.589275
0.447628
12.8617
1.38744
3.94867
0.554939
137.931
0.411565
75.4717
54.7945
1.92864
3.22841
14.9254
111.111
100
3.56295
8.17996
105.263
18.6047
3.24939
13.7457
7.32601
48.1928
3.33333
1.52964
0.0191232
39.604
13.7457
0.656276
81.6327
10.8108
15.444
0.117813
108.108
80
102.564
105.263
58.8235
93.0233
2.90909
0
0
0
0
0
0
8.95522
4.88599
0.726744
35.2941
0.675068
0.442739
10.5263
1.2728
3.65408
0.336625
88.2353
0.478316
75
11.7302
1.86306
3.23625
17.316
56.338
93.75
3.81194
4.66563
130.435
27.5229
3.56295
12.6582
6.94444
50.8475
3.4642
1.79641
0.0185391
73.1707
11.1524
0.619963
61.2245
10.3093
48.3871
0.119784
60
24.8447
108.108
93.0233
107.143
49.3827
4.16667
0
0
0
0
0
0
7.42574
5.54529
1.52053
46.1538
0.774194
0.313939
14.0845
1.24224
3.2538
0.432339
68.1818
0.409389
83.3333
68.1818
2.06754
3
16.0428
103.448
150
3.28947
11.4943
97.561
23.5294
3.39847
13.3779
7.8125
47.619
4.13223
1.76523
0.0179824
57.6923
14.4404
0.696864
125
7.20721
121.212
0.126735
90.9091
48.7805
74.0741
105.263
18.2648
75.4717
5.41272
0
0
0
0
0
0
8.52273
5.43478
0.759301
37.037
0.838223
0.425713
12.6582
1.53453
3.93185
0.534474
125
0.474909
65.2174
62.5
2.1966
3.16957
15.8103
200
166.667
3.69458
10
166.667
26.087
3.58852
10.9489
6.74157
50.8475
2.50836
1.69875
0.0183969
85.7143
6.63717
0.601082
88.2353
9.03614
69.7674
0.112672
28.5714
48.3871
54.0541
52.6316
136.364
41.2371
4.5045
0
0
0
0
0
0
6.43777
4.08163
1.57563
33.7079
0.802783
0.294175
9.58466
1.04932
2.94118
0.432776
56.6038
0.393649
65.2174
54.5455
2.07326
2.7933
12.1951
136.364
102.564
3.48129
10.5263
133.333
23.3918
2.85103
12.2324
8.14664
57.971
3.79147
1.70285
0.0186456
70.1754
13.3779
0.58548
80
10.7527
52.6316
0.126928
80
61.5385
97.561
55.5556
93.0233
45.977
1.59426
0
0
0
0
0
0
9.23077
6.07287
0.823893
41.0959
0.826219
0.458015
11.3208
0.960615
3.53357
0.543774
76.9231
0.47118
65.2174
50.6329
2.02737
3.71747
16.6667
90.9091
157.895
3.97878
10
157.895
26.087
3.69914
12.5523
3.6452
41.0959
4.83092
2.11864
0.0187536
85.7143
12.1457
0.621762
39.4737
9.06344
37.9747
0.122167
41.2371
66.6667
129.032
121.212
103.448
60.6061
3.53357
0
0
0
0
0.00179655
0
9.43396
5.74713
1.72612
53.5714
0.683839
0.337496
12.3967
1.46699
3.65854
0.410172
166.667
0.441176
88.2353
37.5
2.21402
3.05499
15.873
81.0811
88.2353
3.38409
12.4224
100
20.1005
3.38696
15.0376
8.09717
55.5556
3.97219
1.67785
0.0185139
72.7273
11.7647
0.661594
70.1754
9.68523
68.9655
0.118242
102.564
52.6316
111.111
95.2381
105.263
74.0741
4.75059
0
0
0
0
0
0
4.54545
5.94059
0.797289
30
0.782677
0.384468
8.42697
1.28096
1.96721
0.5
37.5
0.485909
54.5455
53.3333
1.997
3.34448
16.5289
160
272.727
3.72208
10.2389
176.471
24.5902
3.55872
12.7119
7.12589
44.1176
3.59712
1.90597
0.0173779
78.9474
11.3208
0.648649
46.875
10.7527
100
0.125707
52.6316
90.9091
13.4228
117.647
142.857
64.5161
4.38596
0
0
0
0
0
0
8.37989
5.76923
1.62426
49.1803
0.747198
0.312891
15.544
1.35196
3.367
0.459841
130.435
0.374625
76.9231
61.2245
2.08623
3.17125
15.9574
150
272.727
3.81194
9.1954
78.4314
19.6078
3.38983
12.3839
7.31261
45.4545
4.11946
1.63399
0.0176661
71.4286
11.0803
0.610128
111.111
10.989
93.0233
0.12963
81.6327
80
111.111
114.286
78.9474
60.6061
4.39078
0
0
0
0
0
0
7.19424
5.85938
1.71135
20.2703
0.777202
0.414995
11.9048
1.39082
3.90625
0.527797
90.9091
0.521014
85.7143
7.69231
2.02737
1.03413
16.0643
100
250
2.48344
10.3806
136.364
25.2101
3.54191
12.5523
4.02685
49.1803
3.37838
1.79211
0.0180797
61.2245
12.1951
0.526501
44.1176
9.86842
62.5
0.112596
71.4286
42.2535
68.1818
65.2174
75
37.9747
3.85604
0
0
0
0
0
0
8.13008
5.50459
1.56576
30.9278
0.681973
0.348109
12.5523
1.25366
3.58852
0.490757
125
0.427107
73.1707
48.3871
2.04499
3.1185
14.8515
176.471
250
3.38219
10.8401
148.148
25
1.07585
11.9403
7.76699
48.7805
3.98804
1.79695
0.0176634
42.2535
13.9373
0.644434
114.286
12.2324
166.667
0.125008
105.263
102.564
166.667
114.286
57.6923
102.564
5.45703
0
0
0
0
0
0
7.8534
4.03226
1.64474
36.5854
0.794492
0.444708
13.2743
1.57563
3.87097
0.516618
130.435
0.491803
88.2353
45.4545
2.03114
3.06984
18.6047
129.032
230.769
3.80228
10.0334
157.895
26.7857
3.75
11.6279
7.22892
50.8475
2.68817
1.78253
0.018311
88.2353
1.11152
0.584226
40.5405
3.24324
49.1803
0.1076
51.7241
31.5789
46.875
42.2535
130.435
39.4737
0.630252
0
0
0
0
0.00574268
0
4.90998
1.40581
1.54083
32.2581
0.70555
0.193798
2.4077
0.74184
1.0772
0.309534
136.364
0.349243
78.9474
36.1446
2.1398
3.03337
15.7895
166.667
60
3.06122
10.7817
160
25.1572
3.40136
14.4404
8.56531
50.6329
3.36417
1.60321
0.0183316
34.8837
12.8617
0.671254
114.286
11.7994
15.6863
0.115751
105.263
75.4717
70.1754
75.4717
65.2174
44.9438
4.64576
0
0
0
0
0
0
9.06344
5.78035
0.729262
47.619
0.877193
0.381582
11.0294
1.11732
2.73973
0.52521
76.9231
0.394477
27.2727
36.3636
1.97433
3.30852
15.625
117.647
250
2.44898
9.375
176.471
24
3.58423
11.4943
6.81818
51.7241
3.48028
1.62955
0.0181755
78.9474
12.6582
0.610252
107.143
10.7527
76.9231
0.112769
38.961
40
60
47.619
115.385
32.5203
4.52489
0
0
0
0
0
0
7.73196
5.47445
1.60686
34.8837
0.813008
0.325768
11.6732
1.21457
3.40909
0.458716
81.0811
0.421408
66.6667
54.5455
2.06469
2.99401
15.4639
142.857
103.448
3.31492
11.236
160
24.0964
3.47826
12.3077
7.7821
54.0541
4.0404
1.75055
0.0178769
60
12.3457
0.594796
102.564
12.3457
111.111
0.117775
97.561
67.7966
80
75.4717
107.143
64.5161
5.19481
0
0
0
0
0
0
4.36681
6.04839
1.84388
49.1803
0.813449
0.366569
10.5263
1.3369
3.53357
0.537634
88.2353
0.533618
61.2245
32
2.05867
1.06638
16.0643
133.333
214.286
3.74065
4.78469
125
26.7857
3.67197
12.3457
6.92841
45.4545
3.47625
1.76783
0.0182349
78.9474
9.67742
0.599281
44.1176
9.58466
61.2245
0.120919
51.7241
51.7241
8.79765
60
125
62.5
3.7843
0
0
0
0
0
0
6.60793
5.20833
1.60514
32.6087
0.735114
0.307755
14.3541
1.31752
3.50467
0.458575
90.9091
0.38018
41.0959
38.961
2.00938
3.06748
15.625
176.471
30.7048864854312
