o
2.22717
333.333
8.07537
18.4211
200
43.2099
7.431
23.0263
3.74332
83.3333
4.61133
3.54251
0.0531455
139.535
17.9949
1.37094
145.833
20.4678
225.806
0.262428
89.7436
194.444
212.121
184.211
187.5
122.807
8.97436
0.0101821
0.0111639
0.0119094
0.013979
0.0124828
0.00937289
8.70827
10.8696
3.26797
150
1.74317
0.524751
16.3488
5.67644
0.877065
120
0.878992
92.3077
95.2381
4.72813
6.16016
30.7692
240
304.348
8.16803
21.3415
212.121
44.8718
7.94552
24.3056
16.3551
98.5915
2.49465
3.68615
0.0533455
134.615
19.1781
1.36372
134.615
20.7715
205.882
0.262231
109.375
184.211
233.333
166.667
189.189
142.857
9.10273
0.0102418
0.011
0.0117991
0.0139103
0.0168258
0.00944757
13.3843
11.0585
3.35249
162.791
1.71779
0.777519
16.8675
1.97796
5.85284
1.0279
152.174
0.934455
88.6076
90.9091
4.86111
6.38686
32.7103
250
300
7.87402
19.6629
184.211
40.6977
4.66667
23.2558
15.9453
94.5946
5.76606
3.72142
0.0547303
133.333
17.6322
1.35213
142.857
20
233.333
0.265423
102.941
189.189
291.667
155.556
193.548
142.857
8.98588
0.0101242
0.0111685
0.0119552
0.0138604
0.0152678
0.00938287
12.4224
10.7914
3.35008
166.667
1.98544
0.773296
13.6986
2.18023
5.923
1.06515
162.162
0.787608
86.9565
89.5522
4.83092
6.31579
30.837
225.806
260.87
7.71208
21.0526
157.895
42.2535
8.02139
24.8963
16.7598
92.3077
5.8651
3.76884
0.0557196
125
20.979
1.45033
146.341
21.978
200
0.266702
109.091
181.818
272.727
206.897
171.429
153.846
10.1351
0.00987004
0.0109788
0.0118302
0.013904
0.0166853
0.00943017
15.544
11.811
3.386
157.895
2.04082
0.83834
17.2414
2.34926
6.23053
1.09669
150
1.02757
89.5522
75.9494
4.88998
6.47948
31.746
214.286
62.1370528652
