o
0.909918
23.2558
1.0805
4.26743
16.7598
14.6341
1.39147
5.13699
4.37318
22.2222
0.996347
0.718047
0.0113354
19.0476
8.90208
0.350754
30
6.80272
47.619
0.0600012
26.5487
37.5
31.9149
4.60829
35.0877
47.619
2.42915
0
0
0
0
0
0
7.57576
3.10078
0.652316
47.619
0.422119
0.176227
6.89655
1.74825
0.252302
44.4444
0.18167
31.746
28.9855
1.24688
0.888099
7.11744
23.8095
45.4545
1.70843
4.70219
36.1446
11.7647
1.93299
6.39659
3.50467
24.7934
1.16369
0.696217
0.00965263
29.1262
6.75676
0.301447
27.2727
5.79151
34.8837
0.062967
29.4118
37.037
29.703
41.6667
27.027
27.7778
2.65252
0
0
0
0
0
0
3.76884
2.09937
0.756239
39.4737
0.440593
0.203197
3.87597
0.458856
1.22499
0.251762
34.0909
0.23546
42.8571
24.5902
1.37489
1.68539
9.23077
46.875
23.2558
1.92678
1.82927
19.1083
11.1524
2.35664
7.17703
4.42478
25.641
1.79748
0.766479
0.00918487
17.8571
5.60748
0.308769
48.3871
5.54529
41.6667
0.0674006
34.0909
48.3871
58.8235
49.1803
24.3902
21.5827
2.9615
0
0
0
0
0
0
6.75676
1.97824
0.886918
30.7692
0.428266
0.253389
4.3956
0.611434
1.68634
0.204415
29.4118
0.185908
22.9885
16.2602
1.12296
2.23214
7.07547
32.2581
40
1.71821
5.25394
37.9747
11.7188
1.91693
5.64972
2.83822
24.7934
1.27932
0.934871
0.0093719
30.303
5.43478
0.347464
31.5789
5.59701
50.8475
0.0568182
41.6667
40.5405
50
50.8475
44.1176
34.4828
2.5663
0
0
0
0
0
0
5.21739
3.0426
0.660066
40.5405
0.406669
0.193523
6.28931
0.547645
1.56822
0.220799
35.7143
0.207987
40.5405
21.5827
0.873617
1.29926
8.74636
37.037
37.037
2.19298
5.05051
37.9747
11.4068
2.30238
6.16016
3.81679
20.1342
1.50376
1.04348
0.0112935
35.7143
7.73196
0.415512
35.7143
3.62757
52.6316
0.0720167
38.4615
40
35.2941
45.4545
34.4828
40
2.58844
0
0
0
0
0
0
6.41026
3.48432
0.907029
43.4783
0.34825
0.174338
6.82594
0.742115
2.0141
0.251731
86.9565
0.206186
29.4118
18.3486
1.30804
1.3947
6.82594
40.8163
50
1.78042
5.31915
37.037
11.194
1.84388
4.07056
3.40522
23.0769
0.969619
0.513523
0.0100369
32.6087
5.10204
0.286697
37.5
4.9505
37.9747
0.0658819
61.2245
32.6087
71.4286
25.641
51.7241
24
2.68817
0
0
0
0
0
0
3.82166
2.52313
0.755287
29.4118
0.39267
0.180538
4.03769
0.43153
1.28645
0.228938
30.9278
0.21777
49.1803
19.1083
1.13982
1.65107
8.72093
19.6078
14.3885
1.4652
3.44828
32.2581
12.605
1.65017
6.03622
4.31655
16.5746
1.22499
0.701262
0.00980251
13.6986
7.63359
0.291574
57.6923
6.26305
31.5789
0.0730407
37.9747
28.3019
49.1803
25.2101
6.17284
37.037
2.89855
0
0
0
0
0
0
7.0922
3.59066
0.855066
35.7143
0.366166
0.185529
4.02414
0.570288
1.55885
0.224442
36.3636
0.20141
21.0526
18.6916
1.09649
1.72414
9.17431
20.6186
45.4545
2.42326
4.55235
55.5556
17.0455
2.849
5.62852
3.94218
28.5714
0.96
0.78329
0.0150762
51.7241
6.01202
0.273573
28.3019
5.6926
35.2941
0.0595533
36.5854
33.3333
33.7079
28.5714
66.6667
32.2581
2.42915
0
0
0
0
0
0
3.61446
1.93424
0.880023
1.18343
0.521286
0.220183
3.88098
0.468384
1.32509
0.283607
46.875
0.303
76.9231
23.8095
1.63132
1.82704
8.06452
58.8235
33.8983
1.79533
4.56621
20.4082
12.0482
1.77462
4.11523
2.82486
22.9008
0.90525
0.728509
0.010821
21.0526
6.78733
0.355703
85.7143
6.94444
28.8462
0.0634478
40.5405
49.1803
48.3871
36.5854
17.094
38.4615
3.22234
0
0
0
0
0
0
7.19424
4.6729
0.794597
29.4118
0.408664
0.237135
9.09091
0.814996
1.77462
0.251731
29.4118
0.153457
32.7869
21.978
0.909504
0.851064
7.5188
13.1579
46.875
2.39044
5.01672
47.619
17.5439
2.66667
6.08519
4.43131
28.0374
2.17865
0.972132
0.00911865
19.1083
8.87574
0.359755
37.037
6.04839
40.5405
0.0839161
28.8462
37.5
34.8837
31.25
37.5
23.622
2.72727
0
0
0
0
0
0
5.95238
4.5045
0.906344
42.5532
0.444972
0.236035
6.17284
0.633981
1.79748
0.326726
58.8235
0.223248
27.2727
28.5714
1.40779
1.85185
9.40439
96.7742
54.0541
1.87091
4.26439
15.3846
6.92042
1.62866
6.89655
3.04414
8.79765
0.912409
0.718391
0.00979976
25.3165
8.90208
0.390016
37.5
5.46448
41.0959
0.0719787
32.6087
34.0909
29.703
16.5746
32.2581
22.5564
2.10084
0
0
0
0
0
0
6.30915
3.53982
0.880669
18.6916
0.508776
0.234357
5.33333
0.544218
1.57356
0.260892
52.6316
0.168577
28.5714
27.027
1.04221
1.66389
7.96813
7.40741
60
2.09644
5.98802
39.4737
12.8205
2.30592
7.65306
4.21348
31.9149
2.11416
0.784519
0.00959853
23.622
8.06452
0.285551
36.5854
8.0429
34.8837
0.076554
13.8889
32.6087
56.6038
36.1446
38.4615
25.2101
2.61324
0
0
0
0
0
0
5.06329
3.37268
0.813008
38.4615
0.414079
0.245499
5.79151
0.67446
1.83374
0.233281
25.2101
0.24948
42.8571
26.3158
1.6225
1.98675
8.28729
28.8462
23.8095
1.70794
4.36681
32.7869
9.17431
2.25734
5.55556
3.72671
21.2766
1.16234
0.765501
0.0100261
33.3333
6.35593
0.344353
42.8571
6.0241
32.967
0.0717961
35.7143
68.1818
54.5455
26.5487
26.6667
32.6087
2.28311
0
0
0
0
0
0
6.53595
3.89105
0.696621
29.8507
0.350385
0.197863
4.57666
0.51573
1.57853
0.254388
44.4444
0.196367
30.303
19.6078
1.14943
1.60514
7.49064
31.746
47.619
2.4077
5.58659
38.4615
13.7615
2.20751
6.14754
4.97512
17.341
1.75131
0.806668
0.00982202
14.8515
7.37101
0.351453
37.9747
5.61798
27.5229
0.0648102
33.7079
34.0909
23.622
50
19.4805
37.5
2.80899
0
0
0
0
0
0
2.25394
2.76498
0.886787
31.9149
0.464756
0.217707
7.12589
0.781861
1.7311
0.197681
28.5714
0.278345
37.037
23.8095
1.42925
1.64654
9.77199
25.2101
44.4444
2.10748
4.65116
37.037
15.873
2.05339
3.97878
3.40909
16.3934
1.30095
1
0.00996148
35.0877
7.97872
0.360187
34.8837
5.98802
69.7674
0.0694027
52.6316
49.1803
47.619
31.9149
40
25.8621
2.46508
0
0
0
0
0
0
7.63359
3.82409
0.793336
37.7358
0.418498
0.175469
6.66667
0.721241
1.72563
0.221828
28.9855
0.207061
31.746
20.202
1.21655
1.48478
7.96813
52.6316
61.2245
2.78035
6.17284
49.1803
17.9641
2.83286
7.35294
4.65116
31.25
2.0436
0.95816
0.00929316
31.25
3.38219
0.323346
35.7143
8.06452
38.4615
0.0777867
19.6078
32.967
61.2245
25
47.619
38.961
3.23625
0
0
0
0
0
0
2.77393
1.47203
1.00234
34.4828
0.353774
0.246954
5.70342
0.792393
2.08623
0.323032
38.4615
0.261712
26.5487
21.7391
1.65837
1.92431
10.7143
46.875
43.4783
2.25225
6.59341
32.967
14.218
2.04499
6.77201
3.663
25
1.7331
0.894188
0.00855986
26.3158
7.67263
0.382409
39.4737
7.0922
35.2941
0.0983316
40
65.2174
150
96.7742
44.1176
48.3871
3.76884
0
0
0
0
0
0
5.8651
2.39521
0.621633
24.3902
0.605694
0.229911
6.25
0.645786
2.06398
0.263123
36.3636
0.239149
37.037
23.2558
1.23001
1.78678
8.67052
29.1262
142.857
2.48963
7.37101
65.2174
7.42574
1.85989
3.60144
4.12655
16.2162
0.91659
0.568182
0.00930501
35.7143
6.17284
0.274839
27.027
6.25
38.4615
0.062816
38.4615
14.218
4.55927
14.0187
28.5714
22.0588
2.07182
0
0
0
0
0
0
2.8169
4.20168
0.662837
54.5455
0.917431
0.34455
6.38298
0.713946
2.50417
0.38501
48.3871
0.342153
42.2535
18.4049
0.54407
1.544
8.64553
24
74.0741
2.1978
4.28571
32.6087
14.9254
1.91083
6.55022
3.98406
11.0701
1.97759
0.882613
0.0091978
39.2157
6.31579
0.380952
31.25
6.60793
30.9278
0.0812458
31.25
38.961
50
44.7761
30.9278
41.6667
3.10238
0
0
0
0
0
0
4.25532
4.08163
0.606061
18.8679
0.384541
0.291248
3.73832
0.635728
1.7316
0.26441
33.3333
0.171954
25
23.622
1.37112
2.04221
9.09091
103.448
17.2414
3.27869
8.10811
25.2101
10.2041
1.83599
3.37079
3.84615
12.5523
0.957854
0.560957
0.0093951
44.1176
7.87402
0.341122
54.0541
2.89017
28.169
0.0644683
20.8333
28.5714
31.9149
25.8621
56.6038
7.17703
1.85759
0
0
0
0
0
0
2.76498
5.70342
1.05746
68.1818
0.480615
0.301932
9.40439
0.713606
2.44898
0.423849
60
0.256915
33.3333
18.9873
0.647249
1.71527
9.09091
111.111
30.9278
1.27065
6.04839
42.8571
12.8205
2.07469
5.71429
3.97878
22.2222
1.65289
0.668449
0.0113311
34.0909
8.92857
0.342661
50.8475
6.74157
44.1176
0.0683776
38.961
40.5405
50
66.6667
30.9278
36.5854
2.51889
0
0
0
0
0
0
6.73401
3.59066
0.635997
28.9855
0.440917
0.199581
8.54701
0.840689
1.65563
0.208333
44.4444
0.218675
16.5289
26.3158
1.00671
1.70843
3.7831
39.4737
83.3333
2.37718
5.95238
71.4286
10
1.95822
4.38596
3.6452
19.1083
1.07991
0.638706
0.00943988
24.5902
5.36193
0.329164
31.746
5.07614
33.3333
0.0723659
31.9149
40
22.7273
37.5
32.6087
17.341
2.59965
0
0
0
0
0
0
6.03622
5.31915
1.16641
24.7934
0.474984
0.351453
8.13008
0.75358
2.54669
0.448632
18.8679
0.309278
20
19.8675
1.08814
2.47729
7.14286
46.875
100
2.17549
4.90998
37.5
3.80711
2.2779
6.21118
4.34153
19.3548
2.14746
0.876168
0.0095865
46.1538
7.00935
0.356761
36.1446
6.62252
52.6316
0.073808
50
38.4615
50.8475
38.4615
50
29.1262
3.32963
0
0
0
0
0
0
4.90196
3.96825
0.587544
27.027
0.33036
0.185718
8.51064
0.774593
2.49377
0.269869
16.3934
0.240038
28.9855
36.1446
1.35318
1.96335
7.46269
42.8571
57.6923
2.63852
5.54529
35.2941
4.38596
1.97109
4.03769
3.99467
17.8571
0.995025
0.563486
0.0094244
30.9278
5.88235
0.324992
58.8235
5.50964
27.7778
0.0651126
24.3902
31.25
62.5
30.6122
36.1446
27.2727
1.74723
0
0
0
0
0
0
1.83711
2.70514
0.6876
24.1935
0.521467
0.377406
6.22407
0.515907
1.87032
0.380807
83.3333
0.31559
37.5
31.25
0.524476
1.71038
7.69231
35.7143
54.0541
2.62123
4.26743
50.8475
17.0455
2.65252
2.68817
3.517
21.2766
1.75439
0.780437
0.00883436
22.2222
5.36673
0.369413
25
7.5188
51.7241
0.0844048
27.5229
44.1176
38.4615
52.6316
28.169
48.3871
3.517
0
0
0
0
0
0
5.88235
3.62976
0.815328
28.5714
0.411269
0.223489
5.37634
0.642055
1.37457
0.271481
32.7869
0.208681
37.7358
23.2558
1.04058
0.753201
11.6732
53.5714
37.5
2.07756
7.19424
24.7934
10.274
1.875
3.65408
3.62757
15.625
0.951475
0.576701
0.00951932
40.5405
5.20833
0.337496
27.7778
7.5188
35.7143
0.0610221
20.8333
27.027
13.0719
4.56621
42.2535
22.2222
2.33918
0
0
0
0
0
0
5.70342
4.33526
0.687758
76.9231
0.751315
0.33241
2.98211
0.44964
1.89994
0.371839
76.9231
0.329092
21.2766
12.5
0.526223
1.3245
9.70874
41.6667
30.7692
2.1645
4.96689
20.4082
8.47458
2.81162
4.57317
4.51807
22.7273
1.70068
0.811469
0.00895643
33.8983
9.61538
0.42511
36.5854
8.15217
37.5
0.0860215
36.1446
33.3333
57.6923
73.1707
38.4615
47.619
2.7933
0
0
0
0
0
0
6.0423
4.08998
0.849257
30.7692
0.355429
0.279213
4.55581
0.680504
2.15285
0.289436
27.7778
0.23784
21.978
25.974
1.34771
0.712251
7.29927
25.641
33.3333
1.67131
5.10204
54.5455
9.375
1.6331
3.81194
3.65854
15.2284
0.963391
0.585594
0.0129219
23.0769
1.01215
0.194742
56.6038
3.67197
41.0959
0.0695024
32.2581
49.1803
81.0811
75
21.7391
53.5714
2.72975
0
0
0
0
0
0
4.77707
2.96736
0.593824
32.967
0.411918
0.166593
5.70342
0.747012
1.74115
0.253721
43.4783
0.226449
34.4828
8.77193
0.545951
0.995025
9.23077
38.961
41.6667
2.38379
5.04202
76.9231
11.583
1.5121
6.27615
1.48295
10.2389
1.85989
0.878477
0.0118276
29.8507
6.92841
0.382848
56.6038
6.38298
66.6667
0.0691388
33.7079
44.1176
49.1803
38.961
45.4545
28.5714
2.12014
0
0
0
0
0
0
7.87402
3.52113
0.61212
37.037
0.387822
0.188342
5.07614
0.689655
1.75131
0.22941
25.641
0.155135
42.5532
18.9873
1.13982
1.66667
4.86224
60
103.448
2.57732
7.44417
48.3871
10.4895
1.87617
3.60144
3.5545
14.3541
0.973078
0.570234
0.00954937
48.3871
6.80272
0.28777
23.2558
4.53515
31.25
0.0690012
10.4167
37.7358
22.2222
22.2222
62.5
22.9008
1.88088
0
0
0
0
0
0
1.46413
1.37994
0.711575
15.873
0.485044
0.293255
6.17284
0.589159
2.53165
0.370279
57.6923
0.305966
19.6078
17.9641
0.528076
1.98544
12.1951
85.7143
19.6078
0.828157
3.44432
45.4545
10.1351
2.63389
4.43131
4.83092
18.8679
1.31119
0.729572
0.01053
20
7.35294
0.344274
41.6667
6.49351
46.875
0.0637945
33.7079
48.3871
48.3871
33.3333
42.5532
34.8837
3.1679
0
0
0
0
0
0
7.04225
3.8835
0.886918
66.6667
0.374742
0.20319
9.47867
1.04822
1.56986
0.27185
33.3333
0.234055
32.7869
21.4286
1.06876
0.966806
9.20245
41.6667
69.7674
2.06469
7.28155
136.364
9.77199
1.79426
4
3.39751
20.979
0.924214
0.571429
0.00931801
41.0959
5.91716
0.297708
20
5.68182
35.7143
0.0664408
28.9855
28.5714
27.027
27.3973
19.6078
14.1844
1.70455
0
0
0
0
0
0
5.33808
6.63717
0.606796
45.4545
0.895255
0.415225
3.21543
0.429369
1.75029
0.377027
46.1538
0.343721
32.6087
19.7368
0.524201
1.40647
8.42697
19.7368
37.9747
2.04918
6.32911
81.0811
7.42574
1.85644
3.66748
3.70828
17.5439
0.949968
0.561798
0.00934863
37.5
5.44959
0.32803
36.3636
6.53595
34.4828
0.0669366
22.7273
16.8067
20
14.4928
38.961
12.3457
2.21893
0
0
0
0
0
0
5.84795
5.58659
0.633312
66.6667
0.496032
0.351041
9.14634
0.596659
2.33827
0.374345
63.8298
0.317662
25
18.2927
0.551876
1.74014
8.10811
27.7778
23.8095
1.99601
6.63717
35.7143
13.5135
2.40385
6.27615
4.05954
3.82653
1.96464
0.732064
0.0092031
14.5985
6.49351
0.340522
44.1176
4.45765
56.6038
0.073551
20
41.0959
39.4737
35.2941
27.3973
20.5479
2.48756
0
0
0
0
0
0
7.11744
1.47929
0.56926
32.2581
0.419992
0.230256
4.22833
0.758725
2.21484
0.258365
47.619
0.224442
35.7143
25.4237
1.16505
1.60514
10.274
42.8571
48.3871
2.2779
7.63359
39.4737
8.57143
1.82482
4.35414
3.58423
14.8515
0.904159
0.570017
0.00948034
33.3333
6.45161
0.342466
18.8679
4.6729
33.3333
0.0612839
17.5439
18.018
13.4228
12.8755
33.7079
10.101
2.12465
0
0
0
0
0
0
5.62852
7.109
0.584567
10.8303
0.782065
0.353982
12.5523
0.450653
1.80941
0.383877
93.75
0.322754
33.7079
28.5714
0.533998
1.47856
9.46372
45.4545
14.2857
1.5015
4.52489
73.1707
14.5631
1.88679
5.42495
4.29185
27.5229
1.6
0.664158
0.00982103
14.1844
6.83371
0.310591
47.619
5.52486
33.3333
0.070046
55.5556
43.4783
38.4615
19.6078
20.6186
37.037
3.13808
0
0
0
0
0
0
7.27273
3.30579
0.749906
29.8507
0.405104
0.244409
5.20833
0.603318
1.50943
0.219829
25.641
0.198196
32.2581
19.1083
0.990099
0.791139
8.49858
17.9641
40.5405
2.22222
6.97674
44.1176
9.375
1.87266
3.73599
3.861
13.4529
0.919399
0.571102
0.00929256
44.1176
6.28931
0.300707
31.746
5.81395
31.25
0.063859
10.9489
15.873
24.5902
30
33.7079
24
2.331
0
0
0
0
0
0
5.36673
5.46448
0.689022
42.8571
0.744048
0.411466
10.453
0.543872
1.85414
0.352775
76.9231
0.322719
47.619
25.2101
0.546349
1.68539
5.72519
41.6667
28.169
2.26244
2.59516
36.1446
17.0455
3.11526
7.04225
5.94059
32.6087
1.93299
0.9431
0.0085754
25.8621
4.6729
0.414594
34.4828
6.62252
62.5
0.0924385
9.58466
76.9231
71.4286
27.5229
30.303
30.6122
2.8626
0
0
0
0
0
0
6.47249
2.92398
0.57132
25.974
0.393005
0.282127
5.29101
0.72648
1.64069
0.247893
37.037
0.211977
28.169
30.9278
1.25786
1.67411
3.71287
29.1262
57.6923
2.09644
7.44417
45.4545
6.28931
1.84162
3.517
3.94737
18.1818
0.931388
0.562219
0.00966903
36.1446
7.5188
0.313234
27.7778
4.6729
33.3333
0.0610911
27.7778
19.6078
33.3333
30.6122
29.1262
29.1262
2.21566
0
0
0
0
0
0
2.80636
1.61117
0.595002
18.1818
0.63118
0.324184
3.63636
0.441371
1.72911
0.392259
58.8235
0.32113
22.9008
27.5229
0.537442
1.69109
11.6279
51.7241
37.037
2.35018
4.83092
50
12.4481
2.4855
4.99168
3.67197
28.5714
1.79426
1.01386
0.0105921
24.6914
6.08519
0.309693
34.8837
5.94059
49.1803
0.071171
63.8298
28.5714
51.7241
27.2727
18.5185
29.1262
2.29533
0
0
0
0
0
0
8.03213
5.42005
0.503948
33.8983
0.448029
0.16484
3.19489
0.739645
0.951475
0.245942
19.802
0.222792
44.4444
25
1.24378
1.81708
7.42574
34.0909
21.7391
1.45702
5.55556
36.1446
9.09091
1.87852
4.02685
2.80374
15.7895
1.05485
0.565824
0.0133849
25.8621
1.11773
0.168729
20.4082
4.53858
42.2535
0.0609682
8.13008
66.6667
37.5
30.6122
22.9008
36.5854
2.36035
0
0
0
0
0
0
5.55556
3.50877
0.575484
41.6667
0.426621
0.167038
7.63359
0.689814
1.84843
0.229956
17.0455
0.236407
21.7391
16.7598
0.573943
1.01488
8.62069
27.027
38.4615
1.81159
5.52486
58.8235
13.1579
2.37718
6.03622
4.10959
14.5631
1.2837
0.846262
0.0101568
13.0719
7.5188
0.388199
58.8235
6.10998
28.5714
0.069591
27.5229
39.4737
35.7143
35.7143
7.29927
25.8621
2.25904
0
0
0
0
0
0
1.52439
2.61097
0.700525
31.746
0.42337
0.193424
4.0404
0.560381
1.59617
0.22627
30.7692
0.196483
33.3333
20.202
1.02459
1.72712
5.85938
17.2414
34.0909
1.59405
4.92611
37.037
7.95756
1.94426
5.45455
3.37079
24.1935
1.81378
1.03164
0.00935372
21.7391
7.8329
0.338066
49.1803
5.80271
40.5405
0.0572148
37.5
41.6667
52.6316
26.3158
29.703
32.6087
2.41741
0
0
0
0
0
0
5.70342
3.53774
0.60241
34.8837
0.406835
0.150633
6.63717
0.649632
1.45138
0.224484
53.5714
0.196386
34.8837
30.303
0.96463
1.25209
7.109
43.4783
40.8163
2.5641
3.53774
30.9278
12.4481
2.30769
6.66667
4.1841
22.0588
1.20724
0.876168
0.00844297
40
7.22892
0.416551
26.5487
8.74636
62.5
0.0968085
49.1803
60
52.6316
25.4237
71.4286
28.8462
3.35196
0
0
0
0
0
0
8.40336
3.62976
0.733676
37.7358
0.477327
0.231642
6.19195
0.643708
1.69062
0.260756
51.2821
0.21645
60.6061
31.25
1.51286
1.43266
7.06714
27.027
61.2245
1.94553
6.55022
47.619
8.64553
1.88917
4.36681
3.86598
9.61538
0.921093
0.565504
0.00939307
25.641
7.24638
0.317965
27.7778
6.94444
26.3158
0.066131
17.3913
16
23.5294
16.5289
24.7934
7.91557
1.93424
0
0
0
0
0
0
4.58015
4.04858
0.676285
88.2353
0.874891
0.341413
3.53357
0.493746
1.70068
0.359281
63.8298
0.307472
27.027
13.0435
0.573285
1.9595
6.83371
90.9091
25.974
2.24972
4.73186
26.7857
12.2951
1.79748
3.91645
3.96301
15.3846
1.63845
0.688705
0.0109178
35.0877
5.75816
0.374579
48.3871
7.91557
34.0909
0.0734574
37.5
42.8571
49.1803
45.4545
35.0877
36.1446
2.24383
0
0
0
0
0
0
8.26446
4.88998
0.837872
47.619
0.433934
0.262055
6.99301
0.783699
2.17628
0.210349
27.7778
0.185254
33.8983
23.8095
0.917431
0.893123
9.83607
36.1446
46.1538
2.62238
8.52273
130.435
13.5747
2.25734
4.63679
4.79233
15.873
0.96401
0.55638
0.00935572
37.5
8.23045
0.282686
28.5714
5
28.5714
0.0613666
32.2581
8.58369
18.5185
21.2766
63.8298
25.641
3.01205
0
0
0
0
0
0
7.12589
3.98936
0.656886
88.2353
0.488361
0.309502
11.0294
0.558659
1.96721
0.369276
41.6667
0.343643
31.9149
24
0.676285
1.91693
11.1524
42.2535
51.2821
1.71674
5.78035
68.1818
3.21199
1.51745
1.9544
4.18994
20.8333
1.17325
0.625391
0.0115608
2.38663
8.08625
0.383436
44.7761
6.42398
49.1803
0.0623519
38.4615
34.8837
19.6078
35.2941
25.974
27.027
2.66667
0
0
0
0
0
0
6.82594
3.89864
0.832293
39.2157
0.404613
0.179019
7.40741
0.83091
1.89036
0.19982
37.037
0.192012
39.2157
30.303
1.10742
0.625261
9.28793
42.2535
32.7869
1.71969
3.80952
33.3333
11.4286
1.58103
4.57666
2.75862
30.7692
1.85529
0.962001
0.0126381
48.7805
5.33808
0.332668
88.2353
5.91716
63.8298
0.0609508
26.5487
46.875
45.4545
37.5
47.619
22.5564
2.49169
0
0
0
0
0
0
6.45161
3.53357
0.749625
28.0374
0.431034
0.180701
11.976
0.925926
2.457
0.226706
71.4286
0.202819
36.3636
21.7391
1.18765
1.5674
8.26446
36.3636
46.1538
2.93542
6.04839
46.875
11.6279
2.80899
7.04225
4.9505
26.7857
2.63158
0.969932
0.00945066
41.0959
4.86224
0.289911
30.303
5.2356
32.2581
0.0740375
31.25
12.3457
29.703
31.9149
42.2535
22.5564
2.52738
0
0
0
0
0
0
5.78035
2.75482
0.951475
39.2157
0.388576
0.179582
10.7527
0.786164
0.953895
0.214332
20.2703
0.28222
23.4375
16.5746
1.42789
1.99336
8.42697
45.4545
38.961
2.61324
6.22407
44.7761
13.9535
3.13152
6.86499
4.82315
28.8462
2.62467
1.56087
0.00922501
33.7079
7.24638
0.320205
33.3333
5.82524
38.4615
0.0729998
37.9747
36.5854
42.8571
58.8235
38.4615
50.8475
3.14795
0
0
0
0
0
0
5.91716
3.80228
1.1169
33.3333
0.627221
0.321681
5.66038
0.808843
2.46508
0.290754
71.4286
0.305095
51.7241
28.3019
1.66945
2.01478
11.236
55.5556
29.4118
2.01207
5.05051
43.4783
13.3333
2.54669
6.16016
4.71698
20.2703
1.80397
0.746083
0.00965764
31.25
4.16089
0.343249
60
5.66038
39.4737
0.0721293
41.6667
37.5
38.961
41.0959
20.1342
30.6122
2.47321
0
0
0
0
0
0
3.16456
3.0581
0.880282
25
0.41468
0.236295
5.58659
0.657895
1.42248
0.282433
20.4082
0.254367
16.2162
28.8462
1.37678
1.53453
7.91557
22.5564
37.037
2.07039
4.36681
18.1818
11.6279
1.89394
6.09756
2.99401
22.2222
0.695249
0.586969
0.0106488
30.303
7.00935
0.367287
49.1803
7.35294
66.6667
0.0687868
100
37.037
54.5455
43.4783
33.8983
30.6122
2.54885
0
0
0
0
0
0
6.25
3.44234
0.85034
35.0877
0.394711
0.160527
6.66667
0.79968
2.3175
0.233399
58.8235
0.174004
44.4444
25.3165
1.46951
1.27226
7.06714
21.5054
9.17431
1.93798
4.80769
38.961
15.0754
2.39044
6.42398
4
25
2.10231
0.715478
0.00965068
11.5385
6.08519
0.326833
30.9278
4.2796
61.2245
0.0660429
35.7143
44.7761
37.037
38.961
35.7143
30.9278
2.50836
0
0
0
0
0
0
7.16846
3.87597
0.933126
32.2581
0.422386
0.211372
1.8797
0.507958
1.9685
0.196592
32.967
0.21395
16.4835
27.2727
1.40845
2.14133
4.2796
32.967
13.8889
2.22965
4.42478
24.6914
10.3627
1.71969
5
2.66667
19.4175
1.38985
0.542397
0.0103171
20.202
5.21739
0.30033
66.6667
5.45455
27.5229
0.0630902
23.0769
31.9149
41.6667
37.9747
30.303
35.7143
2.15672
0
0
0
0
0
0
7.5188
4.00802
0.911577
36.3636
0.441989
0.195733
6.84932
0.808734
2.06612
0.219611
33.8983
0.188537
29.8507
16.3934
0.701016
0.862813
6.68896
39.2157
30.303
2.35664
4.36047
34.0909
11.583
2.38663
6.94444
4.24929
25.4237
1.72018
0.770416
0.0101083
25.4237
7.29927
0.408886
47.619
2.86533
69.7674
0.0764409
33.3333
28.8462
37.5
21.8978
15.9574
24.7934
2.63158
0
0
0
0
0
0
1.49477
3.13972
0.922226
27.3973
0.470478
0.196657
5.06329
0.407056
2.25734
0.294031
44.7761
0.256608
34.0909
17.6471
1.5015
1.65837
10.2389
36.1446
58.8235
3.08008
5.45455
40
15.9574
2.8463
7.44417
4.31034
26.7857
2.44101
1.22499
0.00918725
42.8571
6.66667
0.341122
15.873
4.70588
21.2766
0.0672239
24
46.1538
51.7241
63.8298
49.1803
24.5902
3.16122
0
0
0
0
0
0
7.14286
2.98805
1.10132
41.0959
0.636132
0.32967
5.58659
0.833797
2.41158
0.413451
39.4737
0.301811
37.037
27.5229
1.93673
2.07326
9.06344
40.5405
76.9231
3.01508
6.07287
49.1803
14.1509
2.95276
6.0241
3.8961
22.7273
1.3844
0.816993
0.00950302
27.027
7.05882
0.247158
36.1446
4.83871
44.7761
0.0722335
28.0374
40
43.4783
28.8462
32.2581
30.6122
2.74474
0
0
0
0
0
0
8.51064
4.22833
0.585138
31.25
0.411862
0.214984
5.97015
0.528123
1.58983
0.324412
38.4615
0.208725
30.9278
28.0374
1.42045
2.05058
8.17439
57.6923
37.9747
2.12164
6.69643
81.0811
11.1524
2.31839
4.6729
4.14365
20.8333
1.42721
0.790722
0.00934488
24.7934
9.7561
0.328353
33.3333
3.67647
32.7869
0.0706082
32.6087
53.5714
45.4545
30.303
38.4615
22.0588
2.74223
0
0
0
0
0
0
8.64553
3.66748
1.00402
78.9474
0.62474
0.42796
4.1841
1.00739
2.69058
0.336927
120
0.291234
24
16.3934
1.17233
2.56191
9.96678
60
38.4615
2.21076
3
57.6923
15.4639
2.08768
7.46269
2.20103
27.027
1.93673
0.922509
0.0115005
33.7079
8.57143
0.335796
71.4286
5.95238
51.7241
0.0764234
42.2535
38.961
24.5902
37.037
39.4737
37.5
2.23881
0
0
0
0
0
0
7.29927
4.86618
0.570885
43.4783
0.42061
0.161891
8.92857
0.777605
2.17391
0.228076
50
0.194875
46.5116
20.2703
1.25313
1.9084
6.83371
32.967
78.9474
3.56718
6.45161
45.4545
14.1509
2.7907
7.21154
5.54529
26.3158
2.67857
0.90799
0.00910805
33.7079
4.30108
0.341763
31.25
4.56621
34.0909
0.0726674
36.5854
45.4545
42.2535
52.6316
42.2535
37.9747
3.16122
0
0
0
0
0
0
7.1599
2.95858
1.19332
34.4828
0.807972
0.355114
8.19672
0.869817
2.29183
0.340213
30.6122
0.315623
66.6667
33.3333
2.03252
2.25904
12.0968
63.8298
40.5405
2.01207
5.50459
22.2222
11.8577
2.43902
5.50459
4.70219
23.622
1.85989
0.813449
0.0097298
14.3541
5.53506
0.309055
73.1707
6.0241
63.8298
0.0698666
31.5789
38.4615
34.0909
28.8462
25
34.0909
2.53593
0
0
0
0
0
0
1.41143
2.40674
1.14591
32.2581
0.526593
0.208768
6.07903
0.723851
1.61031
0.267594
46.875
0.152207
24.5902
20.979
1.52284
1.87383
8.42697
32.967
46.1538
3.02419
6.27615
38.961
16.7598
2.62238
7.22892
5.20833
30.9278
3.41686
1.45985
0.00874191
45.4545
5.43478
0.342349
21.5054
4.14365
37.5
0.0737971
37.037
46.875
62.5
30.303
33.3333
34.0909
2.94406
0
0
0
0
0
0
6.23701
4.25532
1.13766
11.8577
0.755097
0.309342
11.4504
1.34228
3.07062
0.401606
43.4783
0.346021
32.967
29.1262
1.57646
2.09205
9.09091
29.4118
37.037
2.58398
5.52486
73.1707
14.3541
2.17549
7.31707
4.58015
21.5827
2.06186
0.862565
0.00979669
30
7.53769
0.368641
17.9641
5.51471
49.1803
0.077918
15.1515
28.5714
37.9747
28.3019
36.1446
27.7778
2.66667
0
0
0
0
0
0
1.5444
3.23102
0.901172
26.3158
0.36062
0.238806
5.6338
0.672269
1.74825
0.246609
32.2581
0.156527
15.544
5.39568
1.30776
1.91571
10.7914
62.5
13.8904038241281
