o
2.04583
263.158
7.03235
14.2857
166.667
37.037
2.8463
21.978
14.0515
83.3333
6.74916
3.30761
0.0444665
113.636
18.6335
1.1825
142.857
20.0669
222.222
0.241361
113.208
176.471
240
162.162
172.414
133.333
9.1047
0.0080231
0.00899349
0.00943955
0.0111346
0.0133791
0.00759117
6.85871
11.1111
2.9976
166.667
1.00786
0.515517
21.5517
6.11995
0.881213
142.857
0.669613
89.2857
94.3396
4.29923
6.03865
29.0698
217.391
250
7.25689
18.0505
178.571
40.3226
7.13267
21.0084
14.3678
84.7458
4.80769
3.10174
0.0446752
121.951
17.1233
1.2089
131.579
18.5185
208.333
0.215424
119.048
200
250
185.185
156.25
125
8.59107
0.0084546
0.00900108
0.00964642
0.0110987
0.0133182
0.0076195
14.4092
9.80392
2.85714
142.857
1.0636
0.583635
15.2439
1.79469
5.47645
0.858222
147.059
0.768758
86.2069
86.2069
4.29923
5.47645
27.933
217.391
250
7.38552
19.1693
187.5
41.0959
7.034
22.3048
13.6986
83.3333
6.75676
3.41297
0.0432872
121.951
21.7391
1.25654
117.647
5.76923
176.471
0.193936
93.75
166.667
206.897
187.5
9.04159
142.857
8.74636
0.0081112
0.00888699
0.00964767
0.0110235
0.0133923
0.00754684
14.881
12.7551
2.12134
156.25
1.23487
0.698422
8.65052
1.30378
6.19579
0.944109
138.889
0.81248
86.2069
98.0392
4.329
5.74713
22.9885
214.286
277.778
1.56887
18.0505
185.185
40.9836
7.11238
21.645
14.3678
74.6269
4.43262
3.36022
0.0433129
98.0392
17.1821
0.947149
135.135
18.0505
208.333
0.217014
106.383
156.25
227.273
172.414
166.667
121.951
7.97448
0.00828303
0.00903837
0.00977617
0.0112017
0.0136068
0.00772216
13.2275
9.80392
2.93772
151.515
1.68634
0.679625
15.4321
1.91351
5.22466
0.804246
151.515
0.856604
84.7458
78.125
1.72951
5.50055
28.7356
217.391
357.143
7.29927
18.1818
162.162
38.7097
6.78733
20.4778
13.986
89.5522
4.88998
2.92255
0.0444161
125
19.1083
1
146.341
18.018
206.897
0.221361
109.091
181.818
230.769
193.548
192.308
136.364
8.65801
0.00816247
0.00903932
0.00962129
0.0110498
0.013462
0.00753723
14.881
10.7296
2.99401
156.25
1.12385
0.739317
13.6612
1.70242
5.10725
0.947867
172.414
0.889996
92.5926
86.2069
4.29553
5.55556
29.9401
238.095
285.714
7.13436
19.6078
187.5
40.8163
7.16846
22.4719
14.5985
90.9091
5.69801
3.4384
0.0437526
122.449
18.1159
1.14837
142.857
19.5312
238.095
0.23405
108.696
178.571
250
192.308
200
135.135
8.81834
0.00831114
0.00899459
0.00957462
0.0108246
0.013642
0.00760828
15.5844
11.5163
3.05033
171.429
1.8276
0.701016
17.4419
2.12615
6
0.947568
166.667
0.863558
85.7143
86.9565
4.36681
5.69801
29.5567
240
263.158
7.35294
18.9394
200
29.2683
6.99301
22.6415
14.0187
88.2353
6.25
3.30943
0.0390345
116.279
21.2014
1.06026
109.091
20.6186
200
0.255602
107.143
176.471
250
157.895
178.571
136.364
9.09091
0.00808568
0.0088546
0.00968812
0.0108845
0.0130633
0.00760879
19.9203
14.2045
3.05623
166.667
1.77054
0.61267
19.305
2.80426
6.81199
0.995619
161.29
0.825355
90.9091
90.9091
4.3592
5.95238
29.5858
200
300
7.54717
17.094
181.818
38.2166
7.13436
20.5479
6.08519
84.507
4.70958
3.367
0.041804
122.449
17.341
1.13464
136.364
17.6471
206.897
0.21978
101.695
171.429
240
171.429
171.429
125
8.18554
0.00830978
0.0090916
0.0096395
0.0114428
0.0131926
0.00772733
11.194
10.101
2.81955
153.846
1.58983
0.633446
15.873
2.03666
5.17241
0.834492
133.333
0.796813
82.1918
89.5522
4.3573
5.33808
27.6498
222.222
59.01559342295
