o
0.00709105
0.0072133
0.00725431
0.00725729
0.00731241
0.00731649
0.00732785
0.00735269
0.00737968
0.00739994
0.00744955
0.00754006
0.00758378
0.00759392
0.00763658
0.0077852
0.1028
0.103985
0.104202
0.106719
0.10813
0.108954
0.109687
0.110134
0.110225
0.110276
0.110823
0.111515
0.111869
0.112684
0.113436
0.113689
0.113817
0.11396
0.114468
0.114531
0.114641
0.118122
0.120724
0.125637
0.160429
0.161144
0.162369
0.162436
0.163834
0.16493
0.166493
0.166965
0.167461
0.168196
0.16834
0.169134
0.171824
0.176514
0.177462
0.179211
0.17932
0.181409
0.183416
0.184536
0.189387
0.191615
0.192175
0.192251
0.193095
0.196267
0.196974
0.201049
0.201304
0.204566
0.207379
0.208433
0.380996
0.387612
0.402528
0.404482
0.404973
0.412677
0.414834
0.415024
0.415162
0.415749
0.416632
0.419041
0.421816
0.422386
0.423729
0.428339
0.428394
0.433327
0.433727
0.434669
0.435332
0.435502
0.435506
0.437672
0.438943
0.439525
0.441537
0.44405
0.445308
0.455187
0.455694
0.478344
0.487006
0.496726
0.496883
0.502581
0.533644
0.535749
0.543962
0.569712
0.609496
0.612063
0.619272
0.621118
0.631552
0.633714
0.635082
0.635838
0.638203
0.650026
0.65031
0.651736
0.658092
0.658675
0.660106
0.698768
0.715215
0.721595
0.749676
0.774539
0.780308
0.797333
0.804917
0.807162
0.829944
0.830634
0.864454
0.884643
0.886054
0.899442
0.907606
0.92816
1.02345
1.04672
1.05183
1.0581
1.06116
1.06137
1.06921
1.07928
1.56963
1.58228
1.59328
1.62146
1.63035
1.63084
1.6442
1.6514
1.67428
1.6866
1.69805
1.70807
1.73447
1.73502
1.75048
1.75663
1.75778
1.76085
1.76764
1.76835
1.77276
1.78195
1.78571
1.78716
1.80121
1.81279
1.82421
1.84131
1.84564
1.85404
1.86062
1.86662
2.90698
3.00629
3.00629
3.03114
3.04794
3.0564
3.10998
3.12323
3.12589
3.14286
3.14376
3.15729
3.18195
3.20047
3.23815
3.58891
4.719
4.77223
4.78053
4.78886
4.79303
4.79721
4.8608
4.9195
4.9217
4.99773
5.14981
5.16917
5.26568
5.31144
5.39216
5.46448
7.04225
7.11974
7.12897
7.30897
7.33823
7.46775
7.62829
7.95372
29.6496
30.3867
30.3867
30.8123
31.0734
31.339
31.339
32.3529
36.5449
41.3534
41.6667
41.6667
43.6508
43.6508
43.8247
44.1767
45.6621
49.0196
54.9451
58.8235
59.1398
59.5238
60.9756
61.3497
63.2911
64.5161
64.5161
79.3651
81.4815
82.6446
84.7458
86.2069
89.4309
92.437
95.6522
97.3451
99.0991
100
100.917
105.769
107.843
107.843
110
112.245
112.245
115.789
118.28
120.879
120.879
126.582
130.952
131.579
133.333
133.333
139.241
140.845
141.026
142.857
142.857
142.857
144.928
146.667
148.649
148.649
148.649
148.649
149.254
149.254
149.254
150.685
151.515
152.778
153.846
153.846
154.93
154.93
154.93
154.93
157.143
157.143
157.143
158.73
158.73
159.42
159.42
161.765
161.765
161.765
161.765
164.179
164.179
166.667
166.667
166.667
166.667
166.667
169.231
169.231
169.231
169.231
169.231
171.875
171.875
174.603
174.603
174.603
174.603
174.603
174.603
174.603
174.603
177.419
177.419
177.419
177.419
177.419
177.419
177.419
177.419
180.328
180.328
180.328
180.328
183.333
186.441
186.441
188.679
189.655
189.655
189.655
189.655
189.655
192.982
192.982
196.429
200
50.2527936475
