o
0
0
0
0
0
0
0
0
0
0
0
0
0
0
0
0
0
0
0
0
0
0
0
0
0
0
0
0
0
0
0
0
0.00848066
0.00853932
0.00858308
0.00863245
0.00865019
0.00867473
0.00867915
0.00873129
0.00892496
0.00894132
0.00895811
0.00899798
0.00906221
0.00908524
0.00911145
0.0110272
0.0116883
0.0117985
0.0119191
0.0119421
0.0119925
0.0120124
0.01206
0.012143
0.0121513
0.0122139
0.0122517
0.0122548
0.0122641
0.0122842
0.0123867
0.0123935
0.0124297
0.0124492
0.0124522
0.0124552
0.0124568
0.0124568
0.0124603
0.0124816
0.0125567
0.0125936
0.0125969
0.0126014
0.0126117
0.0127319
0.0128123
0.0129864
0.0144004
0.0150797
0.015111
0.0152844
0.0153189
0.0153589
0.015456
0.0155048
0.0155129
0.0155234
0.0155514
0.0155653
0.0156121
0.0157534
0.0157776
0.0162982
0.0175554
0.0177327
0.0178867
0.0178922
0.0180018
0.0180084
0.0180384
0.0181094
0.0182309
0.0187278
0.0206169
0.0212015
0.0213581
0.0215742
0.0217518
0.0217627
0.0217766
0.0218286
0.0218779
0.0218908
0.0219894
0.0221723
0.0221765
0.0222128
0.0222175
0.0222299
0.0222768
0.0222916
0.022303
0.0223099
0.0223599
0.0224464
0.022503
0.0225175
0.0225602
0.0227066
0.02276
0.0227757
0.0227766
0.0227777
0.0228301
0.0229426
0.0230399
0.023072
0.0230968
0.0231083
0.0232846
0.0233361
0.0301671
0.0309444
0.0309889
0.0313794
0.0316359
0.031779
0.0319891
0.0321258
0.0321351
0.0322345
0.0322463
0.0322942
0.0323112
0.0323234
0.0324244
0.0325832
0.0327229
0.0327307
0.0327568
0.0329917
0.0330972
0.0331998
0.0332204
0.0333052
0.03344
0.0334403
0.0334769
0.0335289
0.0337359
0.0341118
0.0345042
0.0345881
0.0346129
0.034628
0.0347822
0.0348497
0.034874
0.0349707
0.0349838
0.0349895
0.0351795
0.0351943
0.0354091
0.0356561
0.0357637
0.0358025
0.0359264
0.0369886
0.0372513
0.038504
0.0387022
0.0392675
0.0393592
0.0394612
0.0448967
0.0450565
0.0459503
0.0460971
0.0462742
0.0466795
0.0474941
0.047641
0.0478751
0.0483612
0.0484672
0.0484702
0.0485631
0.0492071
0.0493236
0.0497055
0.0503759
0.0504687
0.0505604
0.052125
0.0530757
0.0539636
0.05402
0.0545814
0.0547046
0.0554242
0.0555988
0.0556122
0.0556524
0.055759
0.0557732
0.0558514
0.0560507
0.0566966
0.056765
0.0569671
0.0570776
0.0572615
0.0574372
0.0579391
0.058099
0.058548
0.0677415
0.0677752
0.0684541
0.0686813
0.0729005
0.0733694
0.073759
0.0739791
0.0742244
0.0744214
0.0744583
0.0745138
0.0750976
0.0755287
0.0756444
0.0758802
0.0761383
0.0765755
0.0767067
0.0769423
0.0771803
0.0774743
0.0775715
0.077762
0.0781922
0.0783024
0.0784221
0.0792456
0.0793824
0.0794628
0.0798403
0.0802359
0.0805088
0.0807494
0.0813025
0.0814117
0.0816943
0.0826003
0.0833368
0.0859531
0.0866345
0.0874527
0.0876501
0.0877251
0.0882632
0.0890155
0.0901002
0.0930146
0.1396
0.143431
0.144286
0.144307
0.145061
0.145208
0.145264
0.145624
0.14944
0.153359
0.157698
0.159388
0.159598
0.160804
0.161623
0.16374
0.165446
0.166113
0.166141
0.167764
0.168103
0.169233
0.170627
0.173108
0.173265
0.173981
0.174011
0.181744
0.183427
0.184204
0.184476
0.187741
0.187926
0.194373
0.19459
0.195494
0.195771
0.196011
0.196618
0.197239
0.197814
0.198088
0.198659
0.199452
0.201613
0.202327
0.203345
0.203822
0.203863
0.205656
0.206132
0.206207
0.206526
0.207555
0.209096
0.209776
0.213379
0.213938
0.216403
0.218174
0.225225
0.226091
0.226667
0.229938
0.310438
0.318041
0.326078
0.332419
0.334812
0.337154
0.338495
0.344353
0.344442
0.345006
0.347554
0.350785
0.351587
0.352268
0.354421
0.35727
0.358327
0.364797
0.36543
0.370817
0.373308
0.374357
0.375763
0.377287
0.378143
0.379471
0.379975
0.381316
0.383252
0.384763
0.385356
0.386138
0.386361
0.390168
0.396589
0.398684
0.400681
0.400922
0.401687
0.402131
0.404735
0.407083
0.407664
0.409333
0.409584
0.420256
0.428816
0.429369
0.550509
0.573806
0.606428
0.611434
0.619291
0.636537
0.637552
0.640512
0.646517
0.648298
0.650936
0.658436
0.658653
0.669905
0.676133
0.711997
2.56904
2.772
2.77393
2.81492
2.82686
2.91333
2.93902
2.99625
3.00075
3.01432
3.02801
3.05499
3.07456
3.07456
3.09598
3.12012
3.19489
3.55872
3.996
4.1365
4.31499
4.3573
4.37158
4.38116
4.3956
4.43459
4.45434
4.46927
4.47928
4.51977
4.55063
4.61361
4.70588
4.73934
4.78469
4.80769
4.92611
5.00626
5.03145
5.03145
5.05689
5.10204
5.2356
5.36913
5.55556
5.67376
5.6899
5.89102
6.21118
6.44122
7.38916
7.55668
7.63359
7.75194
7.88955
8.10811
8.24176
8.42697
8.57143
8.7146
8.77193
8.79121
8.92857
8.96861
9.17431
9.25926
9.25926
9.375
9.49367
9.50119
9.52381
9.52381
9.56938
9.92556
10.1266
10.1351
10.2302
10.2389
10.9589
11.1111
11.194
11.9522
12.6582
13.2159
13.5135
13.5747
13.8889
14.3541
14.4231
14.5631
14.7783
15.0754
15.4639
15.4639
16.3265
18.6916
19.1083
19.7368
24.1935
25.3165
25.641
26.4901
26.8456
27.3973
27.972
28.5714
29.4118
29.4118
29.6296
29.8507
30
30.0752
30.6122
30.7692
30.7692
30.7692
31.25
31.25
31.4961
31.746
32.5203
32.6087
32.7869
33.3333
33.3333
33.6134
33.7079
34.188
34.4828
34.4828
34.4828
35.7143
36.6972
37.5
37.7358
37.9747
38.961
38.961
40.8163
41.0959
44.9438
44.9438
47.0588
49.1803
51.7241
51.7241
51.7241
53.3333
53.5714
53.5714
54.5455
54.5455
55.5556
57.6923
58.8235
58.8235
59.7015
64.5161
65.2174
65.2174
66.6667
66.6667
68.1818
68.1818
68.9655
69.7674
71.4286
72.7273
72.7273
73.1707
75.4717
80
80
85.1064
85.1064
86.9565
86.9565
95.2381
97.561
100
102.564
102.564
105.263
105.263
108.108
108.108
111.111
111.111
111.111
111.111
114.286
114.286
114.286
114.286
114.286
114.286
114.286
117.647
117.647
117.647
117.647
121.212
121.212
121.212
121.212
121.212
125
125
125
125
125
125
125
125
129.032
129.032
129.032
129.032
129.032
129.032
129.032
129.032
129.032
129.032
129.032
129.032
133.333
133.333
133.333
133.333
133.333
133.333
133.333
133.333
133.333
133.333
133.333
133.333
133.333
133.333
133.333
133.333
136.364
137.931
137.931
137.931
137.931
137.931
137.931
137.931
137.931
137.931
137.931
137.931
137.931
137.931
137.931
142.857
142.857
142.857
142.857
142.857
142.857
142.857
142.857
142.857
142.857
142.857
142.857
142.857
142.857
142.857
142.857
142.857
142.857
142.857
142.857
142.857
142.857
142.857
142.857
148.148
148.148
148.148
148.148
148.148
148.148
148.148
150
153.846
153.846
153.846
153.846
153.846
153.846
153.846
153.846
160
160
160
166.667
166.667
166.667
190.476
29.9193828918611
