o
0
0
0
0
0
0
0
0
0
0
0
0
0
0
0
0
0
0
0
0
0
0
0
0
0
0
0
0
0
0
0
0
0
0
0
0
0
0
0
0
0
0
0
0
0
0
0
0
0
0
0
0
0
0
0
0
0
0
0
0
0
0
0
0
0
0
0
0
0
0
0
0
0
0
0
0
0
0
0
0
0
0
0
0
0
0
0
0
0
0
0
0
0
0
0
0
0
0
0
0
0
0
0
0
0
0
0
0
0
0
0
0
0
0
0
0
0
0
0
0
0
0
0
0
0
0
0
0
0
0
0
0
0
0
0
0
0
0
0
0
0
0
0
0
0
0
0
0
0
0
0
0
0
0
0
0
0
0
0
0
0
0
0
0
0
0
0
0
0
0
0
0
0
0
0
0
0
0
0
0
0
0
0
0
0
0
0
0
0
0
0
0
0
0
0
0
0
0
0
0
0
0
0
0
0
0
0
0
0
0
0
0
0
0
0
0
0
0
0
0
0
0
0
0
0
0
0
0
0
0
0
0
0
0
0
0
0
0
0
0
0
0
0
0
0
0
0
0
0
0
0
0
0
0
0
0
0
0
0
0
0
0
0
0
0
0
0
0
0
0
0
0
0
0
0
0
0
0
0
0
0
0
0
0
0
0
0
0
0
0
0
0
0
0
0
0
0
0
0
0
0
0
0
0
0
0
0
0
0
0
0
0
0
0
0
0
0
0
0
0
0
0
0
0
0
0
0
0
0
0
0
0
0
0
0
0
0
0
0
0
0
0
0
0
0
0
0
0
0
0
0
0
0
0
0
0
0
0
0
0
0
0
0
0
0
0
0
0
0
0
0
0
0
0
0
0
0
0
0
0
0
0
0
0
0
0
0
0
0
0
0
0
0
0
0
0
0
0
0
0
0
0
0
0
0
0
0
0
0
0
0
0
0
0
0
0
0
0
0
0
0
0
0
0
0
0
0
0
0
0
0
0
0
0
0
0
0
0
0
0
0
0
0
0
0
0
0
0
0
0
0
0
0
0
0
0
0
0
0
0
0
0
0
0
0
0
0
0
0
0
0
0
0
0
0
0
0
0
0
0
0
0
0
0
0
0
0
0
0
0
0
0
0
0
0
0
0
0
0
0
0
0
0
0
0
0
0
0
0
0
0
0
0
0
0
0
0
0
0
0
0
0
0
0
0
0
0
0
0
0
0
0
0
0
0
0
0
0
0
0
0
0
0
0
0
0
0
0
0
0
0
0
0
0
0
0
0
0
0
0
0
0
0
0
0
0
0
0
0
0
0
0
0
0
0
0
0
0
0
0
0
0
0
0
0
0
0
0
0
0
0
0
0
0
0
0
0
0
0
0
0
0
0
0
0
0
0
0
0
0
0
0
0
0
0
0
0
0
0
0
0
0
0
0
0
0
0
0
0
0
0
0
0
0
0
0
0
0
0
0
0
0
0
0
0
0
0
0
0
0
0
0
0
0
0
0
0
0
0
0
0
0
0
0
0
0
0
0
0
0
0
0
0
0
0
0
0
0
0
0
0
0
0
0
0
0
0
0
0
0
0
0
0
0
0
0
0
0
0
0
0
0
0
0
0
0
0
0
0
0
0
0
0
0
0.00556799
0.00560692
0.00565186
0.00567382
0.00569583
0.00569969
0.00575218
0.00575265
0.00578125
0.00583505
0.00584542
0.00593109
0.00595603
0.00601869
0.00603879
0.00610997
0.00612794
0.00620771
0.00620971
0.00624041
0.00627038
0.00627065
0.00627183
0.00631178
0.00639006
0.00645265
0.00647446
0.00651334
0.00660834
0.00664046
0.00664271
0.00665004
0.00670084
0.00670745
0.00674141
0.00675174
0.00675918
0.00675931
0.00678532
0.00678804
0.00679985
0.00683761
0.00687026
0.00689879
0.00695299
0.00700486
0.00706429
0.00708858
0.00715533
0.00716173
0.00716456
0.00719777
0.00720394
0.00725268
0.00727537
0.00728131
0.0073583
0.00736079
0.00736084
0.00736795
0.0074157
0.00742655
0.00743456
0.0074912
0.00750441
0.00751298
0.00754273
0.00756756
0.00758202
0.00758512
0.00761249
0.00761911
0.00763044
0.00765216
0.00765439
0.00770481
0.0077241
0.00775753
0.00776536
0.00779934
0.00780957
0.00786275
0.00787594
0.007876
0.00788059
0.00789528
0.00796299
0.00799808
0.00800211
0.00800653
0.00802175
0.00805354
0.00805665
0.00806836
0.00807298
0.00807552
0.00809651
0.00812018
0.00813676
0.0081483
0.0081493
0.00815514
0.00819417
0.00820984
0.00821652
0.00822314
0.00823459
0.00824436
0.00824538
0.00824681
0.00825968
0.0082618
0.00826624
0.00828494
0.0082894
0.00829139
0.00831013
0.0083382
0.0083561
0.00842566
0.00842723
0.00851752
0.00852442
0.00852631
0.00854489
0.00855278
0.00856971
0.0085952
0.00859949
0.00863998
0.00865718
0.00866686
0.00870496
0.00870944
0.0087222
0.00874745
0.00876378
0.00882356
0.00883665
0.00884948
0.00889735
0.00891452
0.0089658
0.0089786
0.00899394
0.00905379
0.00905403
0.00907869
0.00911594
0.00913359
0.0091539
0.00919329
0.00919337
0.00919346
0.00919599
0.00920768
0.00922135
0.00926698
0.00926913
0.00928152
0.00928565
0.0093012
0.0093051
0.00935183
0.0093977
0.00943459
0.00944314
0.00948308
0.00948515
0.00949884
0.00952091
0.00952862
0.00953898
0.00956462
0.00956782
0.00957286
0.00968176
0.0097444
0.00975286
0.00975857
0.00977718
0.00977919
0.00978723
0.00982666
0.00983439
0.00984552
0.00987186
0.00989443
0.00992044
0.00992172
0.00993019
0.0099552
0.00996393
0.00996492
0.0100516
0.0100558
0.0100896
0.0101562
0.0101639
0.0101686
0.010212
0.0102369
0.0102433
0.0102493
0.0102866
0.0103375
0.0103642
0.0103674
0.0103715
0.0103737
0.01038
0.0103919
0.0104386
0.0104536
0.0104547
0.0104715
0.0104716
0.0104773
0.010479
0.0104827
0.0104926
0.0104962
0.0104974
0.0105181
0.0105213
0.0105311
0.0105339
0.010534
0.0105415
0.0105583
0.0105792
0.0105871
0.0106014
0.0106113
0.0106912
0.0107089
0.0107297
0.0107332
0.0107582
0.0107777
0.0107809
0.0107818
0.0107988
0.010831
0.0108413
0.0108419
0.0108596
0.0108965
0.0109011
0.0109037
0.010912
0.0109325
0.0109617
0.010993
0.0109931
0.0109949
0.0110687
0.0110797
0.0111059
0.0111341
0.0111521
0.0111677
0.0111856
0.0112451
0.011248
0.011277
0.0113114
0.0113758
0.0113815
0.0113824
0.0114402
0.0114454
0.0114725
0.0114764
0.0114789
0.0115314
0.011561
0.0116133
0.0116248
0.0117008
0.0117088
0.0117254
0.0118047
0.0118758
0.0119181
0.0120061
0.0120524
0.0120527
0.0120568
0.0121547
0.0121835
0.0121977
0.0122143
0.0122784
0.0122787
0.01232
0.0123709
0.0124056
0.0124607
0.0124761
0.0124814
0.0125045
0.0125088
0.0125138
0.0125257
0.0125395
0.0125483
0.0126382
0.0126475
0.0126505
0.0126547
0.0126579
0.0126651
0.0126842
0.0127384
0.0127605
0.0128046
0.0128176
0.0128277
0.0128482
0.0128523
0.0128536
0.0129091
0.0129096
0.0129144
0.0129169
0.0129346
0.0129368
0.0129639
0.0130139
0.0130472
0.0130473
0.0130659
0.0130789
0.0130941
0.0131172
0.013189
0.0131895
0.0132973
0.0133431
0.0133445
0.0133745
0.0133749
0.0134165
0.0134351
0.0134795
0.0135157
0.0136387
0.0136532
0.0136846
0.0137227
0.0137825
0.0137876
0.0138108
0.0138872
0.0139749
0.0139782
0.0140467
0.0140827
0.0141627
0.0141852
0.0142304
0.0143858
0.0143862
0.0144329
0.014458
0.0144697
0.0145381
0.0146047
0.0146628
0.0146968
0.0148227
0.0149399
0.0150761
0.0151348
0.015192
0.0152286
0.0152795
0.0153283
0.0153544
0.0153556
0.0153688
0.0153901
0.0153948
0.0154304
0.0154416
0.0155193
0.0155678
0.0155967
0.0156497
0.0156688
0.0156764
0.0156949
0.0157085
0.0157275
0.0157386
0.0157836
0.0157846
0.0157938
0.0157945
0.0158298
0.0158336
0.0158476
0.0158899
0.0159175
0.0159274
0.0159686
0.0159729
0.0159752
0.0159864
0.0160182
0.0160444
0.0161993
0.016224
0.0162541
0.016262
0.0164233
0.0164661
0.0164723
0.016481
0.0164929
0.0165082
0.0165256
0.0165706
0.0165829
0.0166113
0.0166251
0.0167361
0.0167875
0.0168189
0.0169099
0.0169253
0.0169428
0.0169808
0.0171919
0.0171999
0.0172176
0.0172625
0.0172735
0.0173142
0.0173367
0.017362
0.0173659
0.0173686
0.0173859
0.0173865
0.0173971
0.0174092
0.0174444
0.0174572
0.0174734
0.0174737
0.0175141
0.0175519
0.0175809
0.0175818
0.0176115
0.0176298
0.0176504
0.0176722
0.0176869
0.0177051
0.0177718
0.0177996
0.0178101
0.0178183
0.0179013
0.0179067
0.0179205
0.0179507
0.0179517
0.0179888
0.0179947
0.0180005
0.0180099
0.0180239
0.0180789
0.0181871
0.0181951
0.0181987
0.0182445
0.0182498
0.0183325
0.0183352
0.0184006
0.0184145
0.0184458
0.0184665
0.0184734
0.0185505
0.0185649
0.0185663
0.018631
0.0186741
0.0186811
0.0186874
0.0186912
0.018701
0.0187094
0.0187129
0.0187217
0.0187322
0.0187347
0.0187631
0.0188274
0.0188327
0.0188342
0.0188509
0.0188658
0.0189107
0.0189132
0.0190295
0.0190309
0.0190353
0.0190491
0.0190687
0.0190709
0.0191384
0.0191666
0.0191894
0.0192478
0.019263
0.0193035
0.0193889
0.0194077
0.0194163
0.0194246
0.0194424
0.0194462
0.0194481
0.0194731
0.0194776
0.019489
0.0195374
0.0196117
0.0196202
0.0196808
0.0197472
0.0198764
0.0198787
0.0198863
0.019992
0.019996
0.0199988
0.0200132
0.0200393
0.0200525
0.0200993
0.0201021
0.0201236
0.0201751
0.0202147
0.0202774
0.0203364
0.0204144
0.0204228
0.0205512
0.0206356
0.0206603
0.0206787
0.0206924
0.0207147
0.0208043
0.0209236
0.020924
0.020924
0.0209288
0.0210517
0.0210828
0.0211104
0.0211247
0.021139
0.0211457
0.0212323
0.021362
0.021384
0.0214546
0.0215406
0.0215415
0.0216104
0.0216502
0.0216746
0.0216939
0.0217028
0.0217103
0.0217136
0.0217184
0.0217193
0.0217424
0.0217732
0.0219241
0.0219988
0.0221029
0.0221332
0.0221391
0.0222881
0.022304
0.022305
0.0225698
0.0226989
0.0227635
0.0228849
0.0229279
0.0230611
0.0230824
0.0230867
0.0230904
0.0230904
0.0231054
0.0231118
0.0231257
0.0231305
0.0232024
0.0232992
0.0234252
0.0235001
0.0235405
0.0235527
0.023556
0.0235666
0.0235821
0.0236827
0.0237034
0.0237169
0.0237411
0.0237547
0.0239063
0.0239292
0.0239906
0.0239964
0.0240315
0.0240523
0.0240541
0.0240796
0.0242972
0.0242972
0.024395
0.0244147
0.0244547
0.0245574
0.0245688
0.0246045
0.024613
0.0246251
0.0246263
0.0246536
0.0247415
0.0247899
0.0248657
0.0248707
0.0249327
0.0249825
0.0250307
0.0251591
0.0251876
0.0252525
0.0253216
0.0253293
0.0253575
0.0253659
0.0253897
0.0254531
0.0254836
0.0257998
0.0258518
0.0258639
0.0260539
0.0262082
0.0262082
0.0263588
0.0264005
0.0264578
0.0266007
0.0266092
0.0267874
0.026796
0.0269346
0.0269549
0.0270059
0.0271106
0.0271555
0.0272101
0.0272554
0.0273082
0.027309
0.0273329
0.0273501
0.0274755
0.02775
0.028299
0.0284059
0.0285453
0.0286229
0.0286303
0.028753
0.0287629
0.0288135
0.0289076
0.0289452
0.0290444
0.0291579
0.0291894
0.029203
0.0292235
0.0292903
0.0294455
0.0294942
0.0295849
0.0296507
0.0296674
0.0296877
0.0299267
0.0299419
0.0302407
0.0302801
0.0303674
0.030755
0.0308556
0.0309799
0.0311711
0.0312276
0.0315946
0.0316556
0.0319693
0.0320842
0.032173
0.0321875
0.0324307
0.0324918
0.0327697
0.0329142
0.0330295
0.0336259
0.0338857
0.0342243
0.0343525
0.0344317
0.0347246
0.0353357
0.0360542
0.0360959
0.0361481
0.0370686
0.0372606
0.0372731
0.037379
0.0375869
0.0378243
0.0380489
0.0382073
0.038323
0.0384512
0.0387057
0.0387192
0.0389105
0.0389879
0.0389879
0.0393484
0.0394042
0.0394104
0.0396526
0.0400112
0.0400561
0.0402933
0.0404645
0.0405236
0.0405318
0.0406405
0.0408447
0.0408513
0.0409031
0.0409786
0.0411286
0.0411353
0.0411726
0.0412235
0.0412422
0.0414285
0.0414714
0.0415472
0.0415714
0.0415921
0.0416458
0.0417275
0.04182
0.0419956
0.0420309
0.0423657
0.0423783
0.0424214
0.0425152
0.0425206
0.0425731
0.042584
0.0425931
0.0425931
0.0425949
0.0426567
0.0427661
0.0427917
0.0427954
0.0430089
0.043122
0.0431481
0.0431984
0.0433238
0.0435635
0.0435901
0.0436643
0.0437541
0.0437924
0.043877
0.044082
0.0441228
0.0441462
0.0441579
0.0441989
0.0442223
0.0445236
0.0446588
0.0449277
0.0450329
0.0451141
0.04521
0.0453556
0.0453906
0.0454215
0.0455851
0.0456475
0.0458274
0.0461489
0.0469219
0.0472567
0.047353
0.0474608
0.047719
0.047719
0.047776
0.0478652
0.0484543
0.0491545
0.0491594
0.049554
0.0497438
0.0501228
0.0501807
0.0502513
0.0504719
0.0511614
0.0512899
0.0521159
0.0532
0.0551207
0.0581294
0.0620078
0.0631752
0.063804
0.0663394
0.0677323
0.0685119
0.0702839
0.0713267
0.0724165
0.0735402
0.0739645
0.0747161
0.074985
0.0752502
0.0754091
0.0755572
0.0759936
0.0762369
0.0774174
0.0774413
0.0776156
0.0779302
0.0781739
0.078765
0.0790389
0.0790826
0.079233
0.0794976
0.0796432
0.0805737
0.0813008
0.0814399
0.0817728
0.0821423
0.082149
0.0821625
0.0823588
0.0824131
0.0824402
0.082481
0.0825219
0.0825764
0.08259
0.082672
0.082672
0.08296
0.0829876
0.0831393
0.0831947
0.0833889
0.0834516
0.0835073
0.083605
0.083626
0.0837591
0.0845094
0.0848464
0.0849257
0.0849762
0.0851499
0.0851861
0.0851861
0.0852442
0.0853097
0.0853606
0.0857854
0.085955
0.0860511
0.0861475
0.0863782
0.0863856
0.0863931
0.0864304
0.0864454
0.0867378
0.0867528
0.0869565
0.0870928
0.0872524
0.0878426
0.0879662
0.0879894
0.0881912
0.088199
0.0882924
0.0889126
0.0889601
0.0893575
0.0895335
0.0897989
0.0898796
0.0909835
0.0910913
0.0911162
0.0912076
0.0913159
0.0913242
0.0914077
0.0914411
0.0914495
0.0916086
0.0919456
0.0921234
0.0925069
0.0926698
0.0931532
0.0933794
0.0938262
0.0938615
0.0939408
0.0948407
0.0951565
0.0964692
0.0982415
0.101307
0.116537
0.121433
0.121788
0.122699
0.124673
0.126247
0.126807
0.127518
0.127698
0.12773
0.128156
0.128617
0.129601
0.131666
0.132926
0.136221
0.136295
0.138293
0.139063
0.139743
0.140924
0.142288
0.145222
0.148148
0.148214
0.148544
0.148943
0.150943
0.151492
0.151745
0.156887
0.159413
0.160026
0.167729
0.176243
0.186532
0.257798
0.272035
0.851064
0.853971
0.912409
0.938967
0.942507
0.949668
0.969932
0.977517
1.02145
1.02459
1.02775
1.05152
1.0582
1.06838
1.07066
1.07066
1.10132
1.10988
1.11607
1.13766
1.15207
1.15875
1.17925
1.19332
1.1976
1.20482
1.21065
1.24688
1.24844
1.26743
1.30548
1.30719
1.31062
1.34228
1.34771
1.34953
1.3624
1.40252
1.41044
1.44718
1.4556
1.4556
1.47493
1.4881
1.49031
1.50376
1.50602
1.51515
1.53846
1.54083
1.54799
1.54799
1.55039
1.55763
1.56006
1.5625
1.58228
1.58479
1.59236
1.6129
1.66667
1.69779
1.70648
1.7301
1.74216
1.81159
1.81818
1.82815
1.85529
1.86567
1.86567
1.87266
1.88679
1.88679
1.91205
1.92678
1.94175
1.97628
1.99601
2.00401
2.00803
2.0284
2.03666
2.05339
2.07469
2.08768
2.08768
2.09205
2.1097
2.1097
2.11416
2.11864
2.12766
2.1692
2.22222
2.23214
2.25225
2.26757
2.2779
2.28833
2.28833
2.29885
2.30415
2.34742
2.39808
2.40385
2.42131
2.43309
2.48756
2.49377
2.5
2.51256
2.55102
2.5641
2.63852
2.6455
2.65252
2.65957
2.71003
2.73224
2.849
2.88184
2.90698
2.93255
2.96736
3.02115
3.07692
3.125
3.14465
3.30033
3.3557
3.44828
3.4965
3.57143
3.59712
3.64964
4.03226
4.08163
4.13223
4.23729
4.52489
4.62963
4.6729
4.73934
4.92611
5.07614
5.31915
5.40541
5.61798
5.71429
5.81395
6.06061
6.09756
6.21118
6.32911
6.45161
6.49351
6.57895
6.66667
6.75676
6.80272
6.84932
6.84932
7.0922
7.0922
7.5188
7.57576
7.57576
7.8125
8
8
8
8.26446
8.47458
8.47458
8.47458
8.69565
8.69565
8.84956
8.84956
9.09091
9.09091
9.17431
9.17431
9.17431
9.17431
9.25926
9.34579
9.43396
9.52381
9.61538
9.80392
9.90099
9.90099
9.90099
10.101
10.101
10.101
10.5263
10.5263
10.6383
10.8696
10.989
10.989
10.989
11.236
11.236
11.3636
12.0482
12.0482
12.1951
12.3457
12.5
13.5135
14.4928
14.9254
15.1515
15.1515
15.625
15.873
16.129
16.3934
16.9492
17.5439
17.5439
17.5439
17.8571
18.1818
18.5185
21.7391
23.2558
23.8095
24.3902
25
25.641
25.641
26.3158
26.3158
27.027
27.7778
32.2581
32.2581
33.3333
33.3333
34.4828
35.7143
37.037
37.037
38.4615
38.4615
38.4615
40
40
41.6667
41.6667
43.4783
43.4783
45.4545
45.4545
45.4545
45.4545
45.4545
47.619
47.619
47.619
47.619
47.619
50
52.6316
52.6316
52.6316
55.5556
55.5556
55.5556
55.5556
58.8235
58.8235
58.8235
58.8235
58.8235
58.8235
62.5
62.5
62.5
62.5
66.6667
66.6667
66.6667
71.4286
71.4286
71.4286
71.4286
71.4286
76.9231
76.9231
76.9231
76.9231
76.9231
83.3333
90.9091
100
100
100
100
100
111.111
111.111
111.111
111.111
111.111
111.111
111.111
111.111
111.111
111.111
111.111
111.111
111.111
111.111
111.111
111.111
111.111
111.111
111.111
111.111
111.111
125
125
125
125
125
125
125
125
125
125
125
125
125
125
125
125
125
125
125
125
125
125
125
125
125
125
125
125
125
125
125
125
125
125
125
125
125
125
125
125
125
125
125
125
125
125
125
125
125
125
125
125
125
125
125
125
125
125
125
125
125
125
125
125
125
125
125
125
125
125
125
125
125
125
125
125
125
125
125
125
125
125
125
125
125
125
125
125
125
125
125
125
142.857
142.857
142.857
142.857
142.857
142.857
142.857
142.857
142.857
142.857
142.857
142.857
142.857
142.857
142.857
142.857
142.857
142.857
142.857
142.857
142.857
142.857
142.857
142.857
142.857
142.857
142.857
142.857
142.857
142.857
142.857
142.857
142.857
142.857
142.857
142.857
142.857
142.857
142.857
142.857
142.857
142.857
142.857
142.857
142.857
142.857
142.857
142.857
142.857
142.857
142.857
142.857
142.857
142.857
142.857
142.857
142.857
142.857
142.857
142.857
142.857
142.857
142.857
142.857
142.857
142.857
142.857
142.857
142.857
142.857
142.857
142.857
142.857
142.857
142.857
142.857
142.857
142.857
142.857
142.857
142.857
142.857
142.857
142.857
142.857
142.857
142.857
142.857
142.857
142.857
142.857
142.857
166.667
166.667
166.667
166.667
166.667
166.667
166.667
166.667
166.667
166.667
166.667
166.667
166.667
166.667
166.667
166.667
166.667
166.667
166.667
166.667
166.667
166.667
166.667
200
200
200
16.2267736276385
