o
0.0178645
0.0178754
0.0178773
0.0178778
0.0178812
0.0179236
0.0179354
0.0179561
0.2276
0.227898
0.227966
0.231725
0.257416
0.259393
0.259538
0.259916
0.260949
0.263111
0.267781
0.281757
0.325873
0.327766
0.334403
0.338066
0.34592
0.347001
0.3499
0.353577
0.409165
0.409594
0.413052
0.42067
0.441193
0.442478
0.460379
0.460856
0.918344
0.923397
0.924535
0.931135
0.932003
0.932763
0.93447
0.952003
0.955376
0.957625
0.971503
0.973907
1.02045
1.04835
1.05623
1.07043
1.1747
1.18461
1.1919
1.22399
1.39787
1.4068
1.40953
1.41643
1.46327
1.46808
1.47649
1.48183
1.72449
1.7452
1.74837
1.77961
1.84786
1.875
1.87985
1.92634
1.93603
1.95217
1.98649
2.04516
2.4633
2.49252
2.51054
2.58078
3.71306
3.72245
3.7358
3.75094
4.25387
4.3096
4.40606
4.40995
4.45474
4.55125
4.6134
4.64339
4.97018
5.03119
5.09061
5.17598
5.95238
6.42178
6.52742
6.79717
6.92137
6.94444
6.98519
7.03433
7.50075
7.58495
7.71129
7.71843
12.3396
12.4131
12.6263
12.7097
47.5285
50.6073
51.0204
52.1921
56.8182
57.4713
60.8273
61.7284
80.2676
82.7586
83.045
84.8057
102.459
110.092
114.679
119.048
121.827
122.549
128.866
129.534
130.435
131.579
132.979
133.69
134.409
136.612
139.665
141.176
144.578
146.341
147.239
150
151.515
154.839
154.839
156.25
158.228
159.236
160.256
161.29
161.29
162.338
163.399
163.399
163.399
164.474
164.474
165.563
165.563
165.563
166.667
168.919
168.919
168.919
168.919
172.414
172.414
172.414
172.414
173.611
174.825
174.825
176.056
176.056
179.856
181.159
183.824
185.185
53.8822163072222
