o
0
0
0
0
0
0
0
0
0
0
0
0
0
0
0
0
0
0
0
0
0
0
0
0
0
0
0
0
0
0
0
0
0
0
0
0
0
0
0
0
0
0
0
0
0
0
0
0
0
0
0
0
0
0
0
0
0
0
0
0
0
0
0
0
0
0
0
0
0
0
0
0
0
0
0
0
0
0
0
0.00248139
0.00249332
0.00249396
0.00251309
0.00253466
0.00255937
0.00262651
0.00265046
0.00267341
0.00268622
0.00268821
0.00269065
0.00270581
0.00281639
0.00281692
0.00281695
0.00281712
0.00314277
0.00317072
0.00318298
0.00319462
0.00320593
0.00320799
0.00321176
0.00321611
0.00321982
0.00322206
0.00322493
0.00322852
0.00324255
0.00325165
0.00325303
0.00325323
0.0032558
0.00325808
0.00326614
0.00328238
0.00328709
0.00331057
0.00333125
0.00333133
0.00333978
0.00334094
0.00334505
0.00334589
0.00335434
0.00336427
0.00336436
0.00336681
0.00337336
0.00338589
0.0033876
0.00340502
0.00341733
0.00342383
0.00342644
0.00343086
0.00343316
0.00346562
0.00346814
0.00346859
0.00346934
0.00347045
0.003476
0.00347997
0.00349484
0.00349641
0.00350246
0.00353562
0.00354835
0.00355428
0.00355805
0.00357733
0.00357786
0.00357795
0.00359301
0.00360914
0.0036156
0.00361969
0.00361982
0.00362392
0.00362438
0.00363405
0.00363635
0.00363651
0.00363978
0.00364393
0.00364824
0.00364894
0.0036562
0.00365727
0.00366181
0.00366905
0.00366975
0.00367257
0.00369027
0.00369377
0.00369389
0.0037058
0.00370985
0.00371108
0.00371345
0.00486968
0.00491723
0.00492279
0.0049316
0.00494453
0.00497271
0.00497432
0.00506724
0.00509692
0.00514115
0.00519177
0.00654772
0.00719813
0.00724548
0.00736811
0.00757054
0.00768976
0.00772141
0.00772905
0.00781543
0.00796001
0.00874971
0.00887406
0.00893049
0.00896945
0.00910477
0.00910768
0.00922692
0.00924471
0.00927123
0.00938734
0.00958745
0.00991857
0.0100627
0.0101676
0.01019
0.0103218
0.0103779
0.0104834
0.0104866
0.0105202
0.0105412
0.010662
0.0106776
0.0106806
0.0108031
0.010869
0.0108946
0.0109427
0.0109693
0.0109993
0.0110344
0.0110372
0.0111051
0.0111288
0.0111422
0.0111585
0.0111788
0.0112333
0.0112717
0.0112727
0.0112777
0.0112887
0.0113037
0.0113571
0.0114207
0.011473
0.0116462
0.011676
0.0116831
0.0116962
0.0117145
0.0117286
0.0117615
0.0117846
0.0117952
0.0118016
0.0118592
0.0118714
0.0118951
0.0119028
0.0119092
0.0119131
0.0119143
0.0119227
0.0119361
0.011955
0.0119647
0.0119679
0.0119705
0.0119908
0.0119978
0.0120279
0.0120349
0.0120441
0.0120505
0.0120709
0.0120982
0.0121049
0.0121087
0.0122996
0.0123052
0.0123153
0.0123182
0.01235
0.0123888
0.0124579
0.0127764
0.0128653
0.012903
0.0129491
0.012974
0.0129934
0.013002
0.0130048
0.0130982
0.0131119
0.0132535
0.0133653
0.0134689
0.0135541
0.0136603
0.0136842
0.013708
0.0137378
0.0137726
0.0138675
0.0138743
0.0139241
0.014
0.014034
0.014165
0.0142082
0.0143131
0.0143909
0.0144281
0.0145134
0.0145393
0.0145891
0.0146335
0.0146524
0.0147679
0.0148401
0.0148431
0.0149179
0.014935
0.0149425
0.014987
0.0149896
0.0150089
0.0150526
0.0150795
0.0151033
0.0151061
0.0151146
0.0151365
0.0152037
0.0152746
0.0152827
0.0155175
0.0155493
0.0156745
0.0157331
0.0158022
0.0158323
0.015894
0.0159148
0.0160122
0.0161238
0.0161778
0.0162131
0.0162203
0.0162218
0.0162488
0.0164027
0.0164562
0.0164796
0.0166588
0.0167527
0.0167758
0.0169065
0.0169089
0.0171258
0.0171665
0.017253
0.0173376
0.0174096
0.0174193
0.0174549
0.017496
0.0174969
0.0175042
0.0175113
0.0176969
0.0178317
0.0178793
0.0179337
0.0179583
0.0180819
0.0180923
0.0184435
0.018486
0.0185235
0.0186322
0.018668
0.0187445
0.018761
0.0188597
0.0189057
0.0189926
0.0190367
0.0192898
0.0193045
0.0193218
0.0193859
0.0194634
0.0195607
0.0195748
0.0197225
0.0202523
0.0206396
0.0209104
0.0212249
0.0213261
0.021498
0.0216953
0.021737
0.0218541
0.0218771
0.0219142
0.0219467
0.0222973
0.0223964
0.0225367
0.0228626
0.0229216
0.0229943
0.0230603
0.023104
0.0234063
0.0234651
0.0235777
0.0236992
0.0238442
0.0239478
0.0239926
0.0240059
0.0240619
0.0241193
0.0242002
0.0243155
0.0244197
0.0244269
0.0244696
0.0246148
0.0246503
0.0246923
0.024897
0.0249884
0.0251029
0.0251588
0.0253434
0.0253756
0.0256138
0.0259983
0.0261931
0.0263473
0.026418
0.0264518
0.0265016
0.0265749
0.0266527
0.026927
0.0272146
0.0272993
0.0274251
0.0274286
0.0274412
0.0274608
0.0274975
0.0275923
0.0275999
0.0276932
0.0278598
0.027873
0.027901
0.0280359
0.028054
0.0282183
0.0283066
0.0290276
0.029104
0.0292073
0.0292299
0.0296476
0.0298352
0.029898
0.0300062
0.030096
0.0301527
0.0302106
0.030217
0.0302966
0.0303545
0.0305344
0.0306448
0.0306476
0.0308361
0.0308728
0.0311119
0.0315826
0.0318867
0.0321099
0.0321141
0.0321781
0.0323368
0.0324475
0.033048
0.0331203
0.0332679
0.0334717
0.0336661
0.0339749
0.0343914
0.0344234
0.0347472
0.0349353
0.0349508
0.0349669
0.035239
0.0356193
0.0362109
0.0363425
0.036398
0.0364491
0.0364768
0.0365317
0.0365898
0.0366529
0.0366925
0.036735
0.036846
0.0376053
0.0378845
0.0379723
0.0380033
0.0384571
0.0389234
0.0390411
0.0391535
0.0395499
0.0396755
0.0401703
0.0405885
0.0408338
0.0408538
0.0410686
0.0411963
0.041684
0.0416875
0.0418366
0.0419182
0.0419701
0.0420805
0.0421088
0.0425722
0.0425777
0.0426294
0.0426367
0.0426612
0.0429139
0.0432189
0.0434443
0.0439908
0.0441374
0.0441784
0.044406
0.0445048
0.0447027
0.0447828
0.0453793
0.0454164
0.0457174
0.046477
0.0469274
0.0473418
0.0474642
0.0475839
0.0476644
0.0477795
0.0478675
0.0486677
0.0490485
0.0490846
0.0492841
0.050226
0.0522876
0.0533106
0.0536509
0.0542285
0.0544989
0.0568764
0.0573888
0.0579374
0.0603883
0.0618085
0.0655738
0.0676773
0.0679186
0.0679717
0.0685072
0.0689037
0.0692353
0.0700599
0.0725558
0.0728014
0.07357
0.0750469
0.0769408
0.077009
0.0772798
0.0777303
0.0788519
0.0792896
0.0815661
0.0823723
0.08285
0.0828878
0.0838645
0.0839208
0.0841043
0.0844773
0.0849185
0.085034
0.0852479
0.0853752
0.0856971
0.0860585
0.0872296
0.0873591
0.0879972
0.0884525
0.0885583
0.0886957
0.0887824
0.0888573
0.0890393
0.0894935
0.0895857
0.0898473
0.0904486
0.0905223
0.0912784
0.0914369
0.0916128
0.0918864
0.0920302
0.092115
0.0923702
0.0924984
0.0925369
0.0929714
0.0931966
0.0932053
0.0934405
0.0934579
0.093471
0.0945805
0.0947867
0.0956892
0.0958819
0.0959371
0.0962232
0.0963159
0.0967118
0.0972905
0.0976276
0.0976324
0.0980056
0.0981354
0.0988191
0.0990688
0.100241
0.100336
0.100664
0.100781
0.101061
0.10227
0.102496
0.103514
0.10352
0.103756
0.103799
0.104542
0.104679
0.1048
0.106011
0.106576
0.107544
0.108796
0.109123
0.109248
0.109248
0.10929
0.109577
0.109667
0.109763
0.110711
0.111006
0.112133
0.113058
0.114032
0.114561
0.115721
0.116252
0.116374
0.116408
0.116734
0.121102
0.121729
0.122858
0.123671
0.124938
0.150875
0.15301
0.163026
0.165837
0.166528
0.167336
0.167364
0.168535
0.169019
0.169147
0.169492
0.17043
0.172102
0.17301
0.173145
0.17343
0.173883
0.174672
0.17481
0.176056
0.176149
0.176445
0.177462
0.178524
0.178795
0.178987
0.179614
0.180636
0.183301
0.184026
0.184179
0.184809
0.185357
0.186064
0.186515
0.186706
0.187688
0.187758
0.188218
0.188377
0.188519
0.189268
0.189484
0.190204
0.190349
0.190386
0.191314
0.192123
0.192604
0.193611
0.193761
0.194742
0.194913
0.195695
0.195906
0.195906
0.196271
0.196754
0.197006
0.197668
0.198039
0.198847
0.198985
0.199223
0.202388
0.203108
0.203108
0.203791
0.204228
0.204583
0.206292
0.206462
0.207082
0.207749
0.207965
0.208681
0.209402
0.209424
0.211037
0.212314
0.212517
0.213083
0.213561
0.215587
0.216614
0.217226
0.218747
0.220313
0.221214
0.222272
0.22304
0.224165
0.22482
0.226321
0.228467
0.229568
0.256674
0.26062
0.270966
0.272814
0.274085
0.281809
0.282526
0.283889
0.290571
0.292869
0.295247
0.295639
0.29824
0.298775
0.302893
0.309933
0.314713
0.317259
0.323206
0.330633
0.330907
0.332889
0.342231
0.342524
0.343348
0.352858
0.35759
0.359066
0.362188
0.36357
0.372578
0.376364
1.28783
1.37836
1.41243
1.7138
1.7762
1.8797
1.88857
1.89934
1.97628
1.99402
1.99601
2.05339
2.08768
2.08768
2.08986
2.10748
2.11864
2.14823
2.20264
2.24719
2.25479
2.25479
2.26244
2.26757
2.30415
2.31481
2.33372
2.33645
2.34742
2.39521
2.41838
2.43902
2.47525
2.49066
2.50941
2.53485
2.5413
2.55102
2.56739
2.57069
2.5974
2.66312
2.7027
2.7248
2.73973
2.7894
2.7972
2.80505
2.82885
2.84495
2.86533
2.87356
2.8777
2.91121
2.94551
2.94985
3.02572
3.04414
3.04878
3.06748
3.08642
3.10559
3.11042
3.12989
3.13972
3.17965
3.21543
3.24149
3.27332
3.28407
3.34448
3.34448
3.37268
3.38983
3.4188
3.43053
3.43643
3.44828
3.4662
3.4662
3.47222
3.51494
3.51494
3.5461
3.58423
3.59066
3.59066
3.61664
3.62319
3.62319
3.663
3.67647
3.69004
3.71747
3.73832
3.74532
3.7594
3.78788
3.78788
3.80228
3.80952
3.82409
3.86847
3.8835
3.89105
3.92927
3.93701
4.0568
4.14365
4.17537
4.1841
4.28266
4.29185
4.44444
4.45434
4.51467
4.51467
4.56621
4.5977
4.6729
4.71698
4.72813
4.75059
4.75059
4.77707
4.94234
4.98753
5
5
5.02513
5.04202
5.16351
5.22193
5.37634
5.37634
5.37634
5.39084
5.40541
5.42005
5.42005
5.45455
5.46448
5.49451
5.49451
5.50964
5.54017
5.54017
5.55556
5.55556
5.64972
5.81395
5.81395
5.8309
5.8651
5.92885
6.0241
6.0423
6.13497
6.19195
6.21118
6.21118
6.25
6.34921
6.34921
6.51466
6.75676
6.92042
7.01754
7.11744
7.14286
7.16846
7.35294
7.8125
7.93651
8.29876
8.92857
8.96861
9.00901
9.00901
9.04977
9.61538
9.80392
9.95025
10.101
10.101
10.3093
10.5263
10.929
11.3636
11.6279
11.6279
11.8343
11.976
11.976
12.4224
12.5786
13.0719
13.7931
13.9535
13.986
14.2857
14.3885
14.7059
14.7059
14.8148
14.8148
14.8148
14.9254
14.9254
15.1515
15.1515
15.2672
15.748
15.748
15.873
15.873
15.873
16
16.0428
16.3934
16.5289
16.8067
17.2414
17.2414
17.5439
17.6991
17.8571
18.1818
18.2927
18.3486
18.3486
18.5185
18.8679
18.8679
18.8679
19.6078
19.802
20
20
20
20
20.202
20.202
20.4082
20.6186
20.8333
21.0526
21.2766
21.2766
21.2766
21.2766
21.5054
21.8978
21.978
22.2222
22.7273
22.7273
22.9885
23.0769
23.2558
23.4375
23.8095
23.8095
24.0964
24.0964
24.0964
24.3902
24.3902
25
25.974
25.974
26.3158
26.6667
27.027
27.3973
28.0374
28.169
29.4118
29.8507
29.8507
30
30.303
30.303
30.303
30.7692
30.7692
31.25
31.746
31.746
31.9149
32.2581
32.7869
34.4828
34.4828
34.4828
34.4828
35.0877
35.7143
35.7143
36.3636
37.037
37.7358
38.4615
38.4615
38.961
39.2157
40
40.8163
41.6667
41.6667
42.5532
43.4783
44.7761
45.4545
45.4545
45.4545
45.4545
45.4545
45.4545
46.5116
46.5116
46.5116
46.875
46.875
48.7805
48.7805
50.8475
51.2821
51.2821
51.2821
53.5714
54.0541
54.0541
54.5455
55.5556
55.5556
57.1429
57.1429
57.1429
58.8235
58.8235
60.6061
60.6061
60.6061
60.6061
62.5
62.5
62.5
64.5161
64.5161
66.6667
66.6667
71.4286
71.4286
74.0741
74.0741
74.0741
74.0741
74.0741
75
76.9231
76.9231
76.9231
76.9231
76.9231
80
80
80
83.3333
83.3333
83.3333
83.3333
86.9565
86.9565
86.9565
86.9565
86.9565
86.9565
86.9565
86.9565
90.9091
90.9091
90.9091
90.9091
90.9091
95.2381
95.2381
95.2381
95.2381
95.2381
100
100
100
100
100
100
100
100
100
105.263
105.263
105.263
105.263
105.263
105.263
105.263
105.263
105.263
105.263
105.263
105.263
105.263
111.111
111.111
111.111
111.111
111.111
111.111
111.111
111.111
111.111
111.111
111.111
111.111
111.111
111.111
117.647
117.647
117.647
117.647
117.647
117.647
117.647
117.647
117.647
117.647
117.647
117.647
117.647
117.647
117.647
117.647
117.647
117.647
117.647
125
125
125
125
125
125
125
125
125
125
125
125
125
125
125
125
125
125
125
125
125
125
125
125
125
125
125
125
125
125
125
125
125
125
125
125
125
125
125
125
125
125
125
125
125
125
125
125
133.333
133.333
133.333
133.333
133.333
133.333
133.333
133.333
133.333
133.333
133.333
133.333
133.333
133.333
133.333
133.333
133.333
133.333
133.333
133.333
133.333
133.333
133.333
133.333
133.333
133.333
133.333
133.333
133.333
133.333
133.333
133.333
133.333
133.333
133.333
133.333
133.333
133.333
133.333
133.333
133.333
133.333
133.333
133.333
142.857
142.857
142.857
142.857
142.857
142.857
142.857
142.857
142.857
142.857
142.857
142.857
142.857
142.857
142.857
142.857
142.857
142.857
142.857
142.857
142.857
142.857
142.857
142.857
142.857
142.857
142.857
142.857
142.857
142.857
142.857
142.857
142.857
142.857
142.857
142.857
153.846
153.846
153.846
153.846
153.846
153.846
153.846
153.846
153.846
153.846
153.846
153.846
153.846
153.846
153.846
153.846
153.846
153.846
153.846
153.846
153.846
153.846
153.846
153.846
153.846
166.667
166.667
166.667
166.667
166.667
166.667
166.667
166.667
181.818
200
26.2088097983472
