o
0.0261001
0.0261764
0.0261841
0.0264082
0.30874
0.316573
0.38632
0.387359
0.415848
0.420994
0.422342
0.425502
0.425628
0.428342
0.560573
0.560748
0.637256
0.672741
1.33338
1.34476
1.35537
1.38988
1.40545
1.4322
1.55655
1.57233
1.608
1.62118
1.7537
1.75456
1.92213
1.93632
1.93705
1.9892
2.569
2.59548
2.68336
2.70068
2.861
2.94527
4.46761
4.71451
5.17019
5.28945
5.45042
5.56242
5.85747
5.98902
7.26392
7.48285
7.4922
7.58853
8.75486
8.76126
14.0187
14.218
49.7238
51.2821
58.6319
59.9002
86.6337
87.2818
119.863
120.275
125.436
129.964
130.909
131.387
133.08
139.535
141.7
144
147.541
148.148
148.76
148.76
152.838
154.506
155.844
156.522
157.658
158.59
160
161.435
162.162
163.636
165.138
165.899
165.899
167.442
52.4133621644444
