o
0
0
0
0
0
0
0
0
0
0
0
0
0
0
0
0
0
0
0
0
0
0
0
0
0
0
0
0
0
0
0
0
0
0
0
0
0
0
0
0
0
0
0
0
0
0
0
0
0
0
0
0
0
0
0
0
0
0
0
0
0
0
0
0
0
0
0
0
0
0
0
0
0
0
0
0
0
0
0
0
0
0
0
0
0
0
0
0
0
0
0
0
0
0
0
0
0
0
0
0
0
0
0
0
0
0
0
0
0
0
0
0
0
0
0
0
0
0
0
0
0
0
0
0
0
0
0
0
0
0
0
0
0
0
0
0
0
0
0
0
0
0
0
0
0
0
0
0
0
0
0
0
0
0
0
0
0
0
0
0
0
0
0
0
0
0
0
0
0
0
0
0
0
0
0
0
0
0
0
0
0
0
0
0
0
0
0
0
0
0
0
0
0
0
0
0
0
0
0
0
0
0
0
0
0
0
0
0
0
0
0
0
0
0
0
0
0
0
0
0
0
0
0
0
0
0
0
0
0
0
0
0
0
0
0
0
0
0
0
0
0
0
0
0
0
0
0
0
0
0
0
0
0
0
0
0
0
0
0
0
0
0
0
0
0
0
0
0
0
0
0
0
0
0
0
0
0
0
0
0
0
0
0
0
0
0
0
0
0
0
0
0
0
0
0
0
0
0
0
0
0
0
0
0
0
0
0
0
0
0
0
0
0
0
0
0
0
0
0
0
0
0
0
0
0
0
0
0
0
0
0
0
0
0
0
0
0
0
0
0
0
0
0
0
0
0
0
0
0
0
0
0
0
0
0
0
0
0
0
0
0
0
0
0
0
0
0
0
0
0
0
0
0
0
0
0
0
0
0
0
0
0
0
0
0
0
0
0
0
0
0
0
0
0
0
0
0
0
0
0
0
0
0
0
0
0
0
0
0
0
0
0
0
0
0
0
0
0
0
0
0
0
0
0
0
0
0
0
0
0
0
0
0
0
0
0
0
0
0
0
0
0
0
0
0
0
0
0
0
0
0
0
0
0
0
0
0
0
0
0
0
0
0
0
0
0
0
0
0
0
0
0
0
0
0
0
0
0
0
0
0
0
0
0
0
0
0
0
0
0
0
0
0
0
0
0
0
0
0
0
0
0
0
0
0
0
0
0
0
0
0
0
0
0
0
0
0
0
0
0
0
0
0
0
0
0
0
0
0
0
0
0
0
0
0
0
0
0
0
0
0
0
0
0
0
0
0
0
0
0
0
0
0
0
0
0
0
0
0
0
0
0
0
0
0
0
0
0
0
0
0
0
0
0
0
0
0
0
0
0
0
0
0
0
0
0
0
0
0
0
0
0
0
0
0
0
0
0
0
0
0
0
0
0
0
0
0
0
0
0
0
0
0
0
0
0
0
0
0
0
0
0
0
0
0
0
0
0
0
0
0
0
0
0
0
0
0
0
0
0
0
0
0
0
0
0
0
0
0
0
0
0
0
0
0
0
0
0
0
0
0
0
0
0
0
0
0
0
0
0
0
0
0
0
0
0
0
0
0
0
0
0
0
0
0
0
0
0
0
0
0
0
0
0
0
0
0
0
0
0
0
0
0
0
0
0
0
0
0
0
0
0
0
0
0
0
0
0
0
0
0
0
0
0
0
0
0
0
0
0
0
0
0
0
0
0
0
0
0
0
0
0
0
0
0
0
0
0
0
0
0
0
0
0
0
0
0
0
0
0
0
0
0
0
0
0
0
0
0
0
0
0
0
0
0
0
0
0
0
0
0
0
0
0
0
0
0
0
0
0
0
0
0
0
0
0
0
0
0
0
0
0
0
0
0
0
0
0
0
0
0
0
0
0
0
0
0
0
0
0
0
0
0
0
0
0
0
0
0
0
0
0
0
0
0
0
0
0
0
0
0
0
0
0
0
0
0
0
0
0
0
0
0
0
0
0
0
0
0
0
0
0
0
0
0
0
0
0
0
0
0
0
0
0
0
0
0
0
0
0
0
0
0
0
0
0
0
0
0
0
0
0
0
0
0
0
0
0
0
0
0
0
0
0
0
0
0
0
0
0
0
0
0
0
0
0
0
0
0
0
0
0
0
0
0
0
0
0
0
0
0
0
0
0
0
0
0
0
0
0
0
0
0
0
0
0
0
0
0
0
0
0
0
0
0
0
0
0
0
0
0
0
0
0
0
0
0
0
0
0
0
0
0
0
0
0
0
0
0
0
0
0
0
0
0
0
0
0
0
0
0
0
0
0
0
0
0
0
0
0
0
0
0
0
0
0
0
0
0
0
0
0
0
0
0
0
0
0
0
0
0
0
0
0
0
0
0
0
0
0
0
0
0
0
0
0
0
0
0
0
0
0
0
0
0
0
0
0
0
0
0
0
0
0
0
0
0
0
0
0
0
0
0
0
0
0
0
0
0
0
0
0
0
0
0
0
0
0
0
0
0
0
0
0
0
0
0
0
0
0
0
0
0
0
0
0
0
0
0
0
0
0
0
0
0
0
0
0
0
0
0
0
0
0
0
0
0
0
0
0
0
0
0
0
0
0
0
0
0
0
0
0
0
0
0
0
0
0
0
0
0
0
0
0
0
0
0
0
0
0
0
0
0
0
0
0
0
0
0
0
0
0
0
0
0
0
0
0
0
0
0
0
0
0
0
0
0
0
0
0
0
0
0
0
0
0
0
0
0
0
0
0
0
0
0
0
0
0
0
0
0
0
0
0
0
0
0
0
0
0
0
0
0
0
0
0
0
0
0
0
0
0
0
0
0
0
0
0
0
0
0
0
0
0
0
0
0
0
0
0
0
0
0
0
0
0
0
0
0
0
0
0
0
0
0
0
0
0
0
0
0
0
0
0
0
0
0
0
0
0
0
0
0
0
0
0
0
0
0
0
0
0
0
0
0
0
0
0
0
0
0
0
0
0
0
0
0
0
0
0
0
0
0
0
0
0
0
0
0
0
0
0
0
0
0
0
0
0
0
0
0
0
0
0
0
0
0
0
0
0
0
0
0
0
0
0
0
0
0
0
0
0
0
0
0
0
0
0
0
0
0
0
0
0
0
0
0
0
0
0
0
0
0
0
0
0
0
0
0
0
0
0
0
0
0
0
0
0
0
0
0
0
0
0
0
0
0
0
0
0
0
0
0
0
0
0
0
0
0
0
0
0
0
0
0
0
0
0
0
0
0
0
0
0
0
0
0
0
0
0
0
0
0
0
0
0
0
0
0
0
0
0
0
0
0
0
0
0
0
0
0
0
0
0
0
0
0
0
0
0
0
0
0
0
0
0
0
0
0
0
0
0
0
0
0
0
0
0
0
0
0
0
0
0
0
0
0
0
0
0
0
0
0
0
0
0
0
0
0
0
0
0
0
0
0
0
0
0
0
0
0
0
0
0
0
0
0
0
0
0
0
0
0
0
0
0
0
0
0
0
0
0
0
0
0
0
0
0
0
0
0
0
0
0
0
0
0
0
0
0
0
0
0
0
0
0
0
0
0
0
0
0
0
0
0
0
0
0
0
0
0
0
0
0
0
0
0
0
0
0
0
0
0
0
0
0
0
0
0
0
0
0
0
0
0
0
0
0
0
0
0
0
0
0
0
0
0
0
0
0
0
0
0
0
0
0
0
0
0
0
0
0
0
0
0
0
0
0
0
0
0
0
0
0
0
0
0
0
0
0
0
0
0
0
0
0
0
0
0
0
0
0
0
0
0
0
0
0
0
0
0
0
0
0
0
0
0
0
0
0
0
0
0
0
0
0
0
0
0
0
0
0
0
0
0
0
0
0
0
0
0
0
0
0
0
0
0
0
0
0
0
0
0
0
0
0
0
0
0
0
0
0
0
0
0
0
0
0
0
0
0
0
0
0
0
0
0
0
0
0
0
0
0
0
0
0
0
0
0
0
0
0
0
0
0
0
0
0
0
0
0
0
0
0
0
0
0
0
0
0
0
0
0
0
0
0
0
0
0
0
0
0
0
0
0
0
0
0
0
0
0
0
0
0
0
0
0
0
0
0
0
0
0
0
0
0
0
0
0
0
0
0
0
0
0
0
0
0
0
0
0
0
0
0
0
0
0
0
0
0
0
0
0
0
0
0
0
0
0
0
0
0
0
0
0
0
0
0
0.00557572
0.00559528
0.00567347
0.00567431
0.00569282
0.00577407
0.00580289
0.00585617
0.00586033
0.00587627
0.00589116
0.00590444
0.00596328
0.00596862
0.00597079
0.00602188
0.00602994
0.00612775
0.00614605
0.00614893
0.00618467
0.00619713
0.00620344
0.00620382
0.00621458
0.00625246
0.00629275
0.00638529
0.00640115
0.00641754
0.00644866
0.00644878
0.00646049
0.00648227
0.00649418
0.00649439
0.00650144
0.00652065
0.00654604
0.0065757
0.0065757
0.00668387
0.00671587
0.00672495
0.00672594
0.0067346
0.00673968
0.00678293
0.00678652
0.00679362
0.00682105
0.00686799
0.00691649
0.00694502
0.00697199
0.00698153
0.00698422
0.00700265
0.00700609
0.00704106
0.00705776
0.00705931
0.00715221
0.00717695
0.00719181
0.00719316
0.00721522
0.00724312
0.00724979
0.00733218
0.00734964
0.00736632
0.00737719
0.00739733
0.00740434
0.00741207
0.00742346
0.00743671
0.00743871
0.00745212
0.0074618
0.00747675
0.0074921
0.00749946
0.00755162
0.00755567
0.00757742
0.00758495
0.0076078
0.00762777
0.00765181
0.00765439
0.00766266
0.00767183
0.00768096
0.00768474
0.007706
0.00770832
0.00770891
0.00772177
0.00772195
0.00772983
0.00774132
0.00775092
0.00776235
0.00776313
0.00777859
0.00780896
0.00781482
0.00782209
0.00784
0.00784818
0.00785386
0.00786244
0.00786479
0.00787581
0.00790758
0.00791177
0.00791546
0.00791603
0.0079169
0.00793286
0.00793374
0.00793726
0.00793852
0.00794111
0.00794534
0.00794805
0.00795697
0.00795716
0.00796153
0.00796527
0.00798913
0.00800109
0.00800666
0.00801957
0.00802742
0.00806888
0.00807376
0.00810347
0.00811537
0.00811932
0.00812334
0.00812526
0.00812777
0.00812916
0.00815135
0.00817795
0.00818076
0.0081933
0.00819457
0.00819887
0.00820042
0.00821834
0.00821848
0.00822253
0.00823099
0.00823201
0.00823493
0.00824144
0.00824171
0.00824314
0.00824729
0.00826528
0.00826713
0.00828253
0.00828823
0.00829463
0.00829827
0.00829924
0.00830454
0.008314
0.00832023
0.00832972
0.00833973
0.00834021
0.00834279
0.00835059
0.00837402
0.00838188
0.00838272
0.00839046
0.00840075
0.00840788
0.00842403
0.00843206
0.0084498
0.00845323
0.00845587
0.00846131
0.00847817
0.00848133
0.00849336
0.00850326
0.0085102
0.00851629
0.00852333
0.00852646
0.00853293
0.00854496
0.00854745
0.00855337
0.00856729
0.00857265
0.00859321
0.00860704
0.00861608
0.00861794
0.00861972
0.00863826
0.00865
0.00865733
0.00866454
0.00866469
0.00867446
0.00867513
0.00867626
0.0086835
0.00869323
0.00869686
0.00870413
0.00870625
0.00870731
0.00871619
0.00872463
0.00872562
0.00874103
0.00874355
0.00874447
0.00874845
0.00875933
0.00876593
0.00878727
0.00878905
0.00880406
0.00882659
0.00884924
0.00884987
0.00885504
0.00885763
0.00886116
0.00886776
0.00888541
0.00888644
0.00889909
0.00890345
0.00890829
0.0089253
0.00893264
0.00893304
0.00895664
0.00896805
0.00896869
0.00896885
0.00896998
0.00897135
0.00897304
0.00897972
0.00898465
0.008992
0.00899394
0.00899742
0.00900163
0.00900925
0.00901218
0.00902201
0.00902967
0.00903791
0.00905797
0.00906257
0.00906323
0.00906807
0.00907029
0.00907647
0.00907853
0.00907919
0.00908133
0.00908447
0.00909885
0.00909951
0.00910589
0.00911394
0.00911801
0.00911926
0.00912109
0.00912717
0.00912934
0.00917398
0.00917953
0.00918881
0.00920446
0.00920471
0.0092171
0.00922841
0.00923916
0.00923984
0.00924069
0.009259
0.00926733
0.00927016
0.00927368
0.00928565
0.00928876
0.00928928
0.00930778
0.00932001
0.00932019
0.00932462
0.00932549
0.00933228
0.0093499
0.00937805
0.00938923
0.0093932
0.00940628
0.00941425
0.00942889
0.00942978
0.00943183
0.00943708
0.0094451
0.00944938
0.00946145
0.00947266
0.0094767
0.00948722
0.00949893
0.0094992
0.00951158
0.00951375
0.00951665
0.00953743
0.00953807
0.00958819
0.00959803
0.00961418
0.00961973
0.00963549
0.00964795
0.00965391
0.00966996
0.00967296
0.00967764
0.00967914
0.00968054
0.00969114
0.00972035
0.00972157
0.00972271
0.00972734
0.00973691
0.0097501
0.00976706
0.00978215
0.00978962
0.00979211
0.00979633
0.00980536
0.00980556
0.00980786
0.0098172
0.00984475
0.00987391
0.00988084
0.0098825
0.0098959
0.00990315
0.00991995
0.00992684
0.00993157
0.00993878
0.00994975
0.00995431
0.0099688
0.00997188
0.00997815
0.00997865
0.00998871
0.00999161
0.00999201
0.00999251
0.0099966
0.0099973
0.0100016
0.0100063
0.0100137
0.0100401
0.0100479
0.0100571
0.0100621
0.0100644
0.01007
0.0100795
0.0100912
0.010109
0.010115
0.0101195
0.0101213
0.0101394
0.0101405
0.0101515
0.0101623
0.0101666
0.0101766
0.0102153
0.0102274
0.0102421
0.0102563
0.0102686
0.0102725
0.0102825
0.0102968
0.0102981
0.0103014
0.0103127
0.0103207
0.0103305
0.0103383
0.0103415
0.0103623
0.0103662
0.0103666
0.01037
0.0104187
0.0104223
0.0104301
0.0104441
0.0104512
0.0104522
0.0104529
0.0104708
0.0104721
0.0104955
0.0104971
0.0105003
0.01058
0.0106228
0.0106441
0.010655
0.0107361
0.0107623
0.0107641
0.0107763
0.0107775
0.0107792
0.0108015
0.0108105
0.0108209
0.0108434
0.0108563
0.0108743
0.010875
0.0108774
0.0108859
0.0108978
0.0109513
0.0109522
0.0109584
0.0109637
0.0109751
0.0109826
0.0109873
0.0109897
0.0109906
0.0110005
0.0110221
0.0110692
0.0110808
0.0110852
0.0111056
0.0111099
0.0111125
0.0111169
0.0111179
0.011124
0.011125
0.0111337
0.0111556
0.0111603
0.0111621
0.0111991
0.0112039
0.0112091
0.0112114
0.0112278
0.0112495
0.0112563
0.0112578
0.0112585
0.0112587
0.0112722
0.0112746
0.0112911
0.0113016
0.011306
0.0113154
0.0113191
0.0113217
0.0113299
0.0113327
0.0113926
0.0114064
0.0114072
0.0114254
0.0114282
0.0114358
0.011447
0.0114496
0.0114576
0.0114703
0.011488
0.0114884
0.0114921
0.0115258
0.0115351
0.0115386
0.0115449
0.0115505
0.0115642
0.0115662
0.011567
0.0115745
0.0116116
0.0116401
0.0116485
0.011649
0.0116494
0.0116584
0.0116769
0.0117147
0.0117264
0.0117291
0.011732
0.0117364
0.0117378
0.0117398
0.0117625
0.0117669
0.0117675
0.0117963
0.0118069
0.0118122
0.0118366
0.0118596
0.0118778
0.0118987
0.011908
0.0119234
0.0119379
0.0119549
0.0119907
0.0119967
0.0120165
0.0120194
0.0120296
0.0120343
0.0120549
0.0120796
0.0120912
0.0121096
0.0121237
0.0121328
0.012137
0.0121436
0.0121521
0.0121578
0.0121706
0.0121997
0.0122008
0.0122435
0.0122606
0.0122725
0.012279
0.0123431
0.0124228
0.0124302
0.012455
0.0124558
0.0124883
0.0124953
0.0125009
0.0125102
0.0125103
0.0125172
0.0125189
0.0125332
0.0125373
0.0125409
0.0125458
0.0125513
0.0125633
0.0125644
0.0125736
0.0125737
0.0125802
0.0125813
0.0125861
0.0125954
0.0125987
0.0126135
0.0126277
0.0126368
0.0126614
0.0127139
0.0127626
0.0127655
0.0127871
0.0128062
0.012821
0.0128218
0.0128579
0.0128665
0.0128728
0.0128798
0.0128984
0.0129102
0.0129314
0.0129912
0.0130298
0.0130342
0.0130393
0.0130494
0.0130589
0.0130907
0.013105
0.0131053
0.0131146
0.0131989
0.0132025
0.0132308
0.0132373
0.0132392
0.0133255
0.0133285
0.013334
0.0133383
0.0133506
0.0133794
0.0133998
0.0134036
0.013459
0.0134833
0.0135172
0.0135217
0.0135221
0.0135247
0.0135298
0.0135309
0.0135433
0.0135545
0.013579
0.0136177
0.0136275
0.013642
0.0136634
0.013679
0.0136859
0.0136878
0.0137238
0.0137317
0.0137574
0.0137914
0.0138064
0.013812
0.013846
0.0138548
0.0138639
0.013915
0.013941
0.0139552
0.0139565
0.0139721
0.0139762
0.0139794
0.0140133
0.0140351
0.0140363
0.0140792
0.0140968
0.0141076
0.0141261
0.0141339
0.0141379
0.0141417
0.0141465
0.0141571
0.0141826
0.014246
0.0142554
0.0142617
0.0142853
0.0142902
0.0142953
0.0143168
0.0143456
0.0143719
0.0143862
0.0144475
0.0144555
0.0144678
0.0144766
0.0145172
0.0145216
0.0145404
0.0146246
0.0146284
0.0146484
0.0146529
0.0146673
0.014715
0.0147356
0.0147787
0.0148254
0.0148262
0.014828
0.0148386
0.014871
0.014871
0.0148736
0.0148798
0.0148807
0.014908
0.0149385
0.0149421
0.0149721
0.0149784
0.0149889
0.0149896
0.0149932
0.0150414
0.0150451
0.0150791
0.0151062
0.0151199
0.015154
0.0151628
0.0152075
0.0152207
0.0152246
0.0152395
0.0152579
0.0152618
0.0152637
0.0152644
0.0152674
0.0152709
0.015316
0.0153245
0.0153351
0.0153747
0.0153891
0.0154017
0.0154033
0.0154116
0.0154192
0.0154295
0.0154364
0.0154445
0.0155051
0.0155099
0.0155349
0.0155376
0.0155749
0.0155865
0.0155887
0.0156099
0.0156204
0.0156211
0.015624
0.0156277
0.0156436
0.0156531
0.0156541
0.0157206
0.0157456
0.0157555
0.0157597
0.0157602
0.0157674
0.0157691
0.0158023
0.015809
0.0158165
0.0158836
0.0159375
0.0159459
0.0159665
0.0159698
0.0159808
0.0159877
0.0160049
0.0160077
0.0160115
0.016047
0.0160599
0.0160743
0.0160787
0.0160803
0.0160823
0.0160999
0.0161002
0.0161031
0.016108
0.016115
0.0161285
0.0161389
0.0161715
0.016266
0.0162943
0.0163023
0.0163095
0.0163913
0.0164476
0.0165224
0.0165719
0.0165961
0.0166135
0.0166467
0.0166486
0.0166558
0.0167766
0.016864
0.0168691
0.0168754
0.0168899
0.0168902
0.0168979
0.0169122
0.0170366
0.0170803
0.0170978
0.01715
0.0171715
0.0172429
0.0172801
0.0173211
0.017331
0.0173509
0.0173554
0.0173795
0.0174246
0.0174319
0.0175276
0.0175316
0.0175383
0.0175509
0.0175565
0.0175781
0.0175939
0.017601
0.0176168
0.0176184
0.0176613
0.0176791
0.0177001
0.0177063
0.0177148
0.0177292
0.017733
0.0177412
0.0177475
0.0177841
0.0177873
0.0177987
0.0178253
0.0178329
0.0178415
0.0178431
0.0178498
0.0178578
0.017861
0.0178702
0.0178705
0.0179003
0.0179392
0.0179427
0.0179588
0.0179656
0.0179659
0.0179824
0.0179943
0.01803
0.0180483
0.018059
0.0180734
0.018112
0.0181123
0.0181156
0.0181189
0.0181222
0.0181248
0.0181271
0.018134
0.018138
0.0181617
0.0181716
0.0181898
0.0181954
0.0181984
0.0182073
0.0182505
0.0182695
0.0182729
0.0182795
0.0182959
0.0183164
0.0183184
0.0183254
0.0183258
0.018357
0.0183678
0.0183749
0.0183763
0.0183854
0.0184182
0.018439
0.0184413
0.0184447
0.0184502
0.0184696
0.0184898
0.0185
0.0185028
0.0185041
0.0185052
0.0185076
0.0185371
0.0185632
0.0185722
0.0185836
0.0186078
0.0186105
0.0186185
0.0186272
0.0186539
0.0186644
0.0186836
0.018694
0.0186989
0.018708
0.0187105
0.0187112
0.0187178
0.0187448
0.0187572
0.0187614
0.0187642
0.0187793
0.0188019
0.0188342
0.0188359
0.0188391
0.0188452
0.0188558
0.0188576
0.0188683
0.0188758
0.0188775
0.018879
0.01888
0.018884
0.0188882
0.0189423
0.018948
0.0189541
0.0189732
0.0189879
0.0189901
0.0190009
0.0190031
0.0190082
0.0190262
0.0190328
0.0190375
0.0190589
0.0190621
0.0190872
0.0190923
0.019096
0.0191183
0.0191619
0.0191637
0.0191663
0.0191696
0.0191994
0.0192057
0.0192108
0.0192437
0.0192489
0.0192741
0.0192924
0.0193117
0.0193401
0.0193495
0.0193532
0.0193547
0.0193607
0.0193866
0.0194043
0.0194069
0.0194262
0.0194397
0.0195312
0.0195324
0.0195339
0.01954
0.0195917
0.019599
0.0196005
0.0196152
0.0196244
0.0196271
0.0196498
0.019656
0.019668
0.0196738
0.0196796
0.0197165
0.0197949
0.0198032
0.0198083
0.0198138
0.0198314
0.0198428
0.0198555
0.0198728
0.0198744
0.0198791
0.0198918
0.0199033
0.019908
0.0199457
0.0199545
0.0199641
0.0199836
0.0200208
0.0200425
0.020069
0.0200904
0.0200977
0.0201248
0.0201268
0.0201337
0.0201402
0.0202073
0.0202106
0.0202196
0.0202233
0.020238
0.0202996
0.020326
0.0203264
0.0203533
0.0203575
0.0203629
0.0203791
0.0204374
0.0204562
0.0204616
0.0204796
0.0205015
0.0205694
0.0205732
0.0205757
0.020599
0.0206198
0.0206659
0.0206898
0.0206962
0.0207262
0.0207663
0.020806
0.0208464
0.0208725
0.0209122
0.0209271
0.0209486
0.0209718
0.0209745
0.0209855
0.0210775
0.0211135
0.0211175
0.0211238
0.0211604
0.0211694
0.0211712
0.0211851
0.0212067
0.0212373
0.0212508
0.0212635
0.021268
0.0212843
0.0213002
0.0213161
0.0214156
0.0214335
0.0214371
0.0214523
0.0214652
0.0215188
0.0215313
0.0215647
0.0215843
0.021609
0.0216169
0.0216193
0.0216713
0.0217354
0.0218174
0.0219058
0.0219135
0.0219168
0.0219298
0.0219414
0.0219481
0.0219529
0.0219558
0.0219587
0.0219602
0.0219766
0.0219916
0.0220153
0.0220366
0.0220512
0.0220527
0.022119
0.0221459
0.0221675
0.0221739
0.0221926
0.022203
0.022204
0.0222099
0.0222568
0.0222742
0.0223179
0.0223234
0.0223409
0.0223414
0.0223414
0.022407
0.0224553
0.0224916
0.0225002
0.0225093
0.022523
0.0225306
0.0225306
0.0225337
0.0225383
0.0225474
0.0225871
0.0225948
0.0225999
0.0226035
0.0226076
0.0226183
0.0226424
0.0226511
0.0226603
0.0226691
0.0226742
0.0226752
0.0227123
0.0227211
0.0227288
0.0227604
0.022765
0.0227832
0.0227925
0.0227946
0.0228092
0.0228128
0.0228128
0.0228274
0.0228483
0.0228666
0.0228828
0.0228864
0.0229153
0.0229174
0.0229358
0.0229479
0.0229774
0.0229927
0.0229986
0.0230065
0.0230155
0.0230388
0.0230468
0.0230574
0.0230643
0.0230926
0.0230931
0.0231369
0.023146
0.0231567
0.0231696
0.0231755
0.0231959
0.0232002
0.0232126
0.0232196
0.0232699
0.0232926
0.0232986
0.0233068
0.0233193
0.0233236
0.0233247
0.0233258
0.0233498
0.0233601
0.0233661
0.0233694
0.0233858
0.0234077
0.0234077
0.023411
0.0234137
0.0234137
0.0234187
0.0234198
0.0234236
0.0234467
0.0234489
0.0234555
0.0234637
0.023472
0.0234786
0.0234802
0.0234835
0.02352
0.0235294
0.0235294
0.0235433
0.0235566
0.0235621
0.0235799
0.0236072
0.0236077
0.0236161
0.0236312
0.0236407
0.0236541
0.023658
0.0236591
0.0236591
0.0236602
0.0237074
0.0237119
0.0237141
0.0237192
0.0237203
0.0237254
0.0237276
0.0237315
0.0237321
0.0237744
0.023775
0.0237784
0.0237908
0.0238129
0.0238146
0.0238152
0.0238248
0.0238527
0.0238732
0.0238823
0.0238846
0.0238852
0.0239017
0.0239297
0.0239338
0.0239481
0.0239561
0.0239647
0.0239682
0.0239802
0.0239825
0.0240171
0.0240217
0.0240338
0.0240414
0.0240639
0.0240749
0.0240836
0.0240854
0.0240859
0.0240894
0.0241173
0.0241651
0.0241896
0.0242031
0.0242184
0.0242184
0.0242201
0.0242289
0.0242642
0.0242677
0.0243167
0.0243268
0.0243309
0.0243321
0.024341
0.0243457
0.0243582
0.024426
0.024429
0.0244337
0.0244355
0.024472
0.024478
0.0244798
0.0244816
0.0244858
0.024493
0.0245176
0.0245182
0.0245254
0.0245537
0.0245646
0.0245652
0.0245942
0.024599
0.0246142
0.0246172
0.0246245
0.0246481
0.0246536
0.0246767
0.0246816
0.0247219
0.0247525
0.024812
0.0248194
0.024867
0.0248676
0.0248769
0.024929
0.0249401
0.024942
0.024985
0.0249863
0.0250394
0.0250796
0.0251149
0.0251199
0.0251218
0.0251522
0.0251604
0.0251927
0.0252175
0.0252519
0.0253197
0.0253801
0.0253872
0.0253917
0.0253968
0.0254725
0.0254939
0.0255977
0.0256279
0.025643
0.0257023
0.0257102
0.0257188
0.0257752
0.0257971
0.0258478
0.0258639
0.0258705
0.0258886
0.0259774
0.0260031
0.0260051
0.0260058
0.0260356
0.0260423
0.026058
0.0261383
0.0261527
0.0261856
0.0262481
0.0262667
0.0263075
0.0263609
0.0263678
0.0264515
0.026469
0.0264718
0.0265027
0.0265034
0.0265555
0.0265724
0.0265816
0.0266064
0.0266085
0.0266482
0.0266532
0.0266731
0.0267023
0.0267201
0.0267573
0.0267809
0.0267852
0.026786
0.026824
0.0268392
0.0269186
0.0269811
0.0269876
0.0270008
0.027008
0.0270519
0.0271135
0.0271253
0.0271289
0.027168
0.0272161
0.0273276
0.0273635
0.0273658
0.0273898
0.0273958
0.0273995
0.0274033
0.0274401
0.0274461
0.0274507
0.0274514
0.0274914
0.0274929
0.027502
0.0275543
0.0275642
0.0275664
0.0275672
0.0276978
0.0277047
0.0277316
0.0277477
0.0277516
0.027784
0.0278002
0.0278257
0.0278272
0.0278489
0.0278536
0.0278924
0.027908
0.0279111
0.0279345
0.0279478
0.0279666
0.0279673
0.0279932
0.0279971
0.0280081
0.0280151
0.0280513
0.0280615
0.0280773
0.0281041
0.0281413
0.0281738
0.0281785
0.0281897
0.0282064
0.0282207
0.0282255
0.0282302
0.0282406
0.0282574
0.0282877
0.0283302
0.028368
0.0283776
0.0283978
0.0284042
0.0284196
0.028422
0.0284325
0.0284519
0.0284625
0.0284665
0.0284722
0.0284762
0.028503
0.0285111
0.0285111
0.0285144
0.0285177
0.028525
0.0285396
0.0285633
0.0285731
0.0285755
0.0285755
0.0286066
0.028659
0.0286689
0.0286928
0.0287216
0.0287233
0.0287455
0.0287604
0.028767
0.0287704
0.0288284
0.0288409
0.0288642
0.0288675
0.0288817
0.0288817
0.0288875
0.0288909
0.0288925
0.0288959
0.0289017
0.0289067
0.0289226
0.028926
0.0289452
0.0289536
0.0289687
0.0289939
0.029004
0.0290225
0.0290284
0.0290335
0.0290495
0.0290546
0.0290715
0.029085
0.0290884
0.0290926
0.029096
0.0291121
0.0291256
0.0291265
0.0291494
0.0291877
0.0291937
0.0292398
0.0292415
0.0292612
0.0292834
0.0293178
0.0293419
0.0293505
0.0294005
0.0294074
0.0294144
0.0294221
0.0295587
0.0295596
0.0295735
0.0296296
0.0296296
0.0296454
0.029685
0.0296912
0.0296991
0.0297265
0.0297274
0.0297407
0.0297743
0.0297929
0.0298027
0.0298125
0.029816
0.0298507
0.0298659
0.0298793
0.0298802
0.0298909
0.0298918
0.0298945
0.0299177
0.0299446
0.0299787
0.0299814
0.0299877
0.0300156
0.0300201
0.0300273
0.0300499
0.0300571
0.0300643
0.0300933
0.030096
0.0301078
0.0301078
0.0301187
0.0301268
0.0301286
0.0301341
0.0301759
0.0302014
0.0302106
0.0302142
0.0302361
0.0302453
0.0303141
0.0303214
0.0303453
0.0303748
0.030397
0.0304044
0.0304247
0.0304433
0.0304451
0.030446
0.030447
0.0304581
0.0304646
0.0304692
0.0304813
0.030485
0.0304859
0.0305045
0.0305064
0.030525
0.0305297
0.0305325
0.0305334
0.0305353
0.0305353
0.0305493
0.0305633
0.0306091
0.0306157
0.0306176
0.0306297
0.0306617
0.0306683
0.0306711
0.0306805
0.0306956
0.0307097
0.0307191
0.0307239
0.0307314
0.0307418
0.0307522
0.0308015
0.0308034
0.0308204
0.0308214
0.0308318
0.0308414
0.0308566
0.0308566
0.0308632
0.0308671
0.0308814
0.0308842
0.0309129
0.0309167
0.0309176
0.0309463
0.0309492
0.0309588
0.0309626
0.0309636
0.0309674
0.030978
0.0309857
0.031026
0.031052
0.0310559
0.0310588
0.0310723
0.0310965
0.0311362
0.0311449
0.0311517
0.0311536
0.0311546
0.0311556
0.0311575
0.031176
0.0311876
0.0311905
0.0311935
0.0311944
0.0311983
0.0312276
0.0312666
0.0312783
0.0312823
0.0312832
0.0312862
0.0312891
0.0312901
0.031292
0.031295
0.0313097
0.0313126
0.0313136
0.0313175
0.0313215
0.0313303
0.0313421
0.031343
0.031348
0.031348
0.0313617
0.0313785
0.0313804
0.0313873
0.0313932
0.031407
0.031408
0.031413
0.0314209
0.0314347
0.0314347
0.0314465
0.0314515
0.0314574
0.0314604
0.0314723
0.0314772
0.0314842
0.0314901
0.0314901
0.031503
0.031503
0.031511
0.0315219
0.0315288
0.0315368
0.0315378
0.0315378
0.0315806
0.0315896
0.0316096
0.0316116
0.0316116
0.0316126
0.0316156
0.0316236
0.0316376
0.0316406
0.0316466
0.0316466
0.0316496
0.0316616
0.0316626
0.0316646
0.0316746
0.0316837
0.0316837
0.0316967
0.0317078
0.0317108
0.0317289
0.0317309
0.03174
0.031743
0.031744
0.031746
0.0317511
0.0317521
0.0317551
0.0317652
0.0317773
0.0317884
0.0317935
0.0317935
0.0317945
0.0318076
0.0318107
0.0318228
0.0318238
0.0318289
0.031835
0.0318613
0.0318654
0.0318695
0.0318857
0.031901
0.031903
0.0319173
0.0319264
0.031953
0.0319601
0.0319622
0.0319642
0.0319744
0.0319816
0.0319959
0.0320133
0.0320266
0.0320307
0.0320472
0.0320503
0.0320595
0.0320657
0.0320729
0.032076
0.0320852
0.0320924
0.0320955
0.0320965
0.0320976
0.0321151
0.0321234
0.0321357
0.032144
0.0321647
0.0321761
0.0321844
0.0321978
0.0322082
0.0322082
0.0322123
0.0322165
0.0322227
0.0322425
0.0322445
0.0322477
0.0322497
0.0322612
0.0322633
0.0322654
0.0322977
0.0323018
0.0323029
0.0323311
0.0323447
0.0323499
0.0323593
0.0323666
0.0323687
0.0324034
0.0324044
0.0324244
0.0324296
0.0324307
0.0324391
0.0324665
0.0324707
0.0324791
0.0324802
0.0325002
0.0325002
0.0325161
0.0325203
0.0325214
0.0325246
0.0325267
0.0325309
0.0325425
0.032551
0.0325563
0.0325637
0.0325701
0.0325828
0.0325828
0.0325892
0.0325935
0.0325945
0.0325956
0.0326083
0.0326094
0.0326115
0.0326275
0.0326318
0.0326339
0.0326445
0.0326456
0.0326499
0.0326573
0.0326659
0.0326733
0.0326744
0.0326755
0.0326958
0.0326979
0.0327033
0.0327182
0.03273
0.0327418
0.0327429
0.0327439
0.0327472
0.0327536
0.0327547
0.0327568
0.03276
0.0327718
0.0327718
0.0327729
0.032774
0.0327955
0.0327998
0.0328009
0.0328062
0.0328106
0.0328127
0.0328224
0.0328246
0.0328267
0.0328461
0.0328526
0.0328547
0.0328569
0.0328591
0.0328623
0.0328634
0.0328645
0.0328699
0.0328699
0.0328807
0.0328807
0.032885
0.032885
0.0328926
0.032898
0.032911
0.0329229
0.0329272
0.0329305
0.0329337
0.0329413
0.0329457
0.0329544
0.0329554
0.0329554
0.0329554
0.0329674
0.0329935
0.0329989
0.0330087
0.0330098
0.0330109
0.033036
0.0330535
0.0330753
0.033083
0.0330852
0.0330863
0.0330961
0.0331225
0.0331455
0.0331587
0.033162
0.0331686
0.0331719
0.0331972
0.0332049
0.0332292
0.0332314
0.0332347
0.0332447
0.0332513
0.0332679
0.033269
0.0332745
0.0332823
0.0332934
0.0333078
0.0333233
0.0333489
0.0333567
0.0333578
0.0333756
0.0333778
0.0333979
0.0334091
0.0334113
0.0334325
0.0334348
0.0334482
0.0334526
0.0334638
0.0335042
0.0335098
0.0335132
0.0335154
0.0335244
0.03353
0.0335582
0.0335582
0.0335604
0.0335616
0.0335627
0.033583
0.0335897
0.033592
0.0335954
0.0335954
0.033601
0.0336202
0.0336247
0.0336451
0.0336474
0.033661
0.0336746
0.0336802
0.0336825
0.0336848
0.0336905
0.0337041
0.0337098
0.0337154
0.0337177
0.0337325
0.033745
0.0337462
0.0337462
0.033753
0.033761
0.033761
0.0337792
0.0338009
0.0338455
0.0338467
0.033849
0.0338685
0.0338903
0.0338914
0.0339167
0.033919
0.0339202
0.0339443
0.0339639
0.0339709
0.0339743
0.0339836
0.0340159
0.0340205
0.0340252
0.0340275
0.0340414
0.0340657
0.0340669
0.0341332
0.0341448
0.0341577
0.0342079
0.0342091
0.0342091
0.0342266
0.034256
0.0342618
0.0342677
0.03427
0.0343065
0.0343289
0.034369
0.0343737
0.0345018
0.0345161
0.0346957
0.0347126
0.034727
0.0347307
0.0347657
0.0348068
0.0348311
0.0348359
0.0349504
0.0349577
0.0350557
0.0351235
0.0351914
0.0351914
0.0352038
0.0352584
0.0352759
0.0352945
0.035307
0.0353195
0.0353245
0.0353644
0.0354032
0.0354509
0.0354874
0.0355013
0.0355391
0.0355834
0.0356113
0.0356633
0.0356812
0.0356913
0.0357718
0.0358295
0.0359428
0.0360036
0.0360855
0.0360868
0.0361468
0.0361912
0.036224
0.0362871
0.0363174
0.036365
0.0363716
0.0363994
0.0364392
0.0364511
0.0365444
0.0365457
0.0365497
0.0365524
0.0366126
0.0366542
0.0366865
0.0368107
0.0369017
0.0369126
0.037059
0.0370686
0.0371181
0.0371595
0.0371595
0.0371927
0.0372038
0.0372398
0.0372453
0.037255
0.0372648
0.0372856
0.0373678
0.0373734
0.0374028
0.0374883
0.0375883
0.0376279
0.0376549
0.0376619
0.0377031
0.0377088
0.0377117
0.0377373
0.0377558
0.0377701
0.0377786
0.0377872
0.0378186
0.0378272
0.0378458
0.0378888
0.0378946
0.0379233
0.0379708
0.0379795
0.0380546
0.0380735
0.0381185
0.0381417
0.0382234
0.0382278
0.038276
0.0382922
0.0383024
0.0383098
0.0383465
0.0383907
0.0383907
0.0384763
0.0385208
0.0385832
0.0385922
0.038616
0.0386742
0.0386742
0.0387312
0.0387627
0.0388334
0.0388954
0.038915
0.0389181
0.0389757
0.0389772
0.0389955
0.0390153
0.0390411
0.0390671
0.0391114
0.0391497
0.0391788
0.0392218
0.0392403
0.0392758
0.0393298
0.039367
0.0395304
0.0395554
0.0395679
0.0396149
0.0396197
0.0396291
0.0396385
0.0397488
0.0398804
0.0399138
0.0399313
0.0399425
0.0399824
0.039984
0.0400112
0.0400208
0.0401011
0.0401188
0.040151
0.0401606
0.0401945
0.0402139
0.0402366
0.0402431
0.0403112
0.0403502
0.0404613
0.0404711
0.0407
0.0407017
0.0407034
0.0407199
0.0407382
0.0407581
0.0407681
0.0407747
0.0408347
0.0409366
0.0409517
0.0409635
0.0410071
0.0410206
0.0410593
0.0411489
0.0411557
0.0412065
0.0412422
0.0412558
0.0412609
0.0413087
0.0413138
0.0413668
0.0413702
0.0414525
0.04153
0.0415472
0.0415576
0.0415697
0.0415697
0.0415783
0.0416181
0.041625
0.0416372
0.0416458
0.0418393
0.0419006
0.0419322
0.0419516
0.0420734
0.0421212
0.0421461
0.0421514
0.0421674
0.0421816
0.0422333
0.0422708
0.0424773
0.0425044
0.0425062
0.0426421
0.0427113
0.0427972
0.0428321
0.0428725
0.042889
0.0428927
0.0428982
0.0429056
0.0429258
0.0429443
0.0429572
0.0431425
0.0431891
0.0432844
0.0435483
0.0436719
0.0436758
0.0437484
0.0438693
0.0440044
0.0440238
0.0441248
0.0441657
0.0441755
0.0442204
0.0443695
0.0445216
0.0445276
0.0445831
0.044615
0.0447287
0.0448773
0.0448813
0.0449984
0.0450086
0.0452386
0.045335
0.045405
0.0454339
0.0455892
0.0458737
0.0459728
0.0459749
0.0460214
0.0460384
0.0461042
0.0461255
0.0461659
0.0461787
0.0461787
0.0461787
0.046183
0.0462535
0.0464619
0.0464684
0.0465073
0.0465181
0.0465311
0.0466005
0.0466941
0.0467224
0.0468384
0.0468406
0.0469065
0.0469903
0.0473216
0.0473889
0.0474046
0.0474608
0.0474969
0.0474969
0.0475082
0.0476077
0.0477008
0.047719
0.0478583
0.0479409
0.0479708
0.0480031
0.0483022
0.0483653
0.0484684
0.0486263
0.0486429
0.04865
0.0486713
0.0486973
0.0489141
0.0489668
0.0489908
0.0490292
0.0490918
0.0494291
0.0494976
0.0496155
0.0496376
0.0496722
0.0497067
0.04995
0.0500927
0.0501781
0.0501983
0.0502588
0.0502689
0.0502715
0.0504032
0.0507924
0.0508337
0.0509191
0.05101
0.0511954
0.0512348
0.0512847
0.052154
0.0523314
0.0523642
0.0526399
0.0529437
0.0533021
0.0536884
0.0537461
0.0549602
0.0550055
0.0557072
0.056281
0.0563507
0.056478
0.0566636
0.0567795
0.0567891
0.0568861
0.0569573
0.0571951
0.057346
0.0578771
0.0581903
0.0584761
0.0586476
0.0593155
0.0599269
0.060518
0.0605437
0.0607681
0.0612182
0.0627077
0.062822
0.0630795
0.063488
0.0636659
0.0639264
0.0648761
0.0656383
0.0663218
0.0673401
0.0674263
0.0676315
0.0677369
0.0677369
0.068526
0.0689037
0.0691037
0.0694637
0.0702691
0.0705069
0.0706464
0.0713929
0.071398
0.0714847
0.0716794
0.0716897
0.0729288
0.0735348
0.0745434
0.0746659
0.0746993
0.0750638
0.0759417
0.0760341
0.077238
0.0775014
0.0776759
0.0779484
0.0793147
0.0803729
0.0805672
0.081626
0.0820951
0.0826515
0.0831324
0.0831947
0.0844452
0.0848536
0.0853242
0.0858369
0.0865351
0.0877039
0.087727
0.0879353
0.088199
0.0882457
0.0910913
0.0920302
0.0921234
0.0933707
0.0944644
0.0957213
0.0957763
0.0960799
0.0961261
0.0972195
0.0980969
0.0982898
0.0987557
0.0990786
0.0994728
0.100503
0.101286
0.102976
0.104679
0.105042
0.105708
0.106781
0.107677
0.110656
0.112309
0.115835
0.121892
0.122264
0.122835
0.123564
0.153116
0.17328
0.176866
0.180213
0.208812
0.301296
0.301386
0.301659
0.305437
0.359195
0.408163
0.413394
0.437637
0.460829
0.485437
0.592768
0.634921
0.690608
0.752445
0.906618
0.908265
0.938967
1.1236
1.3369
1.37741
1.41443
1.5674
1.60772
1.7331
1.91939
3.20513
4.04858
4.65116
4.80769
6.06061
6.06061
6.28931
13.1579
20
26.3158
29.4118
41.6667
43.4783
45.4545
47.619
50
50
52.6316
58.8235
71.4286
125
0.181812229180739
