qps
0
0
0
0
0
0
0
0
0
0
0
0
0
0
0
0
0
0
0
0
0
0
0
0
0
0
0
0
0
0
0
0
0
0
0
0
0
0
0
0
0
0
0
0
0
0
0
0
0
0
0
0
0
0
0
0
0
0
0
0
0
0
0
0
0
0
0
0
0
0
0
0
0
0
0
0
0
0
0
0
0
0
0
0
0
0
0
0
0
0
0
0
0
0
0
0
0
0
0
0
0
0
0
0
0
0
0
0
0
0
0
0
0
0
0
0
0
0
0
0
0
0
0
0
0
0
0
0
0
0
0
0
0
0
0
0
0
0
0
0
0
0
0
0
0
0
0
0
0
0
0
0
0
0
0
0
0
0
0
0
0
0
0
0
0
0
0
0
0
0
0
0
0
0
0
0
0
0
0
0
0
0
0
0
0
0
0
0
0
0
0
0
0
0
0
0
0
0
0
0
0
0
0
0
0
0
0
0
0
0
0
0
0
0
0
0
0.00570242467097
0.006178713097636
0.006181998021761
0.006231422571459
0.006483486559732
0.006655751234642
0.006662092030139
0.006664622848993
0.006664844942382
0.006665866762655
0.006678732910792
0.006678866729893
0.006735503512565
0.006739089414238
0.006739634442228
0.006856124232971
0.006858898735219
0.006908319689402
0.007953171724884
0.008313242996093
0.008313312106676
0.008328058896033
0.008330348291862
0.008330417687143
0.008330625879922
0.008330695279828
0.008331181111546
0.008333402778356
0.008333402778356
0.008337015515186
0.008337085021593
0.008337085021593
0.008337224037884
0.008816087596646
0.009420364944938
0.011070396652312
0.011102352588514
0.011102475852115
0.011107902161598
0.011108395725489
0.01111024698079
0.011111851901238
0.011119265238953
0.011122728182769
0.011266209258571
0.012536041118215
0.013134218579666
0.014164506579413
0.014916022791683
0.015225798593136
0.015290052291979
0.015313701168435
0.015323087295628
0.015368773725545
0.016599990040006
0.016608260948996
0.016624551137119
0.016629250852249
0.016633123201544
0.016639488834903
0.016645028130098
0.016651402880693
0.016653898677681
0.016657227571043
0.016658060002332
0.016658060002332
0.016658892516826
0.016659447572719
0.016660557795475
0.016660557795475
0.016661112962346
0.016661390559656
0.016661945782029
0.016674170043186
0.01703664582517
0.017037806893497
0.017094601524839
0.018571481632805
0.018583215639634
0.01859012492564
0.019783959165908
0.020308692120228
0.021161334010496
0.021887106305675
0.022025946565054
0.023296990028888
0.023306763622803
0.02331219694144
0.023325247247621
0.024516413738998
0.024541081770885
0.024567006510257
0.026718679028509
0.028570612268221
0.028679591602616
0.028708408692906
0.028792721200081
0.029592803030303
0.029604191953581
0.029616466755516
0.030980853832332
0.031982601464803
0.032008194097689
0.033114775812968
0.033231423634189
0.033413525795242
0.03371657844162
0.034922297887201
0.035061884225658
0.035847433323774
0.03759681179036
0.037618026558327
0.037622272385252
0.037653437758867
0.043395243881271
0.054442508710801
0.05546004104043
0.059530896535302
0.060650169820476
0.062030891383909
0.062123377026775
0.062429766512673
0.064487005868318
0.659630606860158
0.665335994677312
0.670241286863271
0.675219446320054
0.679809653297077
0.681663258350375
0.687285223367698
0.688231245698555
0.689179875947622
0.829187396351575
1.34228187919463
1.37551581843191
1.41442715700141
1.82481751824818
1.88323917137476
1.96850393700787
1.98807157057654
1.99203187250996
2.01612903225806
2.09205020920502
2.13675213675214
2.14132762312634
2.24719101123596
2.34741784037559
2.36406619385343
2.40963855421687
2.710027100271
3.32225913621262
4.50450450450451
5.0761421319797
5.15463917525773
5.68181818181818
5.95238095238095
6.02409638554217
6.13496932515337
6.2111801242236
6.25
6.25
6.71140939597315
7.14285714285714
10.989010989011
12.3456790123457
13.5135135135135
16.3934426229508
16.3934426229508
16.6666666666667
17.5438596491228
17.8571428571429
18.8679245283019
20.4081632653061
21.2765957446808
22.2222222222222
22.2222222222222
22.7272727272727
22.7272727272727
23.8095238095238
25
25
25
32.258064516129
32.258064516129
32.258064516129
34.4827586206897
40
41.6666666666667
43.4782608695652
43.4782608695652
45.4545454545455
45.4545454545455
45.4545454545455
45.4545454545455
47.6190476190476
47.6190476190476
47.6190476190476
47.6190476190476
47.6190476190476
50
52.6315789473684
52.6315789473684
52.6315789473684
52.6315789473684
55.5555555555556
55.5555555555556
55.5555555555556
58.8235294117647
58.8235294117647
62.5
62.5
62.5
62.5
66.6666666666667
66.6666666666667
66.6666666666667
66.6666666666667
66.6666666666667
76.9230769230769
76.9230769230769
76.9230769230769
76.9230769230769
76.9230769230769
76.9230769230769
76.9230769230769
76.9230769230769
83.3333333333333
83.3333333333333
83.3333333333333
83.3333333333333
83.3333333333333
83.3333333333333
90.9090909090909
90.9090909090909
90.9090909090909
90.9090909090909
90.9090909090909
90.9090909090909
90.9090909090909
90.9090909090909
90.9090909090909
100
100
100
100
100
100
100
100
100
100
111.111111111111
111.111111111111
111.111111111111
111.111111111111
111.111111111111
111.111111111111
111.111111111111
111.111111111111
111.111111111111
111.111111111111
111.111111111111
111.111111111111
111.111111111111
111.111111111111
111.111111111111
111.111111111111
111.111111111111
111.111111111111
125
125
125
125
125
125
125
125
125
125
125
125
125
125
125
125
125
125
125
125
125
125
125
125
142.857142857143
142.857142857143
142.857142857143
142.857142857143
142.857142857143
142.857142857143
142.857142857143
142.857142857143
142.857142857143
142.857142857143
142.857142857143
166.666666666667
166.666666666667
23.324348385717
