qps
0.653851183470642
0.019828287034283
70.4225352112676
58.1395348837209
11.9904076738609
50
0.007638446849141
7.2202166064982
83.3333333333333
48.1927710843373
45.9770114942529
0
1.05401844532279
0.092695587690026
74.0740740740741
67.7966101694915
0.863930885529157
0
14.5772594752187
4.32152117545376
0.773754255648406
39.6825396825397
52.6315789473684
0
0.01341471594339
70.1754385964912
74.0740740740741
33.3333333333333
66.6666666666667
0.637551801083838
0.071941152137552
0.981113563895021
0.714540907466953
23.6686390532544
59.7014925373134
4.65116279069768
81.9672131147541
75.7575757575758
4.42086648983201
37.3134328358209
76.9230769230769
96.1538461538462
37.8787878787879
62.5
0.757575757575758
2.00240288346015
75.7575757575758
78.125
49.0196078431373
68.4931506849315
34.2716918435139
