qps
0.10792919844582
0.011220280282602
63.8297872340426
96.7741935483871
55.5555555555556
0.244678248103744
96.7741935483871
83.3333333333333
56.6037735849057
83.3333333333333
3.38600451467269
75
90.9090909090909
38.4615384615385
96.7741935483871
88.2352941176471
24
4.17827298050139
0
41.6666666666667
2.9806259314456
83.3333333333333
85.7142857142857
117.647058823529
0.130639261452709
103.448275862069
71.4285714285714
0.048686676890869
88.2352941176471
12.1951219512195
0.228206298493838
0.122349102773246
0
81.0810810810811
0.082083834956769
0.076950700251372
42.8571428571429
75
0.02089034657085
81.0810810810811
54.5454545454546
0.706048481995764
0
15.2284263959391
2.7027027027027
0.179831857213505
40.8163265306122
85.7142857142857
0
0
0.097443726248092
0.013265766363323
88.2352941176471
102.564102564103
58.8235294117647
0.302961448155722
108.108108108108
93.75
55.5555555555556
85.7142857142857
3.87596899224806
108.108108108108
75.4716981132076
95.2380952380952
50
81.6326530612245
4.18410041841004
0
27.027027027027
40.5405405405405
3.38600451467269
73.1707317073171
81.0810810810811
90.9090909090909
0.162700833841773
115.384615384615
63.4920634920635
0.055559671086747
0.227998176014592
14.336917562724
93.0232558139535
88.8888888888889
0
0.14966139110263
37.5
0.101734574495142
0.104098893949252
0.019354838709678
74.0740740740741
75
73.1707317073171
0.657246138678935
0
15.4639175257732
3.91389432485323
0.158286287131325
54.5454545454546
66.6666666666667
0
0
41.4967058060893
