qps
0.041464527097069
0.003562217694248
62.5
117.647058823529
51.2820512820513
0.124921923797627
120
100
88.2352941176471
73.1707317073171
3.05343511450382
100
103.448275862069
38.4615384615385
111.111111111111
120
25.974025974026
3.83631713554987
0
35.2941176470588
1.91082802547771
90.9090909090909
103.448275862069
111.111111111111
0.0676147760824
130.434782608696
93.75
0.039719842709423
111.111111111111
4.50450450450451
0.118389897395422
0.070808992742078
0
93.75
0.046502976190476
0.048098505739755
45.4545454545455
68.9655172413793
0.009860992870502
111.111111111111
62.5
0.674081563869228
0
15.3846153846154
2.52525252525252
0.086031372773938
35.2941176470588
100
0
0
0.03997494903194
0.008747758386913
50
130.434782608696
57.6923076923077
0.150262960180315
130.434782608696
100
71.4285714285714
96.7741935483871
3.58851674641148
111.111111111111
107.142857142857
130.434782608696
43.4782608695652
93.75
3.79746835443038
0
37.9746835443038
37.037037037037
3.46420323325635
88.2352941176471
103.448275862069
115.384615384615
0.093594983308895
71.4285714285714
81.0810810810811
0.047406096424
0.137598899208806
6.43776824034335
38.961038961039
90.9090909090909
0
0.081386831610645
43.4782608695652
0.052874616659029
0.058289777915946
0.011121326255227
93.75
86.9565217391304
90.9090909090909
0.65459306131355
0
15.8730158730159
3.71287128712871
0.073365777310411
35.7142857142857
83.3333333333333
0
0
0.045211363122598
0.008891786952785
83.3333333333333
117.647058823529
55.5555555555556
0.129743756081739
120
111.111111111111
75
96.7741935483871
2.38379022646007
83.3333333333333
90.9090909090909
46.5116279069768
130.434782608696
107.142857142857
20.4081632653061
3.71287128712871
0
28.8461538461538
1.82926829268293
85.7142857142857
93.75
125
0.073711884812895
76.9230769230769
142.857142857143
0.037026066350711
105.263157894737
4.76947535771065
0.115982370679657
0.070663887220436
0
75
0.047620181432891
0.0502319039566
35.7142857142857
100
0.011742188509094
115.384615384615
93.75
0.653310104529617
0
15.9574468085106
2.35849056603774
0.089073634204276
29.7029702970297
96.7741935483871
0
0
0.040493480549632
0.008746100696773
68.9655172413793
111.111111111111
66.6666666666667
0.149955013495951
130.434782608696
103.448275862069
47.6190476190476
107.142857142857
3.51699882766706
111.111111111111
103.448275862069
111.111111111111
41.0958904109589
88.2352941176471
3.91134289439374
0
28.5714285714286
40
3.43642611683849
88.2352941176471
107.142857142857
125
0.091547146780592
73.1707317073171
83.3333333333333
0.047106854047264
0.13798813302056
6.72645739910314
41.6666666666667
96.7741935483871
0
0.081606006202057
45.4545454545455
0.052923120347176
0.05909816204716
0.011090860022256
93.75
86.9565217391304
83.3333333333333
0.651890482398957
0
15.7894736842105
3.67647058823529
0.073777143840838
38.4615384615385
93.75
0
0
46.133575439712
