qps
0
0
0
0
0
0
0
0
0
0
0
0
0
0
0
0
0
0
0
0
0
0
0
0
0
0
0
0
0
0
0
0
0
0
0
0
0
0
0
0
0.002897123156705
0.003825254714148
0.003831138729365
0.003859275382454
0.003869594659959
0.004085568139105
0.004088365941459
0.006247149737932
0.007171389026341
0.007176561350629
0.007176947644167
0.007178647829895
0.007318474390828
0.008216386761758
0.008220371725209
0.009331027532752
0.020295914432425
0.020570629255549
0.02064153903315
0.021014142517915
0.021019884811031
0.021053518042865
0.021073261192536
0.021118432167596
0.021119175507388
0.025053238131029
0.025735388733047
0.025991916513964
0.026084688287975
0.026169447170429
0.026334500829537
0.028095412019217
0.028199199142744
0.028394033467101
0.028477858465044
0.028881700554529
0.028951520678624
0.030736130321193
0.031429738818871
0.033182904167773
0.034290025031718
0.034320623262519
0.034341052438787
0.034789264033119
0.034977672585666
0.035014005602241
0.035723216518415
0.036503677745533
0.038216560509554
0.038996997231213
0.039158867525551
0.04075367122655
0.041251856333535
0.041402724299259
0.041757140471021
0.041993868895141
0.042019455007669
0.042171850289932
0.043066940380999
0.043848110146453
0.04403734366743
0.044638871529328
0.044957964303376
0.046742077217912
0.046820132657043
0.048310734645238
0.049515572647598
0.049639287841684
0.049641752022901
0.051746442432083
0.051756262507764
0.051814366396656
0.061498723901479
0.064133397466731
0.072830559702851
0.073110103816348
0.073118122326619
0.073126142595978
0.075970523436907
0.076822616578321
0.078141279433215
0.081168831168831
0.081201786439302
0.081456441168085
0.081589360747359
0.081614886555308
0.081917972803233
0.082349711776009
0.569476082004556
0.641299700726806
0.641299700726806
0.641985876310721
0.650054171180932
0.659630606860158
0.684150513112885
0.685871056241427
1.81378476420798
1.953125
2.02429149797571
2.21975582685904
2.24382946896036
2.24466891133558
2.25903614457831
2.27272727272727
2.5974025974026
2.63157894736842
2.67022696929239
2.79329608938547
2.80504908835905
2.9126213592233
2.9382957884427
2.95566502463054
2.95857988165681
3.07377049180328
3.1055900621118
3.14465408805031
3.16455696202532
3.18471337579618
3.2
3.27510917030568
3.28947368421053
3.34448160535117
3.6101083032491
3.6144578313253
3.64963503649635
3.80228136882129
3.85356454720617
3.86847195357834
4.00801603206413
4.0983606557377
4.67289719626168
4.7244094488189
4.95049504950495
5.20833333333333
5.26315789473684
5.37634408602151
11.9047619047619
12.4223602484472
13.4228187919463
13.6054421768708
14.0845070422535
14.1843971631206
16.1290322580645
16.260162601626
16.5745856353591
16.8067226890756
19.8019801980198
19.8675496688742
20.4081632653061
21.1267605633803
24.6913580246914
24.7933884297521
25.8620689655172
27.027027027027
27.7777777777778
28.169014084507
29.4117647058823
30.3030303030303
30.7692307692308
30.9278350515464
31.25
31.25
31.25
31.7460317460317
32.258064516129
32.6086956521739
32.7868852459016
32.7868852459016
33.7078651685393
34.0909090909091
34.4827586206897
35.2941176470588
35.7142857142857
35.7142857142857
36.144578313253
36.3636363636364
36.3636363636364
37.7358490566038
37.9746835443038
38.4615384615385
39.2156862745098
40.5405405405405
40.5405405405405
40.8163265306122
41.0958904109589
41.0958904109589
41.6666666666667
42.2535211267606
42.8571428571429
44.1176470588235
44.4444444444444
45.4545454545455
46.1538461538462
46.1538461538462
47.6190476190476
48.7804878048781
50
51.2820512820513
51.2820512820513
52.6315789473684
53.5714285714286
54.0540540540541
58.8235294117647
60
62.5
62.5
62.5
62.5
62.5
63.8297872340426
63.8297872340426
63.8297872340426
63.8297872340426
64.5161290322581
64.5161290322581
65.2173913043478
65.2173913043478
66.6666666666667
66.6666666666667
71.4285714285714
71.4285714285714
71.4285714285714
73.1707317073171
74.0740740740741
74.0740740740741
74.0740740740741
74.0740740740741
76.9230769230769
76.9230769230769
76.9230769230769
76.9230769230769
78.9473684210526
78.9473684210526
78.9473684210526
80
80
80
80
80
81.0810810810811
81.0810810810811
83.3333333333333
83.3333333333333
83.3333333333333
83.3333333333333
85.7142857142857
85.7142857142857
86.9565217391304
86.9565217391304
86.9565217391304
86.9565217391304
86.9565217391304
86.9565217391304
88.2352941176471
90.9090909090909
90.9090909090909
90.9090909090909
90.9090909090909
90.9090909090909
90.9090909090909
90.9090909090909
93.75
93.75
93.75
93.75
93.75
95.2380952380952
95.2380952380952
95.2380952380952
95.2380952380952
95.2380952380952
95.2380952380952
95.2380952380952
96.7741935483871
96.7741935483871
96.7741935483871
100
100
100
100
100
100
100
100
100
100
103.448275862069
103.448275862069
103.448275862069
103.448275862069
103.448275862069
105.263157894737
105.263157894737
105.263157894737
105.263157894737
105.263157894737
105.263157894737
105.263157894737
105.263157894737
107.142857142857
107.142857142857
111.111111111111
111.111111111111
111.111111111111
111.111111111111
111.111111111111
111.111111111111
111.111111111111
111.111111111111
111.111111111111
111.111111111111
111.111111111111
111.111111111111
111.111111111111
111.111111111111
115.384615384615
115.384615384615
115.384615384615
115.384615384615
115.384615384615
115.384615384615
117.647058823529
117.647058823529
117.647058823529
117.647058823529
117.647058823529
117.647058823529
117.647058823529
120
120
120
120
125
125
125
125
125
125
125
125
130.434782608696
130.434782608696
130.434782608696
130.434782608696
133.333333333333
133.333333333333
133.333333333333
133.333333333333
133.333333333333
133.333333333333
133.333333333333
133.333333333333
133.333333333333
142.857142857143
142.857142857143
142.857142857143
142.857142857143
142.857142857143
150
153.846153846154
90.7590012425525
