"o"
9.92235
33.2165
32.5945
37.6395
161.745
97.2471
28.163
127.837
129.746
34.9667
73.5819
69.8598
102.538
3.96086
186.177
11.3488
1.40802
2.17488
7.51228
162.588
0.745233
6.29964
2.89705
4.05045
22.5371
145.712
18.6107
173.032
178.401
175.007
173.989
171.249
166.946
17.8523
69.0652
34.4034
167.93
4.75396
160.537
0.744632
69.9145
90.154
77.1816
112.197
164.872
32.9416
32.5146
37.4459
157.853
95.9653
28.1007
127.974
130.255
35.0199
74.5729
70.4275
102.59
3.97767
182.987
11.2431
1.40312
2.17848
7.53319
163.611
0.746434
6.24158
2.9189
9.94165
4.02305
22.2636
145.996
18.6177
177.395
183.548
177.659
176.193
172.982
170.273
17.8609
68.2052
34.4987
169.022
4.75505
161.273
0.745251
68.7076
89.398
76.9231
110.946
164.963
