"o"
0.375795
1.34922
1.31234
1.67537
84.3672
11.5176
1.37363
18.5894
19.9317
2.48297
6.16958
5.09387
9.71413
0.088839
146.444
6.33599
0.211439
0.218905
0.340189
146.444
0.0404257
3.58864
0.370484
0.0956757
0.759186
31.617
0.571569
117.45
136.187
143.443
141.129
138.889
130.112
1.07408
5.51411
3.09515
136.187
0.181574
130.597
0.0413837
5.75004
7.14136
7.86491
20.0
51.7504
1.24471
1.25457
1.81024
91.6442
11.7484
1.49339
20.2261
22.3357
2.69107
6.8346
5.82072
10.4105
0.088359
172.414
6.41496
0.218985
0.212076
0.329294
148.936
0.0403342
3.59527
0.358034
0.354326
0.0975632
0.731988
32.4675
0.54256
117.845
132.576
138.34
130.597
134.615
137.255
1.04397
6.20551
2.98329
129.151
0.183176
141.7
0.0414028
6.16836
7.46596
8.28258
21.7114
51.7504
1.22859
1.23001
1.91441
93.4066
12.4042
1.49713
21.9849
22.5661
2.88137
6.8857
5.37634
11.4829
0.0889291
162.791
6.37407
0.215693
0.203293
0.324251
147.059
0.0405487
3.71471
0.34598
0.330073
0.0999574
0.706343
29.7114
0.526221
102.041
144.033
141.7
144.628
129.63
137.255
1.03722
6.55611
3.11001
127.737
0.195336
126.812
0.0412022
6.41994
8.01698
8.5902
22.6064
55.6465
1.33941
1.32255
1.61897
86.7347
11.122
1.28661
19.0528
21.5252
2.36391
5.74147
5.10874
9.87863
0.0899178
164.319
6.44567
0.204353
0.221133
0.349745
154.867
0.0404314
3.64204
0.368483
0.380886
0.0950714
0.773327
35.2823
0.576682
124.555
146.444
152.174
146.444
145.228
146.444
1.1237
5.89971
3.1489
134.615
0.181686
143.443
0.0411478
5.77838
6.91901
7.42845
19.802
52.4691
1.23784
1.22386
1.8741
82.1256
12.3367
1.53319
19.1874
23.8429
2.84183
6.92658
5.91516
11.3086
0.0892813
164.319
6.50558
0.216419
0.201176
0.325433
138.34
0.0404153
3.70684
0.336118
0.336122
0.100404
0.704098
32.1101
0.527164
96.9529
131.579
133.08
123.239
138.34
132.075
1.07672
6.3994
3.18037
152.838
0.197755
128.676
0.0410786
6.57132
8.37645
8.41793
21.4646
59.754
1.31145
1.24281
1.75838
87.6289
12.2611
1.38923
20.8206
21.7949
2.6096
6.69856
5.30786
11.294
0.0875936
175.879
6.25894
0.214939
0.214533
0.333308
154.867
0.0403499
3.61757
0.365535
0.353525
0.0971345
0.733891
35.1406
0.552155
111.821
138.34
138.34
136.187
134.1
137.255
1.06906
5.96387
3.06051
138.889
0.182323
136.187
0.0416843
6.08556
7.26806
8.05115
21.879
54.4
1.47462
1.44039
1.61805
78.8863
10.6383
1.27065
18.0851
20.1541
2.25479
5.84502
4.85841
9.12885
0.0977613
151.515
6.36017
0.185493
0.208464
0.369381
141.7
0.0415207
3.61346
0.357606
0.387078
0.0905657
0.827717
38.5463
0.631575
119.454
145.833
160.55
152.174
144.628
154.867
1.22403
5.38827
3.47119
135.135
0.195097
137.795
0.0398099
5.33668
6.49971
7.53045
18.018
52.9595
1.3113
1.3219
1.75384
66.7976
11.7322
1.38623
19.9413
21.3166
2.64983
6.39386
5.5857
10.3858
0.0887006
166.667
6.24777
0.212258
0.216473
0.336247
152.174
0.0405106
3.59786
0.366251
0.363489
0.0948232
0.742564
37.234
0.562583
114.007
152.838
143.443
148.936
141.7
140.0
1.07709
5.93161
2.95683
130.112
0.182993
129.63
0.0414777
6.0423
7.96626
7.83591
20.5687
55.4649
1.38225
1.3798
1.70094
77.8032
11.0858
1.25545
17.4987
21.6147
2.3342
5.77642
4.84607
8.88424
0.0907482
165.877
6.23441
0.198948
0.222313
0.363863
154.867
0.0405749
3.59343
0.354581
0.38734
0.0928241
0.841225
37.4732
0.60747
121.528
146.444
150.862
155.556
153.509
144.628
1.13647
5.86308
3.12723
140.562
0.181026
136.187
0.0408181
6.05845
7.25566
7.98122
19.2525
48.7106
1.26122
1.24321
1.84013
87.4036
12.9032
1.48959
20.0708
22.8341
2.692
6.71539
5.18056
10.3564
0.087152
155.963
6.50921
0.216067
0.210521
0.331035
154.185
0.0404435
3.5707
0.354333
0.348481
0.0980647
0.715249
33.7838
0.551277
119.454
140.562
147.679
145.833
140.0
143.443
1.03166
6.29047
3.00946
133.08
0.185873
150.215
0.0415741
6.55611
7.86491
8.2846
22.9265
56.4784
1.29004
1.28171
1.80659
87.1795
12.5323
1.39333
19.2417
21.0006
2.59048
6.64452
5.36278
10.119
0.0878015
178.01
6.35555
0.214369
0.214833
0.329691
125.0
0.040338
3.63863
0.360754
0.361488
0.0976445
0.727273
36.3071
0.553194
101.744
144.628
148.305
145.833
116.667
146.444
1.06727
5.9576
2.97265
136.187
0.183849
149.573
0.0412773
5.92128
7.15789
8.42627
21.0396
54.1401
1.25809
1.25206
1.83595
85.213
11.8302
1.39602
19.1657
21.197
2.58811
6.14495
5.45396
10.0651
0.0885304
168.317
6.23396
0.218829
0.210845
0.330932
150.215
0.0403025
3.70606
0.358273
0.358203
0.0982035
0.719025
35.3893
0.541176
120.275
145.228
138.34
145.833
138.889
133.588
1.01582
6.05413
2.94638
138.889
0.186414
135.659
0.0413786
5.88541
7.64388
8.07793
20.3228
49.4186
1.34367
1.33557
1.69272
91.1528
11.1111
1.31788
18.6506
20.6939
2.47507
5.94302
5.07983
9.70067
0.0892468
152.838
6.42202
0.210526
0.218653
0.344753
140.562
0.0404173
3.69043
0.365528
0.376364
0.0947033
0.761714
35.7873
0.580402
114.379
159.817
151.515
120.69
127.737
141.129
1.08396
5.51232
3.23475
130.597
0.180271
111.821
0.0412269
5.48034
7.29301
8.06069
19.6987
52.1472
1.35146
1.36489
1.68911
83.9506
10.2719
1.27551
20.3228
19.5066
2.36917
5.90278
4.81166
9.65251
0.0892953
132.075
6.38803
0.20788
0.220357
0.353303
153.509
0.0404171
3.56524
0.371302
0.385034
0.0951286
0.784665
31.6742
0.58214
115.512
138.34
147.059
143.443
150.862
147.679
1.06325
5.64596
3.18327
136.719
0.1794
134.1
0.041145
5.86005
7.19424
7.75371
19.1982
48.9914
1.43684
1.37438
1.65257
75.0552
10.9536
1.28934
18.8366
19.1765
2.30696
5.86611
4.87176
9.1647
0.0927828
148.305
6.36943
0.193152
0.218693
0.372705
144.628
0.0408994
3.68887
0.354011
0.389252
0.092289
0.844962
41.4201
0.625995
112.179
150.862
144.628
153.509
154.185
145.228
1.15086
5.79019
3.26767
141.7
0.185122
140.562
0.0404008
5.78723
6.98869
7.715
19.1982
48.7106
1.25619
1.23666
1.94541
88.0829
13.0019
1.50243
19.883
23.8429
2.74792
6.58022
5.55919
11.048
0.0883654
166.667
6.46711
0.216748
0.207869
0.324236
144.033
0.0405395
3.67377
0.346185
0.34255
0.0988476
0.722767
35.1053
0.539665
102.041
128.205
143.443
144.628
131.579
134.615
1.06325
6.30915
3.05224
141.129
0.190024
148.305
0.0411848
6.41994
7.85219
8.75161
22.8648
56.6667
1.14263
1.17028
2.0475
90.6736
13.1827
1.57565
22.0403
22.3214
2.90456
6.63885
5.55732
11.371
0.0931188
173.267
6.45637
0.204515
0.191101
0.319361
149.573
0.0398626
3.63184
0.311045
0.321183
0.1062
0.729699
34.4488
0.596811
105.105
161.29
153.509
153.509
155.556
155.556
1.23439
6.72335
3.51653
152.838
0.222479
147.059
0.0396915
6.99732
8.57936
9.69529
23.9071
51.0949
1.30368
1.25904
1.74677
80.6452
12.5448
1.41924
20.6004
21.3025
2.5436
6.2769
5.6
10.1127
0.0880991
148.305
6.31427
0.215206
0.215697
0.335336
156.951
0.0404266
3.70723
0.36791
0.35568
0.0965292
0.739489
33.9806
0.552268
123.675
156.25
145.833
154.185
148.305
141.7
1.06048
5.9733
3.06883
140.0
0.180451
144.033
0.0416628
5.83391
7.87949
8.14332
20.1497
52.2388
1.24215
1.29875
1.8316
85.9951
11.7371
1.43672
20.4559
22.5515
2.59471
6.53229
5.25604
10.282
0.0883953
168.269
6.44211
0.21445
0.213092
0.33244
147.059
0.0405953
3.57289
0.360661
0.353015
0.09662
0.735851
32.2581
0.558579
125.899
118.243
142.276
141.7
145.833
138.889
1.08158
5.79908
3.02297
139.442
0.182032
145.833
0.0415141
6.22483
7.4382
8.10102
20.0458
52.7108
1.19929
1.15847
2.04942
98.8701
13.4357
1.55417
23.6806
24.1379
2.87711
7.18243
5.64607
10.9959
0.0901343
170.732
6.28141
0.212025
0.194651
0.320627
150.862
0.0404902
3.57398
0.322801
0.318419
0.102591
0.686867
33.7512
0.552294
122.807
152.838
150.215
144.033
140.0
142.276
1.11093
6.87007
3.20395
142.276
0.210344
152.174
0.0406441
7.45287
8.09524
9.79827
22.3928
57.8512
1.25921
1.26291
1.78162
87.5
11.5512
1.44027
20.7592
22.537
2.57789
6.779
5.18135
10.0172
0.08878
165.094
6.2178
0.217167
0.207776
0.329424
155.556
0.0403894
3.62281
0.356172
0.353307
0.0986955
0.710559
32.7409
0.556492
108.025
142.276
145.833
142.857
140.562
130.597
1.09153
6.33501
3.00868
140.562
0.186514
135.659
0.0411202
6.33255
7.54636
8.91266
21.3806
55.8214
1.18056
1.20401
1.96884
95.8904
13.624
1.59113
20.8582
24.7175
2.88066
6.63507
5.66435
11.5741
0.0895802
169.082
6.31427
0.214408
0.196591
0.318808
153.509
0.0405134
3.60936
0.327403
0.322373
0.101332
0.706286
32.5279
0.546457
118.243
144.628
135.135
140.0
147.059
140.562
1.09776
6.69028
3.19752
136.187
0.205109
136.719
0.0408795
6.53107
8.6548
8.82947
23.225
56.4516
1.18269
1.20214
2.0209
91.8635
12.8111
1.57162
22.0681
24.2382
2.77756
7.00701
5.67261
10.52
0.0941567
151.515
6.44449
0.198259
0.190808
0.323015
154.867
0.0394754
3.50912
0.304512
0.335304
0.109252
0.780762
36.7647
0.611856
125.448
157.658
131.086
137.255
125.899
148.305
1.23075
7.04371
3.69549
136.187
0.223903
150.862
0.0391953
6.74202
8.115
9.22509
25.0358
59.9315
1.33166
1.28102
1.77683
91.1458
11.6202
1.4288
22.2222
22.6537
2.62172
6.29044
5.50228
10.3306
0.087698
162.791
6.30858
0.214545
0.215451
0.330182
149.573
0.0404485
3.58717
0.365047
0.350768
0.0965618
0.719883
38.0435
0.567114
106.707
141.129
147.059
137.795
142.276
144.033
1.07073
6.02837
3.06292
149.573
0.185442
149.573
0.0415694
5.855
7.75194
8.05153
21.0843
52.7903
1.27882
1.22446
1.82541
90.4393
12.6172
1.53133
20.3252
23.6327
2.73651
6.38919
5.66343
10.917
0.0881261
170.732
6.44211
0.219046
0.211072
0.326858
147.059
0.0406128
3.62958
0.360602
0.347157
0.096994
0.731865
34.0467
0.551929
118.243
142.857
133.588
143.443
146.444
136.719
1.05724
6.13165
2.95458
145.833
0.185078
147.059
0.0414853
6.44794
7.4252
8.42627
20.7697
53.4591
1.32671
1.29127
1.7701
89.4737
10.4415
1.39609
20.6125
23.0567
2.68962
6.49833
5.29181
10.3214
0.0884742
167.464
6.40439
0.215096
0.215117
0.329402
152.174
0.0404892
3.62882
0.365242
0.359968
0.0957453
0.741714
34.0798
0.551842
100.575
147.679
154.867
137.795
147.059
153.509
1.06769
5.82491
3.03793
143.443
0.181669
131.579
0.0415454
6.03586
7.22328
8.34971
20.3349
50.6706
1.34984
1.3344
1.63532
82.1256
11.3636
1.3413
19.4121
21.5916
2.48174
5.92116
5.12896
10.3397
0.0888896
165.877
6.39854
0.213793
0.217887
0.339865
142.276
0.0403954
3.64469
0.374865
0.370665
0.0962764
0.771588
33.1754
0.551042
117.45
148.305
150.215
148.305
151.515
142.857
1.09218
5.46448
3.05677
117.057
0.179693
135.659
0.0413767
5.67613
7.08481
7.59437
18.5691
46.5753
1.28238
1.26601
1.7801
91.1528
12.0354
1.44039
20.5038
22.2081
2.6449
6.46592
5.50921
10.5932
0.0887279
162.037
6.42438
0.215605
0.212413
0.33143
147.059
0.0405749
3.55944
0.35581
0.350494
0.0963937
0.730521
34.4488
0.566123
114.379
145.228
154.185
149.573
137.255
148.936
1.09519
6.06818
3.05837
128.676
0.185775
146.444
0.0414687
6.03693
7.74664
8.0132
20.5438
49.9266
1.14997
1.16184
2.13819
102.339
12.9342
1.56958
22.0126
24.3563
2.92202
6.94444
5.81879
11.2432
0.0919729
156.951
6.29044
0.207527
0.191818
0.321234
150.862
0.040215
3.58313
0.307744
0.316992
0.105473
0.702332
34.3474
0.584483
132.075
152.838
152.838
153.509
158.371
147.059
1.14596
6.86453
3.3787
139.442
0.219059
150.862
0.0399809
6.93029
8.51917
9.82091
21.753
59.5238
1.19265
1.17533
1.99067
86.8486
12.8252
1.57587
20.5882
24.2382
2.89687
7.03518
6.14035
11.8363
0.0904085
162.791
6.31199
0.212917
0.193539
0.323284
150.862
0.040489
3.72578
0.320091
0.31763
0.102836
0.691317
31.2779
0.542888
119.863
151.515
150.215
154.185
151.515
144.628
1.109
7.00453
3.25218
144.628
0.212426
153.509
0.0404898
7.21868
8.71571
9.2091
23.2717
52.7132
1.21429
1.20209
1.9674
83.9329
13.4048
1.57885
22.6244
22.3214
2.78131
6.73725
5.87544
11.0724
0.089296
165.877
6.38919
0.215961
0.198725
0.319122
159.091
0.0405156
3.63825
0.332103
0.318052
0.102491
0.705432
31.9927
0.550912
119.454
147.059
133.08
137.255
141.7
139.442
1.07619
6.79728
3.18095
136.719
0.202849
155.556
0.0406656
6.77021
8.07601
8.92857
22.7425
58.8235
1.28648
1.24978
1.86547
91.623
12.8158
1.4818
21.6049
24.1379
2.76243
6.50195
5.31592
10.3093
0.0879792
171.569
6.30403
0.21779
0.210596
0.32343
144.628
0.0404824
3.61346
0.352322
0.345485
0.0976156
0.725735
33.3651
0.552792
118.644
137.255
140.562
142.857
141.7
142.276
1.06487
6.11291
2.98177
140.0
0.186222
141.129
0.0415774
5.90483
7.5707
8.54057
21.4511
61.8182
1.41266
1.45985
1.49432
81.5851
10.101
1.16678
16.4939
19.8977
2.14527
5.10278
4.49006
8.27423
0.102186
143.443
6.1925
0.187864
0.207247
0.352067
147.679
0.0369373
3.49219
0.339511
0.364197
0.0926333
0.809427
35.2332
0.639518
123.239
169.903
162.791
165.877
163.551
155.556
1.30025
4.8463
4.00641
149.573
0.246304
147.059
0.0422533
4.93444
6.50195
7.10516
16.0183
44.586
1.38768
1.36049
1.65979
80.0915
10.4571
1.25009
18.1818
20.7101
2.36839
5.63698
4.8011
8.79397
0.102983
138.34
6.39153
0.197743
0.20466
0.344153
147.679
0.0365891
3.58991
0.343427
0.381119
0.088984
0.872197
42.3412
0.700266
143.46
147.679
165.094
154.867
165.094
155.556
1.4491
5.61167
4.27455
172.414
0.251491
130.597
0.0415467
5.33618
6.70755
7.68218
18.1724
45.5137
1.44976
1.46181
1.50253
74.31
9.19118
1.14211
16.7384
17.4303
2.13467
5.14177
4.26413
8.07196
0.102934
148.936
6.20128
0.181038
0.206845
0.352705
145.228
0.0372624
3.53173
0.335739
0.366111
0.0947418
0.777534
37.7778
0.627248
122.744
141.129
160.55
153.509
150.862
150.215
1.2604
4.87329
3.62019
141.129
0.237573
158.371
0.042389
4.91573
6.58514
6.60253
18.0785
45.3368
1.44688
1.40371
1.52081
78.8288
10.2639
1.21427
19.1991
18.2768
2.186
5.62791
4.8672
8.97896
0.103158
155.556
6.46831
0.194434
0.206998
0.34044
141.7
0.0369151
3.68085
0.338625
0.362717
0.0895475
0.837109
40.38
0.689096
114.865
169.154
154.867
155.556
142.857
158.371
1.39821
5.22544
4.0974
161.29
0.252449
145.228
0.0419068
4.99144
6.64011
7.38241
18.3824
43.8048
1.38149
1.38263
1.88031
91.3838
12.2164
1.5143
22.9659
24.055
2.62881
6.35093
5.28142
10.3184
0.0970564
169.903
6.36595
0.199965
0.197304
0.323272
144.628
0.0364582
3.56319
0.372913
0.429689
0.0935831
0.965415
48.3425
0.74269
144.628
175.0
165.877
162.791
155.556
149.573
1.46284
6.22112
4.17611
156.951
0.234385
145.228
0.040554
6.41143
8.71948
8.37922
21.8887
55.6439
1.34398
1.38209
1.82121
85.9951
11.6861
1.45591
21.4067
22.0403
2.59509
6.35901
5.42552
9.77381
0.100716
155.556
6.50195
0.201541
0.200972
0.332128
150.215
0.0365404
3.60131
0.347865
0.417188
0.0895507
0.948185
48.3642
0.763692
122.807
158.371
169.082
143.443
154.867
146.444
1.539
6.38919
4.2605
167.464
0.245153
161.29
0.0407769
6.26006
7.32371
8.81168
21.3545
53.8462
1.40404
1.31817
1.59026
83.5322
10.7858
1.31544
19.7852
19.8188
2.45287
5.97474
5.1691
9.81217
0.103702
158.371
6.33714
0.198461
0.205793
0.34612
159.817
0.0367632
3.66143
0.338016
0.367452
0.0887482
0.855669
43.7018
0.719232
137.255
129.63
156.25
159.091
150.215
154.185
1.48469
5.28142
4.19262
164.319
0.250265
138.889
0.041406
5.60808
6.59134
7.29775
17.9028
49.7159
1.38806
1.34963
1.74529
81.9672
12.1024
1.39453
21.1353
21.021
2.47946
6.16523
5.24895
9.67653
0.100888
166.667
6.32225
0.200319
0.202063
0.33441
144.628
0.0365245
3.57895
0.354802
0.395524
0.0899637
0.909577
43.7018
0.734881
124.113
161.29
161.29
152.838
162.037
166.667
1.47798
5.75185
4.20118
136.187
0.246177
150.862
0.0409236
5.90319
7.22991
7.47863
19.5531
59.6252
1.35864
1.35125
1.78608
85.5746
12.2335
1.40947
20.3252
22.9659
2.49661
6.35555
5.38876
10.1508
0.101769
159.817
6.32911
0.201355
0.204359
0.335419
139.442
0.0364296
3.64846
0.348354
0.393305
0.0893587
0.904496
41.6157
0.746514
147.826
140.496
170.854
164.251
161.905
150.215
1.44796
5.50574
4.31406
154.867
0.24602
156.25
0.0409499
6.03552
7.3406
8.49102
20.3963
51.0204
1.40489
1.40129
1.51234
73.5294
9.85638
1.21921
17.0399
19.4444
2.18928
5.7255
4.54723
8.66122
0.10369
154.185
6.17175
0.193215
0.206568
0.345822
151.515
0.0369022
3.54019
0.344353
0.363535
0.0906477
0.824782
42.6065
0.672548
112.211
164.251
165.854
137.652
153.846
147.059
1.4433
5.16987
4.07735
163.551
0.249243
148.305
0.0419426
4.90333
6.14251
7.0014
17.301
45.045
1.37942
1.3937
1.62707
82.5472
10.5804
1.3016
20.1613
21.1098
2.28013
5.74241
5.03887
9.25681
0.102574
159.817
6.41026
0.197414
0.206402
0.348377
159.091
0.0367308
3.63093
0.339308
0.378543
0.0884401
0.856121
41.6667
0.707714
150.442
144.068
151.786
125.461
157.407
155.251
1.43932
5.24895
4.23524
165.877
0.25215
144.033
0.0416043
5.20369
6.88841
7.26292
16.4628
49.3653
1.45998
1.43161
1.47455
79.3651
9.52122
1.14003
16.4319
17.2669
2.01207
5.10651
4.19765
8.34327
0.102779
138.889
6.01478
0.178049
0.202908
0.349654
155.556
0.0375491
3.60437
0.330091
0.366462
0.095755
0.806949
37.0774
0.615006
127.341
131.274
151.786
149.123
140.496
151.786
1.23876
4.93375
3.63221
155.556
0.23733
155.556
0.04258
5.20833
6.15655
6.85334
15.8443
45.8115
1.40993
1.40118
1.50479
79.0068
10.2339
1.22755
17.9303
19.4229
2.25646
5.65154
4.67789
9.4518
0.103596
163.551
6.40439
0.193617
0.206927
0.344807
145.833
0.0368912
3.61088
0.339125
0.363664
0.0901186
0.84294
39.1705
0.701552
149.123
170.0
147.059
149.573
168.269
162.037
1.45198
5.13347
4.13565
157.658
0.249453
142.276
0.0417755
5.22778
6.71656
6.87218
18.4697
51.5464
1.33992
1.3489
1.70582
84.3373
11.2
1.35669
19.3157
21.5517
2.49643
6.17611
5.27903
10.4759
0.102667
168.269
6.2567
0.201139
0.203337
0.339072
154.185
0.0365239
3.67568
0.344894
0.390208
0.0888911
0.903606
45.7604
0.752829
122.744
172.589
156.682
163.551
147.679
157.658
1.47114
5.95846
3.99909
162.791
0.249934
150.862
0.0410485
5.87544
6.86678
8.05153
19.1152
49.1573
1.43167
1.38619
1.52892
72.314
9.7629
1.19892
18.6667
18.9702
2.26084
5.75753
4.78207
9.15991
0.102683
142.276
6.22776
0.191327
0.206756
0.345113
147.059
0.0370958
3.59788
0.337492
0.364474
0.0910633
0.813397
38.5925
0.669792
137.097
155.251
165.854
158.879
132.576
162.037
1.37444
5.13498
3.94055
143.443
0.247925
149.573
0.0419195
4.85976
6.27015
7.07929
18.2863
47.1698
1.43897
1.44443
1.60418
75.7576
9.90379
1.25606
17.9028
19.3906
2.22887
5.16148
4.69106
8.3373
0.104506
150.862
6.20457
0.175227
0.182424
0.323457
146.444
0.0394245
3.56234
0.323696
0.339579
0.0998781
0.759301
33.7972
0.599965
116.838
157.407
156.682
153.153
141.129
149.573
1.1728
5.44662
3.42835
132.075
0.210493
146.444
0.0425961
5.46875
7.06215
7.59384
18.548
49.1573
1.55549
1.47898
1.5057
74.7863
9.20568
1.17684
18.319
18.9099
2.02489
5.11509
4.59211
8.27049
0.106279
154.545
6.01025
0.168523
0.17993
0.331355
157.658
0.0429236
3.60639
0.362218
0.396345
0.0932381
0.841447
32.1396
0.635278
127.737
157.658
149.573
148.936
125.0
132.576
1.27481
5.02152
3.48814
150.215
0.215064
148.936
0.0384584
4.92472
6.52133
6.99021
16.6113
44.1362
1.48936
1.48343
1.5949
81.7757
9.529
1.18862
18.0041
17.8389
2.01439
4.93236
4.30398
8.11877
0.110155
146.444
6.39153
0.161766
0.168877
0.305703
130.597
0.0426161
3.59085
0.36324
0.392936
0.101567
0.877897
41.4692
0.67769
131.579
162.791
121.951
139.442
156.25
154.185
1.28757
5.6
3.67338
134.1
0.211603
145.833
0.0381309
5.59195
7.13558
7.97085
18.8679
48.4094
1.53704
1.53072
1.48135
74.5614
9.84366
1.16223
16.1367
17.9704
2.00661
5.32581
4.31198
7.78745
0.104707
142.259
6.11731
0.172725
0.184034
0.345528
158.879
0.042574
3.54538
0.366822
0.387417
0.0903266
0.822098
35.035
0.631815
104.478
159.817
144.033
149.573
144.628
148.936
1.22893
5.08145
3.5802
143.443
0.21684
149.573
0.0386031
5.27459
6.62639
6.18069
16.4331
49.1329
1.50661
1.48136
1.48849
78.1609
9.58016
1.1939
17.3293
18.3684
2.12633
4.97367
4.45493
7.97
0.103916
147.826
6.21345
0.176482
0.185094
0.357748
149.78
0.0423666
3.62619
0.364891
0.379795
0.0893125
0.80198
35.7143
0.628366
123.675
156.951
152.838
156.25
154.185
144.628
1.30407
5.42005
3.75416
143.443
0.218413
152.838
0.0386189
5.30421
6.61221
7.51049
18.1818
46.5753
1.39016
1.37969
1.64641
77.2727
11.1805
1.31706
20.0946
20.757
2.32574
5.69419
5.05126
10.2999
0.0933279
155.251
6.45529
0.196543
0.212471
0.355575
155.556
0.0412379
3.62657
0.364242
0.377322
0.0922512
0.773515
36.5344
0.598802
121.528
159.817
156.25
142.857
150.215
147.059
1.17434
5.26723
3.31157
139.442
0.191674
138.34
0.0404279
5.3934
6.99588
7.70276
18.9944
48.433
1.47511
1.43613
1.55956
78.8863
10.3375
1.26108
16.907
18.9944
2.18257
5.56556
4.83298
8.70456
0.101194
157.407
6.26613
0.17565
0.199624
0.365554
153.509
0.0419119
3.60379
0.354818
0.384366
0.0902379
0.853679
42.3729
0.678097
142.276
150.215
162.037
154.185
157.658
158.371
1.26564
5.44436
3.48918
143.443
0.201248
135.135
0.039301
5.39597
6.65362
6.75676
18.4482
48.0905
1.31971
1.31032
1.74726
77.2727
10.8418
1.3244
19.918
21.4782
2.39656
5.79216
5.01253
9.44707
0.0902465
162.679
6.19759
0.198773
0.21999
0.35484
149.573
0.0404885
3.62131
0.346971
0.384029
0.0944814
0.832521
39.548
0.616382
136.719
160.55
144.628
125.899
152.838
147.679
1.11522
5.91819
3.26371
131.086
0.178765
131.086
0.0407628
5.84393
7.07155
7.81789
19.3732
47.3538
1.48652
1.51495
1.49615
66.4062
9.92121
1.16299
16.4809
17.3381
2.03228
5.09822
4.16871
8.08561
0.106944
153.846
6.11291
0.1674
0.179198
0.327072
142.276
0.042787
3.66377
0.363791
0.398883
0.0935202
0.855578
38.1264
0.632751
131.579
162.037
160.55
159.091
152.838
145.833
1.22575
5.25178
3.55474
127.737
0.213567
135.135
0.0384532
5.28032
6.16836
6.8328
16.4172
43.3121
1.27551
1.29841
1.90871
87.7193
12.9534
1.46223
21.6183
23.0112
2.5836
6.50679
5.30142
9.92063
0.0922692
167.464
6.2961
0.191447
0.180604
0.289386
127.82
0.0380682
3.45528
0.397647
0.425036
0.106221
0.904346
38.6313
0.693193
129.63
154.867
164.319
158.371
152.838
151.515
1.34641
6.52133
3.73852
152.838
0.217443
141.129
0.0400151
6.63633
8.34526
8.71948
20.4439
58.4307
1.39721
1.36575
1.91435
93.5829
12.3588
1.48835
20.8706
20.8582
2.67645
6.59382
5.31027
10.0143
0.0911264
164.319
6.42084
0.197082
0.190665
0.310408
148.305
0.0369026
3.49327
0.404295
0.442651
0.102951
0.967706
47.619
0.71541
141.129
159.091
161.29
154.867
152.174
160.55
1.40342
6.58266
3.87382
169.903
0.220731
136.187
0.0403492
7.32677
8.10373
9.31594
22.742
50.7246
1.37465
1.42253
1.91907
92.5926
12.3326
1.52672
19.9658
24.5614
2.62113
6.48268
5.42299
10.7099
0.0975414
147.059
6.29723
0.200981
0.197757
0.325866
149.573
0.0363146
3.7191
0.371918
0.436032
0.0935164
0.971898
47.1063
0.751508
148.305
174.129
162.037
161.29
141.7
152.838
1.50758
6.23108
4.21788
150.862
0.238587
154.185
0.0404956
6.46711
8.5345
8.8006
22.6391
57.6606
1.43525
1.41066
1.862
90.9091
12.4866
1.51555
21.9024
21.4329
2.61019
6.49712
5.47645
10.0344
0.0968252
163.551
6.31769
0.201282
0.197585
0.325309
129.151
0.0364365
3.53761
0.371841
0.426814
0.0937257
0.952925
39.4589
0.749882
139.442
171.569
169.082
162.037
152.174
151.515
1.49101
6.39153
4.3592
152.174
0.238003
146.444
0.0406496
6.64389
8.16803
8.81612
22.5225
59.2217
1.38362
1.37996
1.91027
86.4198
11.7687
1.48797
22.194
23.6167
2.63713
6.45876
5.41796
10.5295
0.0895214
156.951
6.28592
0.194423
0.187612
0.299609
145.833
0.0372478
3.40898
0.421048
0.441412
0.105937
0.951139
42.3729
0.69792
132.576
167.464
169.903
163.551
143.443
147.679
1.343
6.64011
3.80022
152.174
0.216473
147.059
0.0405107
6.99161
7.98722
8.85852
21.9161
60.0343
1.41971
1.45096
1.89897
97.2222
13.1777
1.47704
22.2081
23.989
2.63475
6.61876
5.60987
9.98573
0.0904059
165.094
6.45876
0.196506
0.190939
0.312305
141.7
0.0367294
3.49023
0.414412
0.445633
0.104178
0.973764
39.3701
0.728453
133.588
174.129
163.551
165.094
161.29
162.037
1.38812
6.35209
3.95257
152.174
0.218551
140.562
0.0403758
6.5666
8.52827
9.39093
20.8457
59.5238
1.32696
1.30092
1.91728
93.5829
11.7332
1.48494
20.9205
23.2404
2.6003
6.76067
5.4188
10.4979
0.0895851
150.862
6.48028
0.192138
0.184841
0.292899
131.579
0.0378951
3.3366
0.414005
0.424814
0.107302
0.917335
47.3613
0.6827
124.555
167.464
151.515
159.091
156.951
146.444
1.3145
6.87488
3.70253
152.838
0.217571
141.129
0.0404127
6.48629
8.29777
9.1671
22.3499
56.1798
1.36933
1.35313
1.91173
85.7843
12.3762
1.45156
19.5859
21.3025
2.65554
6.5494
5.44832
10.27
0.0888323
148.936
6.37175
0.193057
0.186072
0.297071
138.34
0.0376445
3.50118
0.419644
0.437216
0.107835
0.950029
42.735
0.689587
141.7
156.951
150.215
165.094
156.951
161.29
1.33156
6.66286
3.86186
158.371
0.215385
128.205
0.0403432
6.72689
8.05338
8.73908
21.6584
63.8686
