"o"
0.177399
0.62523
0.628931
0.816954
54.3131
5.3009
0.641514
10.4235
13.2502
1.20799
2.94423
2.60377
4.99706
0.0416275
142.857
4.78873
0.116113
0.107291
0.158672
125.0
0.0201363
2.88919
0.201594
0.04378
0.352595
20.5811
0.271353
92.8962
139.344
149.123
128.788
137.097
134.921
0.537685
2.73049
1.50057
131.783
0.0885131
104.294
0.02007
2.8581
3.22581
3.85225
9.41828
25.5255
0.577956
0.573105
0.82258
68.0851
6.25489
0.690727
10.1976
13.2812
1.24633
3.06251
2.50848
4.91898
0.0412925
178.947
4.96786
0.112852
0.100134
0.152104
153.153
0.020043
2.79513
0.180917
0.165975
0.0465533
0.334553
19.2744
0.261161
98.2659
124.088
146.552
137.097
153.153
131.783
0.527918
2.96077
1.58405
133.858
0.0933661
131.783
0.0199935
2.91068
3.81953
4.35611
10.877
33.4728
0.564559
0.57241
0.865707
65.3061
6.51731
0.708392
10.7595
11.1769
1.29544
3.16103
2.59939
5.50518
0.0413706
75.5556
5.05351
0.11279
0.100741
0.154555
138.211
0.0201257
2.83475
0.179115
0.159518
0.0467261
0.339342
16.3619
0.264057
84.1584
145.299
144.068
128.788
147.826
132.812
0.514077
3.18218
1.49767
131.783
0.0921349
153.153
0.0200617
3.42027
4.22164
4.12584
12.8824
32.7869
0.620483
0.589112
0.804182
54.4218
5.51534
0.66206
11.0894
9.78699
1.32585
3.07971
2.52788
4.51527
0.0411912
89.4737
5.3125
0.116333
0.106913
0.156562
140.496
0.0200789
2.83949
0.197923
0.173881
0.0442663
0.342853
19.9531
0.267493
109.677
157.407
137.097
138.211
146.552
141.667
0.548954
2.93053
1.46438
130.769
0.088549
138.211
0.0202399
3.109
3.69405
3.91795
10.3532
29.9824
0.641026
0.619443
0.797149
57.047
5.48564
0.63395
10.5459
10.0651
1.23448
2.78734
2.33324
5.18451
0.0418106
182.796
4.68191
0.113598
0.106663
0.158956
147.826
0.0201185
2.79743
0.194876
0.174778
0.0438765
0.35427
20.6061
0.27392
93.9227
158.879
160.377
140.496
139.344
134.921
0.544035
2.95036
1.52234
131.783
0.0910869
142.857
0.0201018
2.99296
3.79634
3.78282
10.089
33.7302
0.654753
0.629257
0.770556
67.4603
5.40885
0.634139
9.80392
11.4943
1.20192
2.96322
2.44992
4.59087
0.0417831
166.667
5.09287
0.114015
0.107114
0.162524
145.299
0.0200442
2.71913
0.203564
0.181935
0.0439858
0.372586
22.3684
0.27878
111.842
154.545
166.667
146.552
144.068
153.153
0.555537
2.82768
1.52098
130.769
0.0883856
112.583
0.019945
2.61982
3.47151
3.9489
9.74771
33.1384
0.633053
0.642236
0.807103
53.6913
5.89536
0.653061
9.37317
10.8548
1.15465
3.10219
2.55986
5.05651
0.0414175
154.545
4.78604
0.115029
0.105921
0.157166
147.826
0.0201062
2.78917
0.20678
0.177311
0.0440165
0.365419
17.6715
0.266057
86.2944
136.0
140.496
128.788
145.299
151.786
0.538742
2.73268
1.51313
137.097
0.0886798
154.545
0.020076
2.91246
3.45108
3.64885
10.3595
26.5211
0.609581
0.597141
0.845666
61.7761
5.80341
0.667223
10.1976
9.87654
1.30901
3.01418
2.62265
5.12202
0.0413283
171.717
5.19401
0.114252
0.10324
0.152387
132.812
0.0200777
2.76333
0.194878
0.171002
0.0449663
0.352719
18.8261
0.263791
134.921
141.667
142.857
137.097
141.667
138.211
0.5397
2.92291
1.54139
117.241
0.0889484
128.788
0.0200266
2.86072
3.76028
4.41014
10.0376
30.6513
0.654198
0.637516
0.825123
54.4872
5.03405
0.631172
10.2471
10.198
1.15166
3.05694
2.50548
4.88998
0.0416038
165.049
5.07463
0.113043
0.109137
0.1588
134.921
0.0199949
2.78917
0.201639
0.181896
0.0440117
0.371009
17.9704
0.269858
100.592
142.857
139.344
126.866
127.82
113.333
0.542161
2.75929
1.60272
136.0
0.0881039
130.769
0.020081
2.79192
3.54758
3.6201
10.5328
32.197
0.666824
0.656624
0.748536
51.6717
5.72969
0.640108
9.61538
11.1989
1.15161
2.84043
2.30352
4.75524
0.042038
177.083
5.17093
0.114911
0.108458
0.161115
161.905
0.0200873
2.68562
0.205537
0.190378
0.0430346
0.37361
18.6404
0.273356
101.19
138.211
127.82
140.496
153.153
136.0
0.537617
2.81877
1.45785
157.407
0.0885375
142.857
0.0199897
2.94118
3.35836
3.88838
10.2286
27.1565
0.62569
0.59312
0.846471
60.8365
5.81818
0.686048
10.4712
10.7889
1.27024
2.99682
2.51217
5.38539
0.0412586
156.863
5.19719
0.116358
0.10689
0.155217
145.299
0.0200195
2.78826
0.197365
0.175843
0.0439841
0.353107
18.9521
0.27533
111.842
138.211
147.826
141.667
155.963
141.667
0.552127
2.89312
1.57553
128.788
0.087958
131.783
0.0202086
2.92649
3.35306
3.91886
10.0
30.303
0.557414
0.562374
0.899483
55.3633
6.4257
0.703019
10.1716
13.7931
1.29324
3.21673
2.62812
5.02513
0.0413563
172.043
5.14304
0.109457
0.0986039
0.151844
144.068
0.0200359
2.58319
0.176546
0.161549
0.0475802
0.343407
18.1818
0.264987
93.9227
142.857
150.442
132.812
125.0
151.786
0.536887
3.31675
1.55478
124.088
0.0952642
139.344
0.019828
3.06631
3.77626
4.17864
10.7095
31.8091
0.635752
0.611973
0.832232
58.4192
5.49096
0.668318
10.7868
10.4231
1.18915
3.01205
2.49853
4.97804
0.0417763
166.667
4.8949
0.114984
0.108299
0.156213
154.545
0.0200983
2.85283
0.201143
0.178558
0.0436829
0.362651
17.5258
0.27052
118.881
149.123
147.826
145.299
129.771
136.0
0.528459
2.83759
1.55978
144.068
0.0882984
132.812
0.0201127
2.55562
3.5095
3.63792
10.3722
24.2165
0.645529
0.63668
0.807217
51.8293
5.3325
0.641582
10.3849
11.3107
1.14594
2.75215
2.39171
4.63918
0.0420473
155.172
4.84001
0.115177
0.107324
0.159662
137.097
0.0200861
2.75393
0.204344
0.185312
0.043873
0.375317
19.0583
0.27
83.3333
158.879
154.545
141.667
144.068
134.921
0.516906
2.80158
1.56466
131.783
0.0886627
139.344
0.0199749
2.7575
3.854
3.83487
9.36123
32.197
0.649004
0.644281
0.780318
49.7076
5.10204
0.637492
9.22409
9.36639
1.10699
2.87648
2.1978
4.76443
0.0420984
132.353
4.94505
0.112524
0.109083
0.166082
129.771
0.0200057
2.77053
0.204664
0.190917
0.0431723
0.377434
19.6759
0.271861
123.188
141.667
136.0
147.826
145.299
132.812
0.550536
2.84186
1.58849
125.926
0.0886765
137.097
0.0200297
2.77914
3.35703
3.76606
10.3976
31.6574
0.638258
0.642139
0.80584
49.1329
5.3125
0.656979
10.0592
10.8005
1.2032
2.89954
2.63689
4.87937
0.0414293
134.328
5.13113
0.113283
0.107576
0.161174
151.786
0.0201174
2.85618
0.201587
0.1819
0.0435021
0.365324
19.2308
0.270253
114.865
150.442
147.826
133.858
131.783
150.442
0.526854
2.54834
1.56696
125.0
0.0894921
132.812
0.020124
2.78552
3.36234
3.89372
10.2471
27.7325
0.60945
0.561965
0.917104
75.9494
5.96224
0.669713
12.2744
10.241
1.35924
2.87356
2.76423
4.30489
0.0415938
103.03
5.03405
0.115884
0.101772
0.154394
151.786
0.020373
2.8076
0.184344
0.161675
0.044968
0.349909
16.6178
0.265095
89.9471
145.299
145.299
153.153
150.442
91.8919
0.55254
3.00406
1.60711
114.865
0.0911587
126.866
0.0201662
3.13943
3.97103
4.67897
11.1524
33.0882
0.565066
0.571678
0.88156
55.0162
5.67992
0.718421
11.6518
12.2214
1.26714
3.5343
2.66499
4.87525
0.0418437
166.667
5.28278
0.107411
0.0967685
0.152033
149.123
0.0200498
2.76378
0.170232
0.156588
0.0488089
0.34116
16.3934
0.273541
114.865
151.786
151.786
150.442
136.0
129.771
0.550572
3.20256
1.55393
142.857
0.0985656
132.812
0.0196196
3.24018
3.77893
4.49379
11.1989
29.877
0.608251
0.614473
0.843645
57.8778
6.06878
0.671247
10.665
10.7323
1.25341
3.27049
2.65004
4.88927
0.0418178
178.947
4.86409
0.115108
0.105154
0.152587
158.879
0.0202426
2.74326
0.195348
0.172042
0.0443239
0.338538
17.0
0.264152
114.094
138.211
136.0
137.097
133.858
133.858
0.531898
2.81877
1.49833
142.857
0.0891406
129.771
0.0202444
2.81317
3.64494
4.06504
10.7079
30.8748
0.578428
0.555937
0.873362
77.2727
5.76858
0.72196
11.2807
12.715
1.25563
3.03084
2.55678
5.04301
0.041793
158.879
5.00147
0.111528
0.0979325
0.150735
147.826
0.0200299
2.7027
0.173342
0.157156
0.048008
0.348411
17.8384
0.274052
90.9091
144.068
139.344
115.646
142.857
112.583
0.550804
2.99682
1.65498
133.858
0.0953867
111.111
0.0198228
3.15706
3.86941
4.34193
11.5646
31.3653
0.621027
0.613187
0.832562
56.7823
5.54871
0.687364
10.4167
12.5611
1.26932
3.39051
2.88429
5.2795
0.0414459
180.851
4.73802
0.117295
0.105542
0.15404
147.826
0.0202434
2.8838
0.195494
0.167769
0.0441595
0.35079
18.4582
0.270658
104.294
146.552
129.771
149.123
138.211
133.858
0.51375
2.73005
1.5842
132.812
0.0890225
127.82
0.020245
2.90886
3.85604
4.17827
10.4287
29.1262
0.613276
0.545974
0.857114
64.8855
6.19534
0.743104
10.6717
11.0677
1.34377
3.08642
2.52188
6.02623
0.0411565
175.258
4.97076
0.115312
0.102617
0.151444
145.299
0.0203702
2.83239
0.187351
0.16377
0.0452437
0.342866
17.6532
0.267873
96.5909
132.812
142.857
150.442
141.667
141.667
0.516403
2.91495
1.60166
138.211
0.0903895
154.545
0.0202413
3.05966
3.87263
4.21941
10.181
32.6679
0.584172
0.588806
0.834479
65.1341
6.3244
0.682101
9.71984
11.0677
1.31457
3.35306
2.58437
5.04751
0.0415158
154.545
4.77931
0.11444
0.105849
0.154241
158.879
0.0201285
2.66166
0.190218
0.169976
0.0447226
0.348168
20.2381
0.26997
105.59
145.299
157.407
140.496
130.769
139.344
0.527279
2.89122
1.55678
125.926
0.0891747
146.552
0.0201639
2.92612
3.80995
4.09639
9.94734
27.1132
0.605953
0.605392
0.810701
57.6923
5.5918
0.666494
9.40439
11.5311
1.31926
3.31513
2.48647
4.9868
0.0416017
180.851
4.93612
0.116138
0.105292
0.154558
146.552
0.0201866
2.84186
0.195353
0.168899
0.0444298
0.360307
20.3837
0.271852
105.59
128.788
140.496
125.926
142.857
127.82
0.550073
2.7805
1.5528
134.921
0.0901613
150.442
0.0201782
2.97463
3.47692
3.86598
10.1294
32.1429
0.572429
0.565912
0.912565
73.913
6.17733
0.723866
11.0894
11.2137
1.27743
2.97984
2.46699
4.95338
0.0412148
180.851
4.88506
0.114667
0.101431
0.150576
139.344
0.0202575
2.85044
0.181805
0.161697
0.0458148
0.343698
19.9297
0.264324
98.2659
153.153
151.786
147.826
142.857
85.8586
0.528
3.21414
1.45835
127.82
0.0919222
157.407
0.0200537
2.9834
3.861
4.19507
10.7023
33.4728
0.584213
0.577622
0.922775
53.5117
5.77642
0.692662
10.5787
10.7053
1.24716
3.06804
2.41135
5.59763
0.0418311
161.905
5.12202
0.113582
0.100491
0.154173
125.0
0.0202545
2.93103
0.181488
0.163912
0.0455059
0.346649
16.129
0.259233
94.9721
130.769
138.211
138.211
142.857
146.552
0.524886
3.31057
1.56006
133.858
0.0914278
129.771
0.0201823
3.12622
3.54061
4.95817
11.4613
33.8266
0.571601
0.580066
0.90151
56.9395
6.64062
0.734944
9.71984
11.612
1.34494
3.12903
2.66082
4.35562
0.0408308
178.947
5.0
0.114604
0.101695
0.151629
139.344
0.0201549
2.80713
0.18084
0.162882
0.0460807
0.329075
21.9638
0.265008
98.2659
125.926
131.783
141.667
150.442
128.788
0.517835
2.90539
1.60075
118.881
0.0915869
114.094
0.0202687
3.16081
3.90339
4.23057
10.5402
36.3636
0.611951
0.607208
0.830608
57.1429
5.45517
0.684545
11.612
11.2508
1.2782
3.10446
2.75884
5.06706
0.0410173
117.241
5.13906
0.116368
0.106108
0.15814
140.496
0.0201139
2.93407
0.193885
0.171724
0.0446825
0.35623
17.7268
0.273378
92.8962
139.344
144.068
147.826
141.667
155.963
0.524416
2.82486
1.56495
141.667
0.0887205
144.068
0.0201126
2.99289
3.59147
3.90339
12.1212
26.7112
0.610742
0.635277
0.801246
57.8778
5.89005
0.64996
9.34579
10.9356
1.13996
2.72191
2.4262
5.05051
0.0423761
163.636
4.8953
0.113239
0.108344
0.160559
136.0
0.0200574
2.67548
0.19686
0.175484
0.0434736
0.368125
21.3568
0.282599
98.8372
157.407
149.123
139.344
141.667
149.123
0.538162
2.86726
1.54475
125.0
0.091387
144.068
0.0201162
2.8581
3.31772
3.87509
10.2348
32.1429
0.572545
0.561686
0.873093
61.8182
5.65912
0.713087
9.88372
11.8632
1.29071
2.84566
2.46234
4.63721
0.0429828
170.0
4.65244
0.105823
0.0952653
0.155061
149.123
0.0198315
2.92197
0.164972
0.158517
0.0489929
0.350696
20.757
0.272009
111.111
157.407
150.442
149.123
122.302
149.123
0.561223
3.452
1.68234
127.82
0.10155
150.442
0.0193563
3.31813
3.97812
4.42233
11.2597
34.1151
0.588032
0.564972
0.909869
57.047
6.00919
0.736537
11.5254
11.2657
1.31528
3.29075
2.49267
4.76324
0.0409229
170.0
4.9505
0.114075
0.101536
0.153895
150.442
0.0202225
2.79238
0.179947
0.162491
0.0460968
0.338389
19.5178
0.265223
93.4066
129.771
147.826
97.1429
137.097
133.858
0.547381
3.33542
1.46615
118.881
0.0923828
141.667
0.0199607
3.2834
4.04654
4.26553
11.2123
29.6846
0.614539
0.595342
0.870417
55.3746
5.64596
0.672362
11.0677
11.2434
1.26338
3.37771
2.50774
4.71175
0.0416146
160.377
5.10204
0.116974
0.10542
0.15317
144.068
0.02003
2.88087
0.193891
0.168793
0.0443172
0.354869
18.0851
0.268122
90.9091
140.496
149.123
137.097
141.667
147.826
0.528344
2.69798
1.54181
126.866
0.0892613
141.667
0.0203208
2.82815
3.53504
4.10628
10.4781
32.1932
0.679647
0.709161
0.841959
52.9595
5.55193
0.66685
9.79827
10.7731
1.19845
2.99824
2.4478
5.17189
0.0479587
101.796
5.06405
0.107683
0.105974
0.161473
134.921
0.0176991
2.69841
0.180314
0.185363
0.042744
0.420168
23.0216
0.326224
114.865
166.667
166.667
150.442
146.552
157.407
0.683307
2.82392
1.98923
161.905
0.113216
129.771
0.0200056
2.97723
3.54684
3.95809
10.3722
30.6306
0.687814
0.675944
0.804581
59.0278
5.77642
0.647742
10.1614
9.83796
1.16742
3.05152
2.54415
4.91329
0.0485909
123.188
4.71306
0.106655
0.105443
0.167984
127.82
0.0176571
2.87551
0.179386
0.181505
0.0425365
0.433875
22.1607
0.327011
115.942
163.462
151.786
144.068
163.462
140.496
0.702305
2.75437
2.01088
104.938
0.112912
139.344
0.0201259
2.75437
3.33464
3.28566
10.6184
29.361
0.676752
0.652291
0.808715
57.047
5.44174
0.671539
9.48132
10.6918
1.21091
2.87745
2.53278
4.83092
0.0491845
158.879
4.6652
0.105508
0.105886
0.164285
118.056
0.0176774
2.8076
0.178069
0.179828
0.0424431
0.417733
20.5128
0.327038
111.111
149.123
114.094
144.068
160.377
140.496
0.703875
2.68393
1.99203
125.0
0.113519
97.7011
0.0201968
2.75259
3.53137
3.64416
11.1549
31.5985
0.666066
0.70306
0.759777
57.6271
5.1609
0.59775
10.6717
9.21409
1.0917
2.67128
2.22513
4.35339
0.0500135
136.0
4.56009
0.101128
0.103742
0.170269
153.153
0.0179837
2.73576
0.17468
0.168928
0.0432884
0.381007
24.8447
0.314299
121.212
172.043
161.905
145.299
155.963
150.442
0.647866
2.56953
1.99882
158.879
0.11356
123.188
0.0202708
2.49048
3.2882
3.57218
10.089
32.4427
0.69317
0.686702
0.766007
58.4192
5.49628
0.647644
10.2719
10.241
1.15044
2.88723
2.39403
4.47016
0.0487998
165.049
5.02959
0.106594
0.10389
0.165453
145.299
0.0177032
2.80158
0.178811
0.180245
0.0426608
0.403908
27.9605
0.336941
136.0
117.241
149.123
154.545
153.153
154.545
0.681554
2.67928
2.0998
161.905
0.114678
151.786
0.0201875
2.89559
3.38443
3.854
9.92991
27.0701
0.694842
0.690383
0.836203
61.8182
5.63474
0.675085
9.99412
11.1989
1.26141
3.19609
2.43309
4.87106
0.0475078
102.41
4.88506
0.10803
0.103485
0.156983
145.299
0.0176707
2.67782
0.186313
0.183908
0.0429613
0.419287
20.8877
0.339267
119.718
175.258
171.717
168.317
149.123
155.963
0.702218
2.93002
2.15027
146.552
0.11201
140.496
0.0200849
2.85139
3.57143
3.94157
10.2533
29.0598
0.67471
0.685954
0.805993
68.0
5.6516
0.679022
10.0354
10.5919
1.19794
3.04223
2.41512
4.84883
0.0481556
165.049
4.93469
0.106484
0.104115
0.16081
155.963
0.0177087
2.70773
0.179688
0.188802
0.042899
0.418804
24.9221
0.337549
104.938
161.905
166.667
154.545
157.407
106.25
0.707331
3.05755
1.90199
139.344
0.113175
149.123
0.020035
3.02169
3.60704
4.24575
11.4865
35.0515
0.707302
0.68328
0.784676
49.4186
5.71237
0.619172
9.02815
10.3093
1.15044
2.87697
2.56372
4.30707
0.0494358
127.82
4.6058
0.103319
0.104439
0.166464
138.211
0.0178306
2.6967
0.172122
0.172282
0.0424236
0.406401
21.7096
0.338259
139.344
155.963
154.545
155.963
136.0
138.211
0.704722
2.67338
2.29947
155.963
0.114752
146.552
0.020281
2.84138
3.34712
3.7191
9.51848
28.2392
0.702654
0.663518
0.862594
62.5
5.70661
0.684435
11.2882
10.7595
1.23296
2.99454
2.71913
4.66905
0.0468162
157.407
4.71306
0.109028
0.104241
0.157717
150.442
0.017576
2.78503
0.187472
0.190938
0.0434843
0.411618
26.1866
0.332488
116.788
148.148
153.846
163.265
160.0
158.879
0.686702
3.06417
1.93578
154.545
0.110337
130.769
0.0200667
3.02868
3.94066
4.02653
10.7937
32.3194
0.683857
0.673614
0.817268
62.5
5.49628
0.663751
9.71984
11.6279
1.20525
3.12845
2.40793
4.81314
0.0477354
161.905
4.74595
0.106135
0.103558
0.162423
153.153
0.0177202
2.70407
0.182407
0.181065
0.0427432
0.406432
22.8571
0.334546
121.212
163.265
163.265
105.263
96.9697
137.097
0.69979
2.90251
1.96305
165.049
0.112523
158.879
0.0201588
2.84805
3.62705
4.01796
10.0771
28.4757
0.705482
0.706538
0.842919
61.1511
5.64972
0.679755
9.62083
11.1916
1.31487
2.98927
2.54529
4.82406
0.0470975
144.068
5.17819
0.109118
0.105709
0.161962
145.299
0.0175516
2.77189
0.187376
0.188455
0.042899
0.412818
24.3161
0.344761
90.9091
153.846
170.213
166.667
144.144
158.416
0.689907
2.87259
1.966
130.769
0.110704
131.783
0.0201457
2.77099
3.71991
3.91344
9.32018
26.3566
0.6582
0.67748
0.85
59.2334
6.00919
0.661247
10.9961
10.7527
1.2239
3.00194
2.62832
5.01623
0.0453322
175.258
4.83092
0.108364
0.101787
0.152138
153.153
0.0176637
2.77633
0.194274
0.187255
0.0445809
0.420179
21.1921
0.316256
71.7489
172.043
164.948
160.0
152.381
160.0
0.687202
3.10446
1.95898
146.552
0.108781
151.786
0.0201183
2.97723
4.01606
3.83315
10.3218
32.1361
0.651666
0.695524
0.822687
64.3939
5.54649
0.665518
10.1432
11.822
1.22109
3.06472
2.56372
5.13595
0.0478589
160.377
4.83917
0.108202
0.10577
0.162078
137.097
0.0176234
2.71693
0.182669
0.184396
0.0425423
0.420864
23.1884
0.330784
72.0721
107.383
165.049
153.153
146.552
137.097
0.716997
3.07637
2.24957
142.857
0.112962
155.963
0.0200333
2.86775
3.49363
4.29944
9.88947
32.3194
0.665076
0.676832
0.840876
42.0792
5.94614
0.680299
9.88372
12.4269
1.18064
2.88478
2.34872
4.641
0.0470065
106.25
5.00294
0.108512
0.103303
0.158449
128.788
0.0175271
2.73177
0.187589
0.189976
0.0434236
0.42455
20.4082
0.334693
128.0
140.351
166.667
170.0
154.545
163.462
0.685429
2.88576
2.04033
160.377
0.113856
133.858
0.0201014
2.93306
3.80654
4.12121
10.1493
28.0528
0.696664
0.691085
0.729739
53.9683
4.93039
0.592438
8.78553
9.24415
1.03798
2.59463
2.10918
4.47722
0.0503846
161.905
4.64989
0.101697
0.103941
0.171499
150.442
0.0178833
2.58123
0.174493
0.171783
0.0427946
0.375147
21.6509
0.311508
119.403
156.863
130.081
144.144
136.0
150.442
0.657691
2.69756
1.98413
150.442
0.118558
163.462
0.0203876
2.49816
3.02599
3.42673
9.01379
26.8987
0.695553
0.698755
0.758455
42.0792
4.80362
0.605694
9.26936
10.3912
1.08661
2.64921
2.18285
4.51527
0.0493034
103.03
4.62711
0.102499
0.104879
0.168232
132.812
0.0178485
2.72174
0.176886
0.177136
0.0430808
0.392638
24.4275
0.315054
121.212
166.667
146.789
161.616
94.4444
149.123
0.678724
2.50405
1.89352
129.771
0.114621
154.545
0.0202836
2.57967
3.5617
3.46797
8.58152
23.416
0.667793
0.659605
0.750452
50.8982
4.81586
0.600643
9.7032
10.6516
1.11783
2.65999
2.15517
4.38483
0.045916
140.496
4.70133
0.0955549
0.101757
0.166106
150.442
0.0201495
2.83145
0.193509
0.191398
0.0413766
0.420782
22.2222
0.309654
105.59
165.049
160.377
150.442
147.826
158.879
0.635942
2.87308
1.88282
161.905
0.100299
129.771
0.0191973
2.58084
3.28629
3.57143
9.60995
29.3103
0.725349
0.699243
0.717905
45.0928
4.96931
0.544453
9.27441
9.01379
0.953717
2.50147
2.24511
3.78114
0.0483703
130.769
4.50689
0.0920307
0.0944259
0.170238
137.097
0.0203547
2.87308
0.194119
0.185762
0.0416614
0.405834
22.5166
0.326296
119.718
146.552
150.442
153.153
154.545
154.545
0.647126
2.60417
1.83407
138.211
0.106284
140.496
0.0188828
2.52413
3.27364
3.47364
9.32529
21.0396
0.706538
0.708009
0.711774
46.7033
5.00736
0.566176
8.13397
8.75837
1.01918
2.42407
2.14782
4.36121
0.0484059
145.299
4.57851
0.0923557
0.0952727
0.170887
88.8889
0.0203474
2.80389
0.192502
0.190076
0.0419443
0.401161
20.4327
0.314413
116.438
140.496
146.552
154.545
170.0
134.921
0.644086
2.58162
1.86485
139.344
0.104997
149.123
0.0188987
2.41821
3.21909
3.67568
8.6514
25.1108
0.706596
0.699963
0.725906
46.9613
5.20037
0.563567
9.2291
9.48661
1.01082
2.6575
2.11627
4.07088
0.0477018
158.879
4.55398
0.0927848
0.0983822
0.164585
175.824
0.0202341
2.7878
0.197461
0.189595
0.0417849
0.416371
20.8845
0.316297
114.865
144.068
145.299
155.963
155.963
147.826
0.630985
2.60138
1.79552
147.826
0.100885
144.068
0.0189558
2.59384
3.44339
3.32421
8.45771
31.4815
0.612348
0.585541
0.842859
64.5161
5.38539
0.680561
10.589
10.2894
1.22165
3.06044
2.76386
4.98287
0.0410403
161.616
5.25452
0.114852
0.10397
0.15585
134.921
0.0200998
2.80528
0.192301
0.171416
0.04478
0.350328
17.3824
0.267653
95.5056
141.667
133.858
139.344
137.097
138.211
0.534238
3.23298
1.54293
124.088
0.0892867
147.826
0.0201096
2.89174
3.85264
4.111
10.6809
31.4342
0.680926
0.66313
0.815504
63.197
5.12511
0.625414
10.4551
10.4487
1.13265
2.67674
2.22892
4.82406
0.0428387
171.717
4.84469
0.105336
0.109789
0.166891
146.552
0.0199421
2.96995
0.193169
0.187769
0.0425227
0.404386
21.4646
0.301173
103.03
161.905
150.442
144.068
141.667
131.783
0.608599
2.76243
1.60075
133.858
0.0890099
141.667
0.0197652
2.83286
3.39186
3.83921
9.61538
27.5081
0.686009
0.654753
0.788973
48.7106
4.89631
0.613276
9.90676
10.5394
1.12456
2.78917
2.32114
4.403
0.0431289
175.258
4.62711
0.103255
0.109417
0.170163
147.826
0.020017
2.68987
0.19022
0.196901
0.0424053
0.405099
22.8495
0.296622
112.583
136.0
145.299
154.545
155.963
132.812
0.559063
2.6717
1.60045
140.496
0.0885048
130.769
0.019877
2.7477
3.51676
4.03035
9.57746
27.1565
0.700771
0.683142
0.727989
51.3595
4.99559
0.590873
9.51848
9.71429
0.982602
2.34547
2.10422
4.14938
0.0488128
149.123
4.5552
0.0917674
0.0938251
0.173675
160.377
0.0204809
2.75661
0.195668
0.184642
0.0414172
0.398434
16.2835
0.316279
118.881
158.879
138.211
132.812
160.377
142.857
0.666327
2.59265
1.86506
139.344
0.109087
150.442
0.0188772
2.54758
2.87356
3.45739
10.0592
23.91
0.642746
0.648039
0.935711
57.2391
5.30256
0.696836
10.9114
12.9474
1.25249
3.07915
2.70873
5.12821
0.0427281
177.083
4.87246
0.106972
0.0939902
0.144133
139.344
0.0179125
2.74631
0.211539
0.198628
0.0485727
0.423454
24.2165
0.324744
132.812
166.667
170.0
138.211
150.442
157.407
0.644941
3.40136
1.79401
133.858
0.103747
146.552
0.0201129
3.24118
3.68924
4.16157
11.471
32.6923
0.681144
0.708806
0.905074
56.6667
6.00282
0.714256
9.86651
11.6838
1.24679
3.17638
2.70099
4.58716
0.0437824
161.905
5.02216
0.107043
0.0970669
0.144987
141.667
0.0177816
2.7416
0.205336
0.199124
0.0474156
0.424173
18.8889
0.338248
106.25
173.469
115.646
154.545
160.377
160.377
0.673935
3.14757
1.97353
150.442
0.104149
138.211
0.0200154
3.19129
3.93154
4.11224
11.1329
36.9565
0.700309
0.704926
0.863689
49.2754
6.13497
0.692803
9.57207
10.4744
1.27676
3.16869
2.45487
4.49854
0.0468438
171.717
4.78065
0.108336
0.102083
0.159391
142.857
0.0176379
2.76721
0.180795
0.197307
0.0435199
0.426247
21.2766
0.331236
101.19
158.879
166.667
165.049
150.442
163.462
0.673134
2.98089
2.05066
134.921
0.111546
117.241
0.0201347
2.86436
4.00471
4.22675
11.0966
30.6306
0.65589
0.651241
0.915554
57.6271
6.24082
0.717754
11.0104
11.9803
1.26923
3.09091
2.46341
4.85021
0.0440893
173.469
4.74993
0.10826
0.0972907
0.14797
141.667
0.0177022
2.73832
0.203461
0.196538
0.046582
0.42977
24.7453
0.331397
131.783
171.717
153.153
168.317
141.667
155.963
0.658506
3.26923
1.82756
128.788
0.103834
145.299
0.0201803
3.37972
3.96086
4.29727
10.5068
34.5528
0.693878
0.681417
0.912703
54.8387
6.07143
0.72322
10.113
11.8467
1.2697
3.13827
2.72654
4.94761
0.0429245
178.947
4.9635
0.107494
0.097068
0.147019
145.299
0.0177275
2.90747
0.215821
0.205195
0.0481683
0.437873
22.0207
0.335517
101.19
161.905
157.407
146.552
119.718
140.496
0.667242
3.23194
1.9196
138.211
0.103686
142.857
0.0200774
3.15165
4.38596
4.39845
11.2732
28.7162
0.733106
0.719364
0.870545
57.6271
6.27075
0.701233
11.4555
12.3997
1.2757
2.97203
2.62467
4.88506
0.0445244
163.462
4.80769
0.10912
0.0987098
0.155138
150.442
0.0175798
2.6997
0.208372
0.194932
0.0467119
0.445411
24.4957
0.350429
96.0452
151.786
155.963
151.786
168.317
144.068
0.698611
3.06031
2.0059
150.442
0.105587
136.0
0.0201182
3.02868
4.23834
4.27996
11.1039
36.3248
0.665935
0.652641
0.909869
62.0438
6.44183
0.701957
10.9607
12.3278
1.32554
3.213
2.5472
5.39169
0.0423038
155.963
5.00147
0.106476
0.0973019
0.145466
147.826
0.0178649
2.78116
0.22005
0.200787
0.0489757
0.419318
22.8495
0.334534
106.25
155.963
160.377
151.786
153.153
139.344
0.661453
3.11184
1.86936
124.088
0.101797
129.771
0.0202569
3.20392
3.73626
4.08359
10.0532
39.627
0.6218
0.597351
0.953075
51.5152
5.74324
0.712788
10.5068
11.9382
1.27207
3.16928
2.4934
5.1375
0.0423901
150.442
4.82955
0.103163
0.0919123
0.138596
101.19
0.0181687
2.81839
0.212601
0.196974
0.050531
0.423201
19.209
0.322434
123.188
161.905
166.667
163.462
154.545
149.123
0.620823
3.34909
1.78553
153.153
0.101625
108.28
0.0202053
3.36567
3.88305
4.21209
11.3712
32.0755
0.650842
0.63343
0.760967
62.2711
5.41574
0.616948
8.99471
8.94266
1.08481
2.66041
2.40113
4.27996
0.0425154
138.211
4.87656
0.108484
0.109219
0.163207
142.857
0.0199322
2.6967
0.200302
0.187115
0.0429563
0.385619
18.319
0.278119
85.8586
141.667
132.812
128.788
133.858
139.344
0.568809
2.85522
1.6
120.567
0.0882109
127.82
0.0200041
2.84614
3.62705
3.78198
10.4487
28.6678
0.718846
0.731466
0.705482
53.7975
5.12202
0.545571
8.23643
9.91832
1.0671
2.38429
2.1084
4.16259
0.0492991
146.552
4.37693
0.092429
0.0931565
0.168342
145.299
0.0204069
2.68775
0.196432
0.188257
0.0414064
0.404319
20.1183
0.320737
98.2659
158.879
133.858
163.462
163.462
146.552
0.677021
2.53731
1.91248
138.211
0.109455
133.858
0.0187856
2.43344
3.1348
3.37972
9.46021
22.5464
0.703264
0.728332
0.719973
46.4481
4.57851
0.57774
8.01887
10.083
1.01511
2.34936
2.08897
4.23412
0.0498306
146.552
4.38596
0.089626
0.0903352
0.166509
150.442
0.0204405
2.8169
0.193241
0.187132
0.0426681
0.402072
22.4571
0.313972
104.294
151.786
151.786
153.153
151.786
153.153
0.637373
2.48829
1.92722
157.407
0.110342
154.545
0.0187852
2.51852
3.0825
3.59256
8.95208
24.531
0.745941
0.72362
0.721991
48.8506
5.00884
0.565611
7.73782
8.55561
1.00693
2.62589
2.12899
4.04473
0.0482328
142.857
4.38144
0.0913983
0.0942329
0.16771
113.333
0.0203556
2.84471
0.200127
0.187727
0.0416158
0.404146
21.7114
0.320066
119.718
151.786
137.097
151.786
146.552
138.211
0.621572
2.457
1.7959
141.667
0.105566
147.826
0.0189442
2.5828
3.15048
3.41503
8.6514
25.9146
0.62139
0.593886
0.789853
57.4324
5.75296
0.67624
10.1918
10.5263
1.20602
2.83086
2.49338
5.12492
0.0414964
190.476
4.94905
0.116404
0.108618
0.158094
145.299
0.0200426
2.79284
0.201029
0.175294
0.0439856
0.357639
16.6178
0.268983
92.3913
155.963
149.123
145.299
125.926
146.552
0.54687
2.63484
1.63305
127.82
0.087953
125.0
0.0201699
2.89362
3.5095
4.23518
9.65361
26.8562
0.680136
0.63857
0.791066
59.8592
5.41057
0.648979
9.48132
8.86802
1.19483
2.80574
2.50331
5.04451
0.0419322
170.0
4.69354
0.113617
0.107155
0.160517
142.857
0.0200288
2.88919
0.202205
0.182868
0.0436047
0.361387
18.931
0.269077
94.4444
131.783
122.302
114.094
141.667
128.788
0.537736
2.68902
1.6003
141.667
0.0883342
137.097
0.0201265
2.77551
3.49578
3.80058
8.99947
29.2599
0.633454
0.603886
0.805234
53.3333
5.42373
0.643682
10.0
11.7734
1.17872
2.97398
2.46381
5.17967
0.041721
122.137
4.88103
0.113159
0.108414
0.159982
146.552
0.0200151
2.80852
0.197638
0.181484
0.0441727
0.365851
21.0918
0.271791
111.842
103.03
139.344
125.926
125.926
118.881
0.520833
2.8946
1.52685
118.056
0.0874171
138.211
0.0200874
2.76648
3.63248
3.76356
10.3343
26.7296
0.645799
0.617149
0.825684
67.1937
5.45396
0.607946
9.33041
9.90099
1.15254
2.60496
2.42442
4.51527
0.0424598
155.963
4.86131
0.107422
0.10986
0.168537
151.786
0.020043
2.83333
0.194048
0.186663
0.0433252
0.388518
21.9638
0.287148
97.1429
133.858
149.123
150.442
146.552
140.496
0.563548
2.89214
1.55877
133.858
0.0866348
123.188
0.0198753
2.65999
3.4595
3.60934
10.7595
24.7093
0.673454
0.659298
0.906087
62.5
6.52341
0.696094
11.0749
11.1916
1.30139
3.17995
2.53769
4.84607
0.0429486
142.857
4.90196
0.107671
0.0972946
0.147507
131.783
0.0177017
2.82187
0.214449
0.20242
0.0486166
0.444433
24.531
0.33561
130.769
178.947
155.963
154.545
155.963
133.858
0.656421
3.26108
1.89457
132.812
0.102505
134.921
0.0201694
3.29457
3.95165
4.16055
10.9536
32.6296
0.685871
0.661891
0.895302
64.8855
5.89255
0.70739
10.3218
11.6838
1.24051
3.2197
2.66876
4.90337
0.0427052
150.442
4.95771
0.107048
0.0967129
0.147735
146.552
0.0178666
2.87511
0.215479
0.197898
0.0481704
0.444282
19.8598
0.330598
105.59
138.211
157.407
171.717
153.153
145.299
0.662174
2.99824
1.89987
151.786
0.103582
144.068
0.0201862
3.23132
4.0
4.17485
11.471
33.0739
0.689711
0.680463
0.91236
56.6667
6.17284
0.697121
11.8138
11.3032
1.2574
3.03951
2.62954
5.44174
0.0433769
166.667
4.83779
0.108521
0.0963424
0.1488
142.857
0.0176826
2.74537
0.21201
0.197585
0.0477764
0.453696
25.0368
0.332434
116.438
145.299
141.667
163.462
138.211
136.0
0.668475
3.33203
1.85569
153.153
0.103379
136.0
0.0201518
3.28502
4.02939
4.43633
12.4451
30.6306
0.633714
0.659631
0.895632
58.6207
6.50096
0.716514
10.0059
10.7323
1.27027
3.11584
2.6835
4.93755
0.0430057
147.826
5.07614
0.107831
0.0953872
0.14384
155.963
0.0178843
2.65781
0.210526
0.202015
0.0481149
0.424544
25.0368
0.324799
130.769
153.153
166.667
157.407
145.299
158.879
0.664062
3.23933
1.9327
155.963
0.104209
145.299
0.0200663
3.38174
4.19546
4.36681
11.5489
33.2681
0.713476
0.72402
0.702073
46.5753
5.05201
0.545414
9.69766
9.36639
0.990445
2.29947
2.26034
3.60704
0.0495459
146.552
4.31582
0.0895326
0.0914317
0.16033
150.943
0.020504
2.77099
0.194343
0.192169
0.0424994
0.405864
21.118
0.312391
112.583
173.469
154.545
151.786
158.879
144.068
0.639122
2.48393
1.72047
136.0
0.108347
146.552
0.0187281
2.62914
3.15809
3.34777
9.52381
25.4111
0.714766
0.708895
0.721164
48.5714
4.99266
0.554993
8.31296
9.09091
1.02471
2.64633
2.0864
4.08556
0.0482948
133.858
4.65498
0.0911367
0.0939105
0.165899
133.333
0.0204316
2.73973
0.197557
0.188453
0.0420817
0.405709
21.7949
0.321756
104.938
154.545
105.59
145.299
154.545
139.344
0.658353
2.5358
2.03447
149.123
0.103471
137.097
0.0188481
2.56836
3.21909
3.37435
7.63702
27.7778
0.640277
0.627723
0.890985
55.9211
6.36704
0.713057
10.9184
12.0226
1.22806
3.13885
2.56526
5.08525
0.0425305
150.442
4.74198
0.104153
0.0941046
0.139827
126.866
0.018084
2.75661
0.213412
0.198309
0.0497967
0.41966
22.2222
0.319958
105.59
144.068
155.963
151.786
163.462
163.462
0.622505
3.35902
1.90668
139.344
0.102557
151.786
0.0202623
3.14582
3.84615
4.14938
12.5092
31.0219
0.619601
0.638306
0.922209
64.1509
6.40784
0.712848
13.6656
11.6919
1.23197
3.24675
2.55601
4.9664
0.0426628
130.769
5.03256
0.102769
0.0901713
0.135149
145.299
0.0182804
2.82392
0.21124
0.193311
0.0511037
0.409846
20.5811
0.311629
111.111
155.963
154.545
142.857
155.963
146.552
0.627005
3.13076
1.73664
136.0
0.10168
153.153
0.0200874
3.13595
4.24363
4.76858
11.4865
33.2681
0.627075
0.627353
0.813631
48.2955
5.56647
0.665623
10.4809
10.929
1.22258
3.08979
2.58791
4.68449
0.0413494
171.717
4.8627
0.116852
0.107506
0.154735
133.858
0.0200393
2.849
0.199706
0.174125
0.044324
0.353093
19.1657
0.269897
104.938
147.826
141.667
150.442
136.0
145.299
0.548405
2.77279
1.51704
136.0
0.0890346
134.921
0.0201733
2.84614
3.44408
4.11025
10.3406
33.8645
0.62367
0.613829
0.80626
55.5556
5.70661
0.62898
9.84615
11.4943
1.22337
3.17223
2.41374
4.4926
0.0415905
184.783
4.87385
0.115479
0.107625
0.158288
149.123
0.0200659
2.85283
0.206176
0.178121
0.0443212
0.357842
21.4918
0.269077
93.4066
150.442
145.299
115.646
145.299
147.826
0.536803
2.78917
1.54841
142.857
0.0868131
125.926
0.0201092
2.84614
3.32486
3.97196
9.68109
25.6024
0.61061
0.606623
0.827429
65.0407
5.60813
0.650116
9.76205
12.2044
1.25147
3.13885
2.33581
4.74993
0.0417481
146.552
4.99412
0.115239
0.104134
0.155902
153.153
0.0200098
2.69286
0.191224
0.172626
0.0447713
0.355084
17.6899
0.260792
80.9524
142.857
134.921
128.788
133.858
138.211
0.541522
2.77296
1.50683
127.82
0.0878653
145.299
0.0201691
2.73458
3.71316
4.23729
12.3457
33.9703
0.584253
0.558017
0.889284
59.0406
6.62252
0.69532
11.3314
12.4224
1.24224
2.99665
2.77778
4.782
0.0412024
171.717
4.92326
0.114318
0.101095
0.152885
142.857
0.020263
2.79789
0.181242
0.162754
0.045141
0.344269
19.2525
0.267607
112.583
106.918
125.926
127.82
136.0
144.068
0.539323
3.11952
1.50389
149.123
0.0919287
147.826
0.0202519
2.90539
3.84431
4.06504
12.0391
31.8725
0.58305
0.562337
0.925337
89.8876
6.69028
0.749956
13.3438
12.3997
1.34387
3.31643
2.523
5.24206
0.0413106
137.097
5.0716
0.115731
0.102046
0.151835
144.068
0.0201337
2.75705
0.181694
0.160452
0.0458513
0.339227
20.1422
0.26092
102.41
126.866
149.123
150.442
129.771
142.857
0.509424
3.24149
1.4697
117.241
0.0913635
154.545
0.0201467
3.04356
3.93217
4.28725
12.4127
35.3982
0.572313
0.57514
0.885593
65.3061
5.99475
0.684187
11.5176
12.8886
1.24899
3.19669
2.67674
5.27459
0.0415168
150.442
4.77931
0.112328
0.101038
0.152468
151.786
0.0201761
2.82533
0.179142
0.159215
0.0468277
0.325515
20.6561
0.264464
95.5056
147.826
147.826
149.123
137.097
139.344
0.510158
3.14775
1.39837
142.857
0.0914082
149.123
0.0200813
2.98898
3.53591
3.92253
10.989
30.1887
0.622323
0.592541
0.804962
52.3077
5.90278
0.689991
10.2157
11.8033
1.28452
3.08027
2.84996
4.95627
0.041762
178.947
5.00294
0.115568
0.107351
0.154614
136.0
0.0201398
2.76198
0.202695
0.173515
0.0440486
0.351588
18.2208
0.267594
98.2659
145.299
140.496
116.438
137.097
131.783
0.528032
2.63689
1.61275
120.567
0.0882521
130.769
0.0201515
2.72786
3.70855
3.92973
10.6583
31.3076
0.621141
0.613143
0.808162
59.7015
5.24762
0.638544
10.2843
10.8765
1.28012
2.99243
2.5587
4.8145
0.0416628
177.083
4.96931
0.115554
0.106753
0.156369
134.921
0.0200393
2.75437
0.201663
0.173943
0.0445772
0.352054
21.1706
0.265206
94.4444
155.963
144.068
147.826
160.377
157.407
0.530819
2.7737
1.5099
129.771
0.0867675
136.0
0.0202117
2.96167
3.37235
3.89579
9.88264
28.6738
0.668949
0.650319
0.780568
48.433
5.50696
0.603008
9.92991
9.87224
1.12755
2.82017
2.23097
4.36469
0.0425249
162.162
4.71081
0.109633
0.110601
0.16489
140.496
0.0199092
2.86292
0.202709
0.192049
0.0432891
0.380449
21.4376
0.276945
99.4152
134.921
137.097
147.826
129.771
142.857
0.525454
2.71652
1.55336
123.188
0.0903741
120.567
0.0200151
2.73005
3.45599
3.56021
9.77573
23.0665
0.670638
0.646412
0.798272
49.5627
5.03704
0.615229
9.19913
10.828
1.11923
2.73752
2.24482
4.6811
0.0426609
153.153
4.72879
0.109013
0.109309
0.170877
146.552
0.0198899
2.84996
0.198403
0.190233
0.0431379
0.388696
20.3349
0.276292
98.8372
145.299
146.552
145.299
153.153
129.771
0.564297
2.79605
1.53015
145.299
0.0876334
125.926
0.0200204
2.95395
3.43851
3.67647
11.4478
33.5306
0.650469
0.627793
0.803213
52.1472
5.21472
0.615987
9.78136
9.34066
1.16742
2.849
2.42822
4.83229
0.0416972
150.0
5.01253
0.11414
0.10826
0.159675
142.857
0.0200676
2.89707
0.204509
0.180259
0.0435077
0.355641
21.1706
0.276841
80.9524
125.926
128.788
149.123
125.926
122.302
0.552846
2.89954
1.63116
125.926
0.0885066
117.241
0.0201391
2.71565
3.43088
3.78788
9.23411
28.9608
0.644965
0.693708
0.754717
52.1472
5.2599
0.607968
8.84956
9.59368
1.13743
2.67002
2.25136
4.61079
0.0430898
166.667
4.79361
0.106591
0.109895
0.165847
108.28
0.0199829
2.83145
0.201455
0.195012
0.0428258
0.395606
19.1226
0.28348
89.0052
134.921
132.812
141.667
150.442
149.123
0.536041
2.82345
1.6192
118.056
0.0882851
142.857
0.0199511
2.79559
3.22153
3.89729
9.30997
29.0102
0.649624
0.656497
0.810798
49.7076
4.9635
0.615697
9.20411
9.7533
1.13235
2.90463
2.30858
4.27553
0.042641
144.0
4.94913
0.112104
0.110287
0.165007
136.0
0.0199246
2.75125
0.200191
0.190748
0.043224
0.378476
15.7262
0.282895
71.1297
138.211
140.496
133.858
139.344
114.094
0.554215
2.70099
1.55792
146.552
0.0872086
146.552
0.0200168
2.85762
3.57744
3.67806
10.2225
25.6024
0.617284
0.594655
0.846024
55.5556
5.71225
0.678311
10.3493
10.1781
1.22418
3.03247
2.73356
5.11586
0.0411691
139.344
5.00442
0.113806
0.10562
0.15618
136.0
0.0201095
2.87989
0.18908
0.175021
0.0449378
0.362458
20.9102
0.268401
72.6496
125.926
136.0
137.097
131.783
140.496
0.548971
3.00752
1.59564
136.0
0.0879685
122.302
0.0200667
2.94605
3.92831
3.8638
10.133
30.2457
0.669186
0.663259
0.817937
42.6065
5.35939
0.608599
9.05701
10.7391
1.14186
2.76558
2.41611
4.62368
0.0422465
187.5
5.08762
0.113592
0.109771
0.161629
154.545
0.0200885
2.91845
0.20162
0.185153
0.0428767
0.374515
17.7268
0.274154
95.5056
120.567
128.788
157.407
140.496
145.299
0.538827
2.98455
1.547
109.677
0.0884049
128.788
0.0200147
2.82111
3.39118
3.76439
10.4809
26.9841
0.602709
0.593265
0.815744
57.971
5.26662
0.66625
10.989
11.6026
1.20873
3.05344
2.83145
4.53575
0.0413373
149.123
5.00589
0.115499
0.105639
0.156842
106.918
0.0201391
2.91246
0.196805
0.170245
0.0442614
0.346394
16.7984
0.262751
106.918
134.921
134.921
139.344
140.496
140.496
0.513999
2.72944
1.49582
108.974
0.0879999
120.567
0.02026
2.94551
3.78698
4.19177
11.7474
27.8746
0.608686
0.571025
0.831133
65.3846
5.88643
0.675085
11.1402
10.3218
1.31264
3.10106
2.53731
5.10971
0.0417944
163.462
5.08982
0.115253
0.103655
0.152495
151.786
0.0202591
2.88527
0.192728
0.164183
0.0444337
0.345971
19.9063
0.277044
129.771
134.921
129.771
115.646
132.812
139.344
0.532448
2.87563
1.60802
125.0
0.0903799
141.667
0.0201124
3.08642
3.90984
4.06991
11.5804
31.9549
0.539255
0.574771
0.897761
77.9817
6.03051
0.723743
10.0295
12.3188
1.28583
3.24489
2.9361
4.76725
0.0421901
142.857
5.10204
0.109656
0.0958141
0.151833
129.771
0.02008
2.73356
0.166945
0.156649
0.0483828
0.34248
21.601
0.265799
94.9721
155.963
140.496
142.857
144.068
140.496
0.544331
3.26931
1.57407
146.552
0.0987517
134.921
0.0196775
3.55714
4.30271
4.30925
13.0168
33.0097
0.549486
0.541281
0.901857
65.8915
8.20859
0.703409
10.9748
10.9466
1.27112
3.35902
2.61378
4.8227
0.0426225
158.879
5.22273
0.108019
0.0957541
0.153849
146.552
0.0201006
2.62548
0.165611
0.156188
0.0485512
0.340218
21.1706
0.270296
121.429
147.826
138.211
139.344
142.857
127.82
0.560372
3.59631
1.55421
128.788
0.100183
132.812
0.0195378
3.34938
3.71402
4.2215
11.855
41.2621
0.55703
0.558678
0.890099
58.4192
5.47152
0.710049
10.8211
12.0397
1.2985
3.12213
2.54111
5.07463
0.0425348
154.545
4.78065
0.106603
0.0947128
0.155661
134.921
0.0198822
2.69499
0.161163
0.155336
0.0497816
0.352142
17.7453
0.280737
105.59
155.963
151.786
155.963
157.407
136.0
0.560575
3.22516
1.74145
138.211
0.103659
116.438
0.019334
3.17271
4.12159
4.38596
11.7403
31.6574
0.575296
0.576701
0.881788
62.0438
5.95655
0.69238
11.2137
11.1842
1.25129
2.94525
2.54643
4.4317
0.0448596
161.905
5.12511
0.100066
0.0951869
0.157438
124.088
0.0194213
2.80992
0.161829
0.16341
0.0506425
0.381859
20.9618
0.307331
103.659
154.545
153.153
154.545
145.299
132.812
0.609494
3.12213
1.84382
139.344
0.109883
142.857
0.0186942
2.98507
4.31363
4.23834
11.7566
32.6296
0.58649
0.558623
0.881057
74.2358
5.66667
0.695353
11.0533
12.2302
1.23844
3.03897
2.38831
4.80497
0.0417953
157.407
5.12511
0.109871
0.099007
0.153276
134.921
0.0201055
2.7584
0.17237
0.155321
0.0474406
0.333333
18.7845
0.270602
84.1584
145.299
137.097
127.82
146.552
142.857
0.534171
3.23255
1.59057
128.788
0.0965591
149.123
0.0199189
3.43434
4.31253
4.12421
11.0821
37.9464
0.568847
0.554414
0.931609
62.963
6.71141
0.725875
10.2225
12.4816
1.40033
3.47364
2.36144
5.51948
0.0413657
160.377
5.22916
0.113774
0.0979596
0.15377
144.068
0.0203106
2.71176
0.170141
0.15893
0.0467479
0.342204
20.9102
0.261213
87.1795
118.881
146.552
125.926
137.097
133.858
0.548087
3.14527
1.51057
120.567
0.094211
146.552
0.0200778
3.21179
3.58953
4.76057
12.0996
34.9076
0.559211
0.578369
0.867303
48.433
6.56878
0.731875
11.4017
11.9048
1.28671
3.17698
2.50848
4.89068
0.0423843
166.667
5.15777
0.106912
0.0948645
0.156158
137.097
0.0200439
2.72305
0.165129
0.152677
0.0490789
0.345311
16.2835
0.268092
106.25
132.812
133.858
147.826
133.858
89.9471
0.545519
3.29015
1.70153
154.545
0.101026
141.667
0.0196757
3.31126
4.20168
4.39959
12.8302
30.6859
0.648929
0.644452
0.791035
48.1283
5.49451
0.632489
10.3508
10.0897
1.15927
2.77136
2.53883
4.66648
0.042272
160.377
4.94761
0.112353
0.109723
0.160869
157.407
0.0200502
2.74371
0.200264
0.185484
0.0431553
0.37169
20.3593
0.277017
96.5909
127.82
144.068
150.442
138.211
149.123
0.539477
2.92649
1.56884
144.068
0.0894045
146.552
0.0200569
2.94627
3.32681
3.75691
10.5853
26.2751
0.579592
0.580027
0.883246
66.4062
6.16836
0.763496
11.5176
12.3636
1.36
2.91695
2.82627
5.17504
0.0409499
177.083
4.76858
0.115388
0.0997225
0.152817
149.123
0.0202816
2.65667
0.18109
0.160429
0.0461042
0.341777
19.0797
0.261555
98.2659
129.771
136.0
137.097
139.344
136.0
0.513146
3.41224
1.50709
109.677
0.0913428
122.302
0.0201678
3.01375
3.72526
4.10151
12.2794
30.0752
0.56089
0.586733
0.840116
55.3746
6.16836
0.721133
11.0246
13.1783
1.35092
3.29202
2.59384
4.99119
0.0414721
158.879
4.99853
0.114365
0.0996185
0.151981
145.299
0.0201742
2.81131
0.180465
0.162201
0.0463006
0.34937
17.3469
0.265567
80.5687
88.5417
132.812
137.097
131.783
131.783
0.530935
3.15831
1.53333
149.123
0.0918775
129.771
0.0199858
3.08048
3.89959
4.37039
11.7474
29.2505
0.616478
0.606623
0.840822
60.8365
5.85399
0.676321
9.82659
10.7053
1.25295
3.07692
2.44992
5.19243
0.0408801
161.905
4.71306
0.116537
0.105086
0.155768
121.429
0.0201061
2.70528
0.192844
0.166494
0.0446623
0.347073
18.2992
0.265186
111.111
155.963
139.344
149.123
151.786
132.812
0.530223
3.06396
1.49687
139.344
0.0887159
145.299
0.0202159
3.06044
3.68239
4.28495
10.4987
32.2581
0.57446
0.570585
0.893749
59.8592
6.56117
0.693453
9.19913
11.1916
1.33166
3.18173
2.62265
5.51053
0.0412068
170.0
5.07009
0.11272
0.101624
0.151676
165.049
0.0201282
2.80158
0.183273
0.159819
0.0461783
0.340143
19.9063
0.267367
106.918
128.788
144.068
136.0
150.442
141.667
0.526887
3.05169
1.58346
125.0
0.0918408
147.826
0.020051
3.40861
3.51185
4.25306
11.0605
29.0102
0.595238
0.54791
0.900853
64.8855
6.53846
0.697722
10.828
11.7647
1.42462
3.14815
2.68817
5.12666
0.041139
138.211
5.09745
0.114971
0.10111
0.150775
153.153
0.0203199
2.7575
0.181715
0.161235
0.0455868
0.351741
17.4538
0.265521
97.1429
155.963
136.0
140.496
137.097
125.0
0.562337
3.10921
1.57262
134.921
0.0907853
127.82
0.0201685
3.2861
3.97812
4.25419
10.7817
35.865
0.599986
0.577348
0.855131
57.047
5.71621
0.692013
10.5459
11.0461
1.30699
3.16987
2.66374
4.79955
0.0413477
165.049
4.58221
0.11547
0.104599
0.152891
151.786
0.0202934
2.91395
0.18994
0.166003
0.0447105
0.345753
20.1183
0.271145
97.1429
153.153
137.097
149.123
137.097
142.857
0.528065
3.05927
1.48135
130.769
0.0904337
131.783
0.0201334
3.00922
3.87128
3.91485
11.6788
34.6232
0.559211
0.568866
0.873452
55.1948
6.15273
0.718695
11.0246
11.5332
1.31021
3.19069
2.62508
4.84607
0.0419653
171.717
5.12666
0.109493
0.0947497
0.152512
139.344
0.0200855
2.71956
0.168056
0.158564
0.0489842
0.332336
16.7158
0.276414
93.9227
136.0
139.344
136.0
128.788
144.068
0.536769
3.20963
1.5615
158.879
0.0997495
150.442
0.0197239
3.21092
3.76117
4.02617
12.6582
35.7942
0.679918
0.659119
0.857546
53.6278
5.82391
0.680299
10.3343
10.7188
1.22399
2.97411
2.59225
4.63594
0.0458796
131.783
4.78469
0.109088
0.103939
0.153565
165.049
0.017594
2.82636
0.192075
0.192312
0.0439689
0.426303
22.8245
0.333695
117.647
173.913
168.421
158.416
160.0
149.533
0.690161
3.22887
2.0266
132.231
0.110533
146.552
0.02004
2.89658
3.60551
4.13324
10.9961
31.6574
0.700655
0.682704
0.696065
49.7076
4.43401
0.545274
8.87728
10.113
1.02385
2.41409
2.15217
4.14533
0.0501587
153.153
4.38823
0.0903549
0.100568
0.170003
138.211
0.0184598
2.65087
0.16198
0.1692
0.0460075
0.389542
21.4376
0.29967
100.592
157.407
139.344
165.049
151.786
158.879
0.584731
2.71479
1.81736
144.144
0.105686
123.188
0.0204592
2.50737
3.07525
3.30932
9.01379
20.4082
0.697894
0.694019
0.709042
42.5
4.63847
0.581594
8.20463
9.47075
1.02194
2.64221
2.05761
4.17588
0.0497957
140.496
4.31253
0.0968231
0.101892
0.167698
133.858
0.0180589
2.69158
0.167498
0.174265
0.0438544
0.38557
20.3562
0.302744
118.519
161.616
153.846
160.0
137.931
150.943
0.612745
2.52488
1.83066
135.593
0.112102
133.858
0.0203776
2.67885
3.17698
3.38107
9.02815
25.9939
0.689012
0.686647
0.731151
37.2807
4.96931
0.545186
8.822
8.87728
0.988027
2.37099
2.07014
3.79549
0.0507679
145.299
4.64227
0.0856937
0.0942434
0.165965
153.153
0.0189508
2.62427
0.156302
0.159821
0.0484937
0.363124
21.9638
0.293422
123.188
157.407
160.377
158.879
142.857
153.153
0.586207
2.67801
1.61153
149.123
0.098654
119.403
0.0206615
2.67212
3.33203
3.37771
9.08605
29.877
0.677075
0.676079
0.807678
55.0162
5.62541
0.619827
9.80958
10.095
1.18773
3.03626
2.43483
4.64989
0.0487088
157.407
5.00884
0.106863
0.104138
0.165082
139.344
0.0177103
2.77008
0.175712
0.182799
0.0425022
0.421175
22.8245
0.33206
130.081
128.0
160.0
175.824
168.421
145.455
0.700955
2.90747
2.02719
138.211
0.1129
147.826
0.0201347
2.63403
3.61395
3.92338
9.51315
29.4118
0.708068
0.677615
0.724761
52.6316
5.00147
0.606753
8.54701
9.90099
1.0352
2.44921
2.28311
4.24258
0.0505205
137.097
4.83092
0.101623
0.104116
0.168362
142.857
0.0178012
2.66541
0.17457
0.173722
0.0429735
0.386082
21.6509
0.32746
121.212
163.265
148.148
145.455
136.752
155.34
0.675476
2.32495
2.0841
158.879
0.113594
145.299
0.02036
2.49926
3.32161
3.92066
9.24918
31.4815
0.74087
0.730052
0.824522
51.8293
5.81992
0.668134
10.5003
10.2843
1.19273
2.97932
2.54453
4.63215
0.0475929
157.407
5.00736
0.106844
0.106229
0.163786
136.0
0.017687
2.71826
0.183615
0.187408
0.0425239
0.418618
25.7235
0.319349
122.137
158.416
84.6561
142.857
156.863
149.533
0.702155
2.90499
2.04368
113.333
0.113149
119.718
0.0199786
2.8557
3.51022
3.8108
10.4487
25.8359
0.684105
0.680762
0.754349
55.0162
4.9062
0.603372
9.02815
9.07635
1.07834
2.59621
2.17364
4.73142
0.0500564
144.068
4.70133
0.101878
0.103477
0.170638
153.153
0.0178772
2.59701
0.178145
0.172844
0.0428366
0.390377
17.8971
0.310969
85.1064
161.616
170.213
163.265
152.381
96.3855
0.654129
2.51442
2.0403
144.068
0.11546
147.826
0.0202685
2.58594
3.32942
3.42742
9.50783
29.4118
0.727041
0.745516
0.871884
66.9291
5.57194
0.68565
9.77573
11.2807
1.19131
2.89658
2.5614
4.5491
0.049549
158.879
4.92041
0.102598
0.0987913
0.145082
120.567
0.0190954
2.80435
0.195017
0.181096
0.0496865
0.384537
20.2622
0.292141
116.438
117.241
161.905
141.667
133.858
131.783
0.572892
2.9877
1.70563
154.545
0.0903909
117.241
0.0185591
3.17105
4.02367
3.81166
11.5176
30.7971
0.724867
0.709409
0.855949
58.4192
5.93368
0.676967
10.5133
10.6316
1.21829
2.92046
2.53014
4.92183
0.0513974
118.056
4.92611
0.103408
0.0988999
0.157394
163.462
0.0187921
2.84138
0.205421
0.196607
0.0490953
0.422865
22.0779
0.319207
107.595
155.963
155.963
160.377
139.344
151.786
0.610808
2.96167
1.85731
126.866
0.0978986
127.82
0.017908
3.19189
3.93975
4.21418
10.3155
31.7164
0.634186
0.593164
0.834602
51.8293
5.47857
0.626913
10.1857
10.8765
1.179
2.95241
2.31734
4.70784
0.0486163
149.123
4.62333
0.0974056
0.0979963
0.162709
155.963
0.0187537
2.6903
0.181863
0.192484
0.0515011
0.435786
23.3516
0.338086
138.211
153.153
170.0
149.123
151.786
154.545
0.670188
3.14175
1.91269
138.211
0.111542
146.552
0.017946
2.88674
3.68364
3.80398
9.65909
27.3752
0.635147
0.655147
0.821653
58.0205
5.84795
0.639579
10.1251
11.4555
1.1319
2.81131
2.49596
4.63468
0.0504882
138.211
4.59459
0.100833
0.0996103
0.162296
117.241
0.0185608
2.74681
0.194588
0.200915
0.0498715
0.445574
21.9072
0.33431
117.241
144.068
158.879
157.407
149.123
157.407
0.675649
2.91246
1.93953
161.905
0.107281
131.783
0.0176205
2.82533
3.48147
3.88305
11.8302
37.4449
0.693566
0.677588
0.721838
53.9683
4.47016
0.562206
7.70975
8.59889
0.964047
2.49486
2.0255
3.84441
0.0497648
139.344
4.53939
0.0880136
0.0973069
0.168832
138.211
0.0187549
2.69585
0.160246
0.163311
0.0475688
0.376331
20.757
0.294179
107.595
158.879
145.299
117.241
133.858
118.056
0.579552
2.37099
1.69205
144.068
0.101302
74.4186
0.0206035
2.45204
3.2003
3.61933
9.39746
25.3353
0.747877
0.71094
0.876108
69.3878
5.85399
0.683912
10.0473
11.2508
1.18981
3.02653
2.58555
4.70393
0.0493513
158.879
4.72616
0.102995
0.0971562
0.145212
147.826
0.0190482
2.82439
0.193505
0.181614
0.0499866
0.384328
21.3836
0.290742
112.583
131.783
130.769
98.8372
151.786
149.123
0.571198
3.13076
1.62586
136.0
0.0887441
131.783
0.0187242
3.55128
3.55574
4.42708
10.7937
27.9146
0.707272
0.705394
0.852472
51.9878
5.95655
0.672948
9.96483
9.7254
1.27503
2.96013
2.56565
4.83092
0.0502716
139.344
5.01623
0.1025
0.10029
0.156679
147.826
0.0189115
2.88625
0.20072
0.184801
0.0490766
0.406077
19.5853
0.300614
126.866
119.718
160.377
153.153
157.407
144.068
0.603201
3.24799
1.68051
116.438
0.0926835
117.241
0.0182469
3.03843
3.90087
4.20168
10.4103
32.4427
0.734113
0.700569
0.832599
56.8562
5.80998
0.695638
10.4615
10.9114
1.23627
2.82205
2.44464
5.00442
0.0509994
168.317
4.62333
0.103153
0.0987356
0.162597
160.377
0.018825
2.80343
0.200993
0.189491
0.0488022
0.405099
20.4573
0.308066
120.567
163.462
157.407
140.496
118.056
146.552
0.606926
2.95601
1.88136
115.646
0.0963834
124.088
0.0180723
3.10957
3.76356
3.80995
10.8349
32.7553
