"o"
7.2256
26.2453
25.647
30.3072
165.354
90.4801
22.2334
121.187
122.983
29.4647
67.9895
61.9048
90.3885
2.59342
184.551
10.3295
1.10497
1.67806
5.38442
171.93
0.513255
5.86686
2.36448
2.66025
16.2443
147.344
12.9462
182.156
188.703
180.073
180.294
173.759
169.225
14.4828
63.1715
31.1221
181.332
3.56073
169.225
0.520067
62.6955
81.3353
71.4517
111.223
166.478
25.4042
25.3165
29.9577
162.894
89.2821
22.3058
120.638
123.318
29.2359
67.5261
61.0179
91.5332
2.5086
189.901
10.3605
1.10699
1.69008
5.44157
171.875
0.520006
5.82465
2.3574
7.15273
2.54251
16.2548
147.552
13.0902
180.033
182.346
178.499
173.092
167.939
167.3
14.5869
63.0928
31.1946
172.888
3.53732
174.534
0.514987
62.6695
81.1011
71.7203
109.777
166.225
25.5859
25.8413
29.0602
165.725
88.1587
21.8058
118.167
121.588
28.8066
66.4157
60.8444
89.8533
2.59379
187.341
10.331
1.10149
1.6852
5.52389
171.462
0.517277
5.8523
2.36695
7.3538
2.52785
16.5385
147.0
13.2699
180.221
184.828
180.147
180.664
175.907
171.462
14.6863
62.8033
31.0651
180.147
3.60015
171.595
0.51661
61.4439
79.0088
71.0136
107.134
161.409
25.8333
25.7639
30.4285
163.515
89.8716
21.9403
119.105
122.88
29.1884
66.717
61.0919
91.3601
2.60942
188.808
10.2605
1.105
1.69211
5.53172
170.732
0.516718
5.86288
2.38585
7.23639
2.63594
16.1296
146.804
13.0981
183.444
190.086
183.292
174.653
175.0
173.213
14.3438
63.2802
30.891
176.471
3.49886
173.622
0.51437
63.1986
80.211
72.1413
108.115
166.227
26.1983
26.1174
29.8325
164.856
90.3676
21.8514
122.358
122.871
28.9788
66.6667
61.4634
91.4179
2.59358
190.579
10.4162
1.10434
1.69284
5.46313
175.069
0.515713
5.82689
2.37582
7.19942
2.55643
16.247
146.325
13.2212
184.409
185.889
181.145
172.617
177.348
168.776
14.6087
62.5622
30.9576
177.419
3.53994
173.776
0.515739
62.8033
81.7388
71.7547
107.291
164.057
25.5741
25.6127
29.9247
162.731
89.6524
22.2312
118.772
123.529
28.6734
66.9798
60.7978
92.2371
2.53086
188.245
10.3741
1.09997
1.68926
5.58277
174.723
0.515932
5.80882
2.38089
7.33289
2.56843
16.6321
145.689
13.4369
181.706
180.886
179.268
178.615
175.837
170.666
14.6858
62.6688
31.3255
182.006
3.59932
171.063
0.518887
62.4911
80.0218
71.8826
109.348
164.001
25.6634
25.6724
30.0634
161.479
89.9449
21.925
120.789
123.322
29.4235
66.5462
60.5978
92.4299
2.57636
190.846
10.2348
1.10688
1.69338
5.57981
178.47
0.51753
5.89147
2.35377
7.11853
2.6007
16.0949
147.245
12.9939
185.528
188.381
185.528
181.931
176.966
173.69
14.3803
62.3851
30.7682
177.322
3.50768
172.266
0.517955
63.1896
79.7324
70.832
107.903
165.789
25.1144
25.1677
29.8112
165.66
89.6101
21.8267
119.586
123.315
28.933
66.4954
60.4313
91.9732
2.45579
186.362
10.2233
1.09891
1.69684
5.71577
172.82
0.522888
5.8859
2.37877
7.23789
2.4759
16.2647
146.138
12.8818
186.65
186.729
183.146
179.697
175.39
167.749
14.4493
62.5267
30.6457
181.33
3.46923
168.006
0.514575
62.0758
79.3278
71.3473
108.449
164.419
