"o"
0.863104
2.75912
2.67888
3.40438
106.154
20.8019
2.66935
34.5
36.1197
4.62321
11.8143
9.8356
17.771
0.18815
166.667
7.48823
0.3429
0.381536
0.668825
146.497
0.0834533
4.0935
0.697625
0.188134
1.80922
65.8397
1.38086
143.154
158.257
157.175
158.621
155.405
157.175
2.50763
10.412
6.89586
150.655
0.423721
145.877
0.0781276
10.8542
13.2743
14.8515
34.1078
78.4091
2.83705
2.7079
4.06067
113.333
23.6769
3.12831
39.8593
41.8689
5.48315
13.8693
11.5927
21.6913
0.193431
165.072
7.2327
0.356786
0.389835
0.707605
157.534
0.0819599
4.12951
0.671187
0.767929
0.209366
1.60678
59.5341
1.25981
138.0
133.462
141.684
150.655
145.57
145.57
2.3336
12.7872
6.47158
154.018
0.400072
145.57
0.075085
12.8876
16.6305
17.25
37.8913
84.2627
2.81897
2.73278
3.85903
114.865
23.8095
3.08725
40.5167
40.0697
5.3797
13.6796
11.3394
19.7199
0.196647
146.186
7.39075
0.351347
0.388207
0.717204
144.654
0.082404
4.13075
0.668475
0.772599
0.208204
1.63903
61.0619
1.31131
139.959
160.093
160.093
156.463
150.0
155.756
2.35198
12.7628
6.36062
143.154
0.408187
147.122
0.0741362
13.2064
16.5209
15.9213
39.3975
86.185
2.74332
2.71782
3.33269
100.437
19.7312
2.59282
33.7675
36.4394
4.57068
11.4192
9.34205
17.8982
0.197021
159.091
7.6286
0.323992
0.362424
0.670575
151.515
0.0825161
4.10104
0.700458
0.887323
0.190736
1.89659
65.3409
1.44748
147.436
163.895
163.895
154.709
154.709
157.895
2.59116
10.3635
7.20627
139.959
0.444238
146.809
0.0789354
10.8559
13.5056
14.4533
34.2772
79.3103
2.8429
2.86712
3.24431
103.448
19.3494
2.49368
31.3067
33.269
4.30213
10.8175
8.93199
16.568
0.200066
154.525
7.76053
0.311612
0.36535
0.669235
151.188
0.080868
4.08695
0.679174
0.911457
0.193213
1.95147
71.3547
1.47758
138.0
165.468
163.507
167.07
161.593
161.972
2.67836
10.8303
7.34277
143.75
0.456147
150.0
0.0799522
10.9281
13.836
14.2916
32.364
77.2676
2.96074
2.92757
4.05003
118.261
23.8513
3.18486
43.3121
45.853
5.6276
14.1684
12.612
22.0518
0.200178
170.37
7.2479
0.379321
0.39785
0.695256
135.56
0.0799538
4.06026
0.682641
0.771545
0.201856
1.59523
61.4426
1.2498
138.554
155.756
158.621
153.675
150.0
155.405
2.2746
13.092
6.40252
146.497
0.390857
143.451
0.0749117
12.9697
16.0188
17.3337
37.1585
89.9471
2.91644
2.87093
3.3726
105.991
20.3901
2.55461
32.7324
35.2221
4.54815
11.3104
9.58773
17.2075
0.200101
163.551
7.66367
0.317351
0.359166
0.669421
150.215
0.0807411
4.06145
0.695179
0.876279
0.195149
1.84709
67.1206
1.42136
145.57
165.865
158.257
161.972
158.621
148.069
2.58408
10.788
6.90552
151.982
0.446423
144.654
0.0803039
11.3152
14.0644
13.8249
32.5472
74.514
3.06041
3.10057
3.68604
107.765
22.1787
2.86364
36.036
39.0356
5.02773
12.8948
10.696
20.2346
0.207104
155.405
7.5229
0.372856
0.420883
0.735741
155.405
0.0793104
4.11572
0.699485
0.859139
0.194731
1.70522
62.1622
1.27086
128.253
149.675
156.109
155.056
150.327
154.018
2.31094
11.8446
6.31175
129.699
0.391598
147.436
0.0739004
11.7383
14.8277
15.2843
36.7965
89.0052
3.03123
3.05946
3.35049
100.877
19.6862
2.59106
33.3012
36.1825
4.44788
11.1922
9.60334
18.1293
0.223609
151.515
7.53904
0.315873
0.340594
0.636746
148.936
0.0771817
4.17089
0.641537
0.802715
0.210639
1.7675
63.4633
1.39063
149.573
167.866
163.551
162.413
159.091
160.183
2.51067
11.1183
6.98673
154.185
0.446025
152.174
0.0825124
11.1488
13.5854
14.9383
33.5277
75.7409
3.01653
2.92224
3.37656
106.977
19.5467
2.53602
31.9149
33.675
4.33009
10.7863
8.90323
16.7273
0.208271
152.655
7.66284
0.313643
0.355009
0.663237
146.751
0.0785214
4.10244
0.68274
0.888637
0.196686
1.93445
65.5894
1.49866
150.0
159.353
163.507
157.175
157.895
151.648
2.65722
10.6531
7.30081
157.895
0.450692
138.277
0.0813323
10.5682
14.0501
14.411
34.5518
75.3275
2.97055
3.03457
3.42925
108.32
21.2963
2.6563
33.94
36.2395
4.56742
11.4125
9.29418
17.4595
0.221861
145.877
7.6261
0.313003
0.336022
0.620551
149.893
0.0774875
4.11088
0.657061
0.831028
0.209772
1.82069
65.0558
1.35276
136.187
161.29
153.509
159.453
152.174
137.255
2.49884
11.6044
7.11093
153.846
0.44117
148.305
0.0827595
11.3115
14.7752
15.1615
35.4756
79.4931
2.59926
2.61572
3.75163
111.65
23.248
2.95858
37.4593
41.2679
5.05902
12.3346
10.8252
20.384
0.188913
162.736
7.43454
0.349192
0.381504
0.671866
146.186
0.0840084
4.13818
0.677201
0.824087
0.200413
1.7174
61.6071
1.2998
142.268
161.972
149.351
152.993
149.351
150.655
2.36237
11.6771
6.44438
150.327
0.415088
147.752
0.0757493
12.2601
15.9685
15.6889
37.0569
80.2326
2.97555
2.9333
3.36963
109.698
20.1284
2.52461
34.1246
35.0788
4.30604
10.7076
9.32712
17.6545
0.211579
160.55
7.69484
0.300354
0.341974
0.657573
131.827
0.0795759
4.11916
0.673374
0.862867
0.196318
1.86724
63.5359
1.45233
154.018
163.121
164.286
167.476
158.621
160.093
2.64571
11.3263
7.54511
148.387
0.459574
151.648
0.0815238
11.3487
13.6202
13.9169
34.2432
80.326
2.74365
2.71269
3.49031
109.524
20.7831
2.77353
34.8837
34.9367
4.80769
11.6732
10.1346
18.1019
0.191312
163.934
7.51154
0.332496
0.365755
0.692768
147.679
0.0837451
4.05096
0.699662
0.82856
0.194618
1.75394
62.5
1.34524
142.268
159.353
159.353
158.621
164.286
160.093
2.43035
11.4447
6.84388
142.857
0.433673
144.351
0.0776501
11.3487
14.0874
15.5651
34.414
78.7671
2.79036
2.71418
3.25242
102.374
20.8208
2.50209
32.0632
35.4391
4.34509
11.0241
9.5515
18.0087
0.198889
140.0
7.64526
0.320476
0.367103
0.673615
142.276
0.0816657
4.08139
0.703113
0.904966
0.190005
1.93896
67.4487
1.45843
152.993
168.293
168.293
163.507
143.154
150.0
2.63842
10.6927
7.30159
148.387
0.447665
148.707
0.0792267
10.3355
13.1504
14.393
32.0037
71.5026
2.57722
2.60564
3.51449
104.545
21.1851
2.7144
35.3484
37.3377
4.78867
11.8822
9.90952
19.7461
0.188127
167.866
7.65027
0.338542
0.380312
0.699315
145.263
0.0838434
4.19963
0.671448
0.844636
0.193591
1.77037
60.1569
1.37549
147.436
156.818
161.593
155.056
150.655
151.982
2.43601
11.3524
6.74487
151.648
0.429259
137.177
0.0772289
11.4981
14.8196
14.8037
34.4311
77.8781
2.62357
2.53016
3.81284
112.179
22.2363
2.96887
37.7562
41.5184
5.15009
13.3257
11.214
20.8396
0.184129
155.056
7.34199
0.351345
0.366842
0.650993
156.109
0.0850932
4.12605
0.681407
0.783494
0.199375
1.67598
59.4315
1.2939
134.766
152.318
149.351
146.809
148.387
151.982
2.37383
12.1457
6.48679
150.985
0.415245
136.634
0.0770639
11.9937
15.1882
16.1812
36.6109
82.2562
2.69479
2.6909
3.76972
111.643
23.3178
2.91266
40.3226
42.2195
5.35332
12.9032
11.0541
20.348
0.191283
164.678
7.33964
0.359409
0.38866
0.672161
149.028
0.0834899
4.05501
0.683392
0.797522
0.200233
1.65571
62.4434
1.30083
148.069
168.293
164.678
163.121
159.353
157.534
2.33629
12.0798
6.43957
151.982
0.407221
147.436
0.0755202
12.3214
15.388
16.2564
35.769
80.8314
2.68128
2.60761
3.36587
102.339
20.2195
2.69646
37.4933
36.2319
4.60587
11.657
9.85499
18.7116
0.18907
163.551
7.5488
0.33849
0.38633
0.676219
145.57
0.0833811
4.09714
0.693405
0.870498
0.18752
1.83662
66.2188
1.41021
142.857
165.865
159.353
160.093
159.722
149.675
2.46244
10.9472
6.83371
160.839
0.418809
144.654
0.078303
10.7964
13.8
14.5171
32.543
75.2688
2.64489
2.66471
3.5727
106.061
21.2057
2.81147
37.0763
37.9816
4.95891
12.4268
10.4229
18.6716
0.186261
162.037
7.44522
0.345517
0.382312
0.677513
141.393
0.0842925
4.06289
0.687292
0.839069
0.192194
1.78083
66.6667
1.34771
138.277
156.109
158.257
163.121
156.109
151.316
2.43997
11.236
6.65573
152.318
0.419392
143.75
0.0771665
11.5811
14.36
15.2655
37.1353
79.1855
2.72232
2.69342
4.38569
108.661
26.8169
3.43181
44.0895
45.3947
6.00157
14.3481
12.792
23.0615
0.196883
165.072
6.96688
0.37963
0.387989
0.663679
158.986
0.0806189
4.12186
0.653155
0.721207
0.207734
1.58559
60.6327
1.21988
138.833
155.756
155.756
151.316
148.707
152.655
2.22854
14.4282
6.11756
144.351
0.388454
147.122
0.0758678
14.096
17.8988
18.5135
42.3833
93.2432
2.69458
2.69753
3.71254
118.243
23.4742
2.92385
38.2305
40.6977
5.0861
13.0402
11.3342
20.0343
0.190638
161.29
7.49064
0.356619
0.385809
0.673348
153.333
0.0838379
4.07729
0.689483
0.80567
0.196971
1.68878
60.6327
1.28248
139.676
164.678
154.362
157.534
149.675
153.333
2.35334
11.9212
6.56081
150.327
0.408371
147.122
0.0760258
12.0961
15.2075
15.5383
36.9783
83.4327
2.90343
2.88679
3.9078
113.3
23.3898
3.1028
40.9982
42.6716
5.37593
14.2976
11.8009
21.9256
0.201952
147.436
7.2365
0.374768
0.406483
0.699556
150.327
0.0801674
4.03745
0.672161
0.769385
0.203119
1.66953
61.828
1.28736
142.857
160.093
158.621
153.675
150.327
152.655
2.30384
12.5809
6.22687
152.655
0.389861
140.816
0.0746085
12.4542
16.0056
16.8869
37.4187
89.4942
2.93992
2.80968
3.80438
111.47
22.8099
3.02751
41.2186
42.1503
5.41942
13.5268
11.2764
21.0751
0.202837
165.072
7.37337
0.373106
0.412418
0.687641
148.387
0.080112
4.09398
0.682452
0.792885
0.203126
1.7003
59.7403
1.28027
132.948
160.839
163.507
151.982
154.018
150.0
2.28863
12.616
6.42697
150.327
0.392427
149.675
0.0742899
12.2478
14.8355
16.163
35.8442
82.1429
3.03644
3.01619
3.84181
121.053
24.5814
3.11133
41.1204
42.6716
5.5103
13.9591
11.8557
21.1268
0.201875
169.951
7.35686
0.380875
0.407633
0.69087
157.895
0.0797039
4.0391
0.696351
0.796555
0.199203
1.6045
54.5886
1.22579
138.833
155.405
160.093
152.655
150.985
152.993
2.27146
12.7246
6.29562
151.982
0.386118
142.268
0.0748682
12.67
15.8841
16.202
38.8794
82.0265
2.67142
2.61929
3.86663
116.554
23.279
3.04421
37.5204
39.9537
5.40033
13.1504
11.4542
20.378
0.193611
166.667
7.36157
0.357476
0.384755
0.673046
142.562
0.0837113
4.066
0.668767
0.764103
0.202235
1.67846
59.5855
1.33197
139.676
160.839
161.972
154.709
155.756
155.756
2.41343
12.5775
6.47097
143.451
0.410651
146.809
0.0749187
12.7095
15.3402
15.8767
37.0968
82.1429
2.64196
2.5835
3.73339
118.261
21.6233
2.97825
38.3333
40.5405
5.26838
12.7048
10.9995
20.5786
0.188576
170.792
7.41537
0.352923
0.380153
0.664196
145.877
0.0843138
4.06408
0.680332
0.775403
0.202893
1.6404
62.7273
1.28561
141.975
161.972
156.463
138.277
155.405
154.018
2.39442
12.1607
6.54401
142.268
0.410033
144.05
0.0758101
12.2189
15.8986
16.1366
38.7205
84.9754
2.6185
2.56763
3.65912
109.698
22.9312
2.96366
36.9577
40.4455
5.10506
12.5637
11.0915
20.9918
0.183153
155.405
7.37495
0.352519
0.36734
0.64161
147.436
0.0848869
4.11645
0.686062
0.805971
0.193798
1.70341
63.9481
1.28236
132.948
151.982
156.109
153.675
152.318
148.707
2.34518
12.1074
6.59152
150.327
0.41686
139.676
0.0779934
12.1908
15.1648
16.5746
35.975
84.6626
2.73799
2.75967
3.78972
117.057
23.5215
3.01205
37.8174
42.0168
5.37882
13.3105
11.0515
21.0021
0.194392
171.99
7.3046
0.358771
0.388297
0.676995
150.985
0.0833996
4.08937
0.689731
0.785099
0.198756
1.7083
58.6236
1.30709
150.985
165.072
159.353
158.621
149.028
160.839
2.42608
12.5866
6.5658
148.069
0.410199
145.263
0.0748575
12.2995
16.2697
16.0428
37.0172
87.7193
2.74147
2.74408
3.46638
108.025
21.7933
2.70208
34.0798
37.8174
4.62535
11.5626
9.71952
18.7316
0.193599
163.551
7.59713
0.324787
0.37041
0.685133
160.183
0.0833474
4.0493
0.69747
0.864868
0.189282
1.86815
67.78
1.41032
149.351
168.293
167.476
164.286
154.709
156.463
2.46834
11.2213
6.81886
148.707
0.433602
141.975
0.0783661
11.1452
13.9253
15.0491
32.6859
76.6667
2.85858
2.71111
4.33472
115.385
25.5745
3.4997
42.8305
47.9833
6.08519
15.0425
13.083
24.4768
0.193701
169.118
7.02004
0.378777
0.390904
0.674342
154.709
0.0801741
4.0884
0.653081
0.727434
0.209069
1.58887
57.4521
1.22213
146.497
155.056
152.993
157.175
144.654
148.069
2.22573
13.6245
6.16787
147.436
0.384753
148.387
0.0761481
14.5891
16.9154
17.7268
41.1622
94.8396
2.88739
2.74256
4.19727
118.557
25.2562
3.32498
42.1245
43.9211
6.07822
15.2824
12.6513
23.3029
0.196281
169.533
7.19875
0.379927
0.394376
0.674625
145.57
0.0799103
4.08018
0.66373
0.734597
0.208393
1.55647
58.4251
1.21966
137.725
155.056
154.709
149.351
147.752
146.809
2.22516
13.4734
6.34308
151.316
0.384598
142.857
0.0760303
13.4867
16.2563
17.6669
41.0628
89.5916
