"o"
9.34948
31.9761
31.8155
35.9214
159.31
94.6181
26.8483
123.664
125.489
33.2885
72.1472
68.6571
98.3222
3.63101
184.558
11.0458
1.29174
2.01973
7.04708
169.202
0.656288
6.23556
2.72606
3.63372
21.0011
150.636
17.0879
184.184
187.285
183.687
179.513
179.513
172.742
16.9851
67.4255
34.1607
179.158
4.45815
170.739
0.657473
67.3421
87.7899
75.5371
111.635
162.541
31.8174
31.7655
36.5723
164.503
96.2048
26.9083
127.396
131.884
33.7934
74.1848
68.8872
102.209
3.58841
190.576
10.9592
1.29238
2.00855
6.93325
169.145
0.658668
6.20517
2.72342
9.24434
3.66192
21.0824
147.019
17.2234
176.547
180.703
178.221
173.071
169.255
169.307
17.06
67.284
34.0072
173.401
4.52117
167.435
0.657909
67.5424
88.031
76.1067
113.117
167.796
32.1989
31.7534
36.1895
160.188
95.2048
26.8116
126.099
129.055
33.4253
74.2608
69.1273
100.758
3.54922
188.17
10.9673
1.28894
2.0052
7.02861
164.5
0.659229
6.26252
2.72122
9.24274
3.55416
21.2301
150.776
17.1717
179.835
184.095
181.394
180.431
177.604
175.371
16.9039
67.7291
33.7699
176.566
4.49933
167.746
0.65656
68.0936
87.7986
76.1905
112.443
167.694
32.2753
32.0532
36.7176
166.412
96.3408
26.7157
127.899
129.66
33.3986
73.4859
68.3098
101.374
3.6489
189.452
10.997
1.28897
2.00413
7.07474
173.223
0.655609
6.25524
2.72138
9.45983
3.64458
21.3508
147.537
17.2934
177.698
180.284
177.467
176.547
171.979
169.097
17.0323
67.143
34.1222
169.888
4.47955
165.002
0.659631
67.2341
89.1105
77.3159
113.755
170.206
