"o"
2.73695
9.85766
9.7554
12.1453
160.658
59.2486
9.21059
87.7944
91.8822
15.1281
36.3829
31.1413
52.6316
0.763024
193.609
9.217
0.726813
0.944944
2.21931
184.685
0.232068
5.05636
1.49357
0.785793
6.21664
128.366
4.73507
192.669
202.569
200.391
195.238
189.991
191.948
7.43589
35.6584
18.6822
189.464
1.41249
177.029
0.231461
35.3326
44.9364
44.7208
81.5758
145.804
9.96694
10.0093
11.7654
164.791
56.5205
8.80736
86.026
89.2935
14.4359
34.651
30.192
51.7978
0.777735
203.759
9.18536
0.72423
0.928133
2.19366
185.252
0.235472
5.24654
1.52117
2.76588
0.751386
6.14412
126.536
4.71936
186.425
205.179
201.172
193.609
189.687
185.921
7.2892
34.7222
18.4986
188.3
1.40522
180.86
0.23401
34.2351
43.0853
42.268
81.3492
146.22
9.74427
9.74937
12.7214
162.679
58.8235
9.52027
88.4765
92.1348
15.0802
37.0772
32.7948
55.6309
0.746274
199.416
9.04319
0.73521
0.939664
2.21936
184.187
0.234756
5.14081
1.51241
2.64923
0.763499
5.89131
122.681
4.68646
195.611
202.97
201.178
193.762
193.396
185.018
7.40794
35.8965
18.3445
187.729
1.41745
182.709
0.230878
35.6643
45.2529
45.3233
81.5348
148.472
9.65842
9.50747
12.4197
162.312
57.7953
9.34579
89.6822
89.9171
14.7744
36.7463
31.7411
54.2534
0.743937
202.159
9.12554
0.728374
0.952253
2.28552
183.363
0.235424
5.20622
1.48909
2.6564
0.763021
5.88844
118.841
4.60674
186.703
182.872
192.85
190.698
184.022
190.344
7.29096
35.677
18.4353
191.768
1.40509
185.52
0.232602
35.0487
44.0576
43.3404
81.7384
144.876
10.0244
10.002
11.9995
149.308
57.649
9.22136
87.4573
91.1111
14.9938
36.5962
31.7852
53.5065
0.760659
195.817
9.01926
0.725914
0.929628
2.16833
185.586
0.234588
5.24364
1.52226
2.71042
0.750737
5.97947
125.153
4.62253
186.025
198.643
195.985
196.548
190.875
183.527
7.24791
35.3387
18.4203
187.729
1.39597
175.815
0.235051
34.5816
42.896
43.617
81.8363
148.228
9.58962
9.39356
11.9571
157.651
57.0949
9.04335
89.4345
91.3569
14.57
35.5532
30.7439
53.3854
0.74446
202.369
9.22385
0.726448
0.942481
2.21397
180.936
0.242417
5.19355
1.52758
2.69396
0.744488
5.9062
124.239
4.56213
190.121
197.674
199.413
198.251
196.911
195.215
7.09639
34.1308
18.2062
194.656
1.33744
181.818
0.228057
35.221
43.3121
43.6644
81.7308
147.505
9.78483
9.56938
11.804
155.657
56.9286
8.80131
85.6307
89.1692
14.2272
34.9924
29.7173
52.271
0.768832
194.707
9.25261
0.715576
0.915731
2.14679
190.037
0.23838
5.14036
1.54769
2.81233
0.755802
6.31302
127.633
4.93401
192.344
190.918
198.842
192.523
191.272
188.3
7.65031
34.7575
19.1414
189.512
1.44723
182.301
0.232511
34.1724
42.4959
42.7975
81.0918
146.011
9.84583
9.90577
12.1022
164.526
57.7465
9.18418
87.0488
91.1922
14.7175
36.3444
31.1461
52.2445
0.769003
198.459
9.05216
0.725891
0.927702
2.25952
175.618
0.239485
5.2416
1.51871
2.69
0.762189
5.89734
121.893
4.54095
195.446
198.842
196.941
196.19
191.095
193.791
7.14161
35.0188
18.4818
185.688
1.39525
177.951
0.229981
34.6987
43.8596
42.986
82.0
146.324
10.1015
10.0926
11.4865
157.935
55.6914
8.55843
84.851
87.3083
13.937
34.161
29.7101
50.2328
0.76466
196.753
9.13444
0.709489
0.925236
2.18253
181.179
0.232134
5.11822
1.5103
2.73951
0.712251
6.05041
126.387
4.75771
194.313
201.573
199.029
193.214
196.36
187.729
7.46187
33.8899
18.8488
183.692
1.4485
180.936
0.242937
33.3659
41.888
41.6497
79.273
148.766
9.63708
9.72993
12.1381
161.545
58.4712
9.2647
86.7909
90.1099
14.9178
36.7779
31.5579
54.2185
0.762408
199.805
9.22898
0.730684
0.949668
2.21761
179.667
0.233394
5.07212
1.5083
2.7097
0.763268
5.9952
123.718
4.68732
194.497
200.0
199.416
193.396
195.985
188.766
7.41545
35.461
18.6296
195.985
1.41938
181.095
0.231777
34.6284
43.766
43.6449
82.7948
148.336
9.77808
9.69628
12.0368
162.291
58.1694
8.9959
87.8931
91.2343
14.7292
35.5091
31.126
52.2541
0.72801
204.204
9.19406
0.72221
0.936749
2.2021
186.703
0.23559
5.12014
1.50825
2.66327
0.747354
5.96381
126.778
4.58931
193.032
201.178
195.985
195.052
190.875
185.018
7.21679
34.7293
18.5168
187.729
1.4284
178.883
0.234955
35.0275
43.8898
43.5897
82.0265
143.561
9.89334
9.72809
11.6603
161.29
56.9919
8.94884
85.0622
90.1099
14.243
35.1388
30.6703
52.1761
0.758661
192.127
9.19159
0.719475
0.927844
2.20606
182.462
0.237189
5.19066
1.5048
2.64499
0.743017
5.86334
122.534
4.58336
188.94
198.643
195.798
196.172
189.815
186.533
7.23972
34.5758
18.1689
189.464
1.38603
182.384
0.237208
34.1952
43.7193
42.905
81.3492
144.979
9.7997
9.88095
11.9501
163.855
57.2873
9.09983
87.2541
90.1458
14.8796
36.4351
31.1787
53.1501
0.745517
200.0
9.09131
0.733841
0.946248
2.20309
185.688
0.232526
5.12308
1.5127
2.73468
0.743695
6.16319
124.544
4.73956
195.238
201.178
203.373
197.876
185.018
189.639
7.36403
35.288
18.7574
182.709
1.42803
180.617
0.234641
35.13
43.9182
42.9474
82.3577
148.364
9.94373
9.89
11.4743
160.911
56.2878
8.68902
83.3672
87.6443
14.1918
34.9233
29.3615
50.2807
0.759681
195.261
9.12393
0.7166
0.916353
2.17219
182.709
0.236883
5.16139
1.53036
2.76284
0.727394
6.06312
123.494
4.7147
186.025
197.115
194.497
191.768
180.617
179.353
7.21958
33.5077
18.5353
180.936
1.43164
179.353
0.236051
33.2792
42.0599
41.948
80.8679
143.759
10.1275
10.1793
11.8896
160.407
56.7867
8.99636
83.4691
91.2328
14.4938
35.2294
30.3704
51.9284
0.794654
192.884
9.1584
0.720479
0.9232
2.1787
183.274
0.236334
5.12527
1.50883
2.66401
0.785796
5.94499
124.246
4.65274
193.609
202.956
202.358
197.129
192.884
184.258
7.27632
35.4365
18.5218
192.164
1.39754
184.588
0.231512
34.5875
43.7473
42.593
81.5109
151.515
9.94448
9.94689
12.011
162.975
57.0006
8.87548
86.7003
88.9849
14.2305
35.1416
30.6639
51.1111
0.77336
199.807
9.2688
0.718905
0.920395
2.1598
176.672
0.234915
5.214
1.51781
2.76707
0.769892
6.22752
123.873
4.80254
192.523
198.077
192.523
194.156
186.089
191.272
7.36793
34.2534
18.5335
183.929
1.43394
185.085
0.235846
34.5464
43.5702
43.4416
80.1868
146.515
