"o"
14.6475
15.1333
15.0013
15.3221
15.3229
15.3601
15.2751
15.2184
14.9961
15.0511
15.1956
15.1645
15.1005
14.65
15.0188
14.9171
14.7003
14.5615
14.4377
14.5194
14.5611
14.6264
14.8424
14.7373
14.6729
14.6539
14.4474
14.1234
14.1593
14.2782
14.3541
14.5461
14.4833
14.6432
14.7183
14.7416
14.6925
14.8386
15.041
14.9809
14.782
14.7496
15.0223
15.2485
15.3925
14.8971
14.8149
14.9117
14.7941
14.8891
14.7718
14.7636
14.7216
14.6549
14.7538
14.6727
14.7486
14.7807
14.9179
15.001
14.9629
14.9871
14.8502
14.8125
14.743
14.8669
14.881
14.8735
14.6962
14.7905
14.6484
14.415
14.5577
14.6131
14.6516
14.6858
14.8662
14.8237
15.0535
14.9577
14.9859
15.0438
15.0156
14.9972
14.801
14.9906
15.0346
14.916
14.9859
14.8972
14.8375
15.0144
14.4813
14.5266
14.6585
14.6422
14.6627
14.9294
15.106
15.0083
15.0334
15.0416
14.8035
15.0611
15.0708
15.107
15.1067
14.8399
14.616
14.5598
14.5109
14.6069
14.5523
14.7215
14.6838
14.8758
15.0648
14.9409
14.9675
15.0926
15.0693
15.027
14.9133
14.8374
14.879
14.64
14.4327
14.4984
14.5129
14.8179
14.8373
14.8085
14.519
14.7254
14.6839
15.2471
15.141
14.6213
14.5518
14.7284
14.6243
14.7985
14.7624
14.9187
14.9252
14.7284
14.8296
15.1053
14.9564
14.851
14.6647
14.7782
14.8769
14.8719
14.7456
14.7495
14.5969
14.6247
15.0374
14.6378
14.9647
15.1174
15.2058
15.3005
15.234
15.1362
15.187
15.0058
14.9119
14.8113
14.6949
14.9484
14.9375
14.9558
15.001
14.6718
14.3928
14.437
14.6275
14.536
14.6785
14.8108
14.7858
15.026
15.0672
14.9177
14.7891
14.5208
14.4386
14.4902
14.3695
14.6735
14.697
14.6647
14.7865
14.8198
14.9631
14.769
14.786
14.8018
14.8946
15.1096
15.0098
14.6248
15.0777
15.1348
15.1767
15.302
15.2702
15.0801
15.0161
15.0254
14.7821
14.8433
14.4592
14.8089
14.7783
14.644
14.6494
14.5421
14.5815
14.589
14.5122
14.6183
14.8297
14.2597
14.2194
14.6376
14.5703
14.5473
14.518
14.5547
14.7226
14.6438
14.5265
14.3846
14.5258
14.1752
14.6088
14.4893
14.5201
14.8338
14.9119
14.8181
14.6909
14.8664
14.987
14.7912
14.1954
15.1653
15.1903
15.2683
15.2085
15.1066
14.981
15.0967
15.0503
15.2145
15.162
14.6616
14.9838
14.9336
14.8612
14.6103
14.4828
14.9493
14.9557
15.0149
14.8314
14.7662
14.8903
15.058
15.2381
15.1805
15.4149
15.3345
15.1738
15.0817
15.2265
15.2678
14.9469
14.8384
14.8748
14.6791
14.7204
14.5399
14.3008
14.3297
14.3375
14.317
14.4624
14.6109
14.9039
14.8595
14.689
14.5362
14.594
14.7601
14.7352
14.6395
14.6265
14.7758
14.7435
14.6528
14.8812
14.6495
14.8571
14.8616
14.9016
14.8373
14.9027
14.8438
14.9918
15.0266
15.4824
14.9839
14.8801
15.1972
15.0653
15.1617
14.8554
14.8156
14.829
14.4728
14.6186
14.7676
14.8813
14.6368
14.997
15.0676
14.849
15.0914
14.7061
14.8589
14.7837
14.6635
14.8264
14.7468
14.6821
14.598
14.5564
14.4751
14.4477
14.5996
14.3761
14.3658
14.6631
14.7411
14.9196
14.7864
15.0129
15.0737
15.1838
15.1083
14.9513
14.9618
14.8533
15.0262
15.2366
15.2259
15.2832
15.2482
14.7248
14.7038
14.8422
14.6298
14.5025
14.4274
14.5928
14.714
14.5878
14.564
15.0992
14.7873
14.8938
14.9336
14.8545
14.726
14.8396
14.7414
14.7207
14.7684
14.6886
15.0604
14.7909
14.5456
14.7994
14.8635
14.9003
15.03
14.9049
14.924
15.0188
14.8577
14.8592
14.9139
15.1338
15.027
15.1774
15.174
14.7391
14.893
14.8142
14.8576
14.9338
14.6604
14.6845
15.2772
14.9096
14.8755
14.8219
14.793
14.7162
14.9792
15.0923
14.8584
14.717
14.9254
14.543
14.4316
14.4287
14.4323
14.3781
14.3252
14.5605
14.6907
14.6031
14.4421
14.8441
14.6239
14.4663
14.2657
14.6138
14.7036
14.8992
15.1031
15.0437
15.1537
15.147
14.8587
14.8277
14.8326
14.5679
14.6494
14.7175
15.0176
15.0932
15.1943
15.0505
15.4845
14.7406
14.9758
14.789
14.7575
14.8395
14.9179
14.9482
15.0198
14.9463
14.912
14.8987
15.017
15.0523
15.2155
14.9254
14.9509
14.9348
14.9306
15.1884
15.0084
14.8657
14.8797
14.809
15.1301
14.6919
14.6941
14.5541
14.7883
14.726
14.702
14.6678
14.5367
14.7406
14.6539
15.2291
14.335
14.2569
14.3013
14.3128
14.5168
15.084
15.2463
15.1594
14.896
14.7977
14.5965
14.8171
14.8404
14.93
14.9152
15.0583
14.9008
14.8778
14.8219
14.9248
14.8939
14.7275
14.9202
14.6131
14.7604
14.822
14.8236
14.9778
15.0946
15.2019
15.1602
15.1002
15.0479
14.9238
14.7645
14.7323
14.7479
14.8944
14.8381
14.6671
14.6912
14.7425
14.7042
14.59
14.9881
14.4233
14.3208
14.3905
14.5096
14.4577
15.2699
15.2035
15.1417
15.0109
14.7779
14.7381
15.0138
14.5071
14.8535
14.9075
14.858
14.9725
15.0769
14.8788
14.742
14.5825
14.7394
15.2604
14.7521
14.7504
14.6173
14.5754
14.7136
14.9096
14.9288
14.7998
15.0331
15.2406
15.3075
15.126
14.9889
14.933
14.7976
14.7555
14.6307
14.6954
14.7021
14.8061
14.7973
15.424
14.8289
14.7525
14.713
14.6735
14.915
14.9027
14.6118
14.7106
14.3198
14.4214
15.0945
14.8463
15.1047
15.2333
15.1824
15.2239
15.0496
14.8578
15.0093
15.1592
15.1838
15.1031
14.6831
15.2345
15.2867
14.8931
14.8712
14.569
14.4913
14.6049
14.5075
14.5845
14.527
14.4169
14.5506
14.5808
14.454
14.5688
14.6686
14.7744
14.4493
14.6264
14.5133
14.8509
14.3364
14.6675
14.8883
14.895
14.9325
15.0384
14.4641
14.4827
14.5602
14.6961
15.0198
15.1558
14.8735
14.9006
15.0373
15.1106
15.1454
14.9786
15.076
15.0408
14.9215
14.7435
14.7945
14.845
14.6646
14.8758
14.9183
14.7373
14.8666
14.8916
14.8859
14.8265
14.5091
14.6364
14.7959
14.6263
14.6059
14.434
14.537
14.6674
14.4151
14.6532
14.697
14.6252
14.7095
14.689
14.7745
14.9426
15.0921
15.0061
15.1482
14.5784
14.4219
14.5467
14.7714
14.7862
14.8245
14.5667
15.058
14.9966
14.9741
15.1637
14.9359
14.9165
14.7874
14.9559
14.9273
14.8271
14.392
14.9457
14.7597
14.8214
14.5873
14.5098
14.5372
14.5726
14.6829
14.6912
14.5915
14.4208
14.9181
15.0005
15.0566
14.999
15.0768
15.0762
15.0712
14.9079
14.9438
14.9808
14.4271
14.9681
14.9492
14.8772
14.9148
14.8593
14.5185
14.6408
14.6601
14.7814
14.9851
14.3533
14.3669
15.2325
15.2286
15.2145
15.1403
15.0611
15.0166
14.8843
14.9158
15.0875
15.1998
14.4441
14.9166
14.8118
14.5854
14.5715
14.4438
14.4169
14.7132
14.7883
14.9248
15.0409
14.5382
15.1002
14.9317
14.9739
14.9757
15.0055
14.7743
14.6692
14.6991
14.6413
14.6309
14.6244
14.7357
14.7539
14.5329
14.6046
14.589
14.8348
14.9461
15.1117
15.2333
15.3432
14.9185
14.946
14.5502
14.4538
14.6778
14.5524
14.9946
15.1287
15.0802
15.0539
15.1028
15.3438
14.769
15.1157
14.8456
14.8141
14.7957
14.731
14.8029
14.9752
14.9581
15.0582
15.0274
15.0531
15.0692
14.774
14.5582
14.5265
14.6365
14.7077
14.63
14.5621
14.5479
14.7992
15.1692
14.8859
15.0045
14.8844
14.8008
14.8397
15.0021
14.8464
14.8836
14.7451
14.6228
15.2024
15.0383
14.9646
15.0555
15.0174
15.342
15.2652
14.9943
15.0951
15.1625
15.0984
15.0546
14.8795
14.7951
14.9018
14.7945
14.6879
14.702
14.8243
14.7243
14.9175
14.8809
14.6001
14.7417
14.5681
14.5111
14.5523
14.659
14.6241
14.815
14.9068
14.7914
14.8465
14.8222
14.7173
14.8076
14.6803
14.8853
14.9348
15.125
14.6187
14.6761
14.5265
14.6578
14.7831
14.6825
14.8774
14.7091
15.0574
15.0644
14.8569
14.6643
14.6205
14.6594
14.606
14.7034
14.8038
14.9867
14.5461
14.4175
14.5353
14.596
14.6248
14.7277
14.9613
14.9048
14.9186
15.1613
14.9548
15.3123
15.1044
14.8636
15.0947
15.0866
14.9834
15.1751
15.1081
15.137
15.0017
14.6153
14.828
14.6439
14.5288
14.45
14.6377
14.5834
14.5963
14.8113
14.7957
14.8695
14.6755
14.6221
14.834
14.531
14.7604
14.8183
14.966
14.916
14.7793
14.9899
14.901
14.9994
14.6199
14.914
15.1207
15.1476
15.2378
15.1494
15.1325
15.1105
15.0898
15.0887
14.9984
14.716
14.767
14.8149
14.6539
14.5163
14.6194
14.8495
14.7515
14.662
14.6212
14.6572
14.7443
14.6035
14.428
14.4397
14.4993
14.6041
14.8133
14.8859
14.8222
14.9238
14.7664
14.68
14.5935
15.2166
15.1488
15.0003
15.1043
15.0391
14.9875
14.5934
14.613
14.5094
14.5587
14.9438
14.5414
14.5871
14.7224
14.8012
14.7523
14.8838
15.0207
14.7353
14.5786
14.4957
15.0279
14.5515
14.5777
14.596
14.5036
14.6405
14.8514
14.8028
14.919
14.9161
15.0925
15.0949
14.893
14.7327
14.7456
14.8895
14.7656
15.042
15.1853
15.2719
15.2819
15.2016
14.7239
14.6067
14.6266
14.4845
14.6133
14.818
14.7355
14.7358
14.7959
14.9213
14.6661
14.4436
14.6327
14.4815
14.4843
14.6803
14.5738
14.7292
15.0584
15.0725
15.2554
15.2082
15.1789
14.4551
15.0566
15.0451
14.9448
14.8931
14.8762
14.8148
14.8928
14.8841
14.9534
15.0242
14.4308
15.0459
14.9745
14.9013
14.818
14.782
14.5043
14.7198
14.7016
14.689
14.4314
14.5371
14.6437
14.7514
14.7179
14.8371
14.8531
14.8312
14.6854
14.887
15.1026
15.1519
15.0364
14.6855
15.075
15.0165
15.0973
15.2603
15.086
15.0775
15.1313
15.2658
15.2308
15.1245
14.4971
15.1378
15.0133
15.1009
14.7878
14.8088
14.7924
14.9922
14.9162
15.069
15.1234
14.4164
15.046
14.8773
14.8347
14.8031
14.7455
14.4677
14.7038
14.7624
14.8685
14.8546
15.1568
15.1689
14.6499
14.6462
14.7925
14.7474
14.8192
15.0418
14.9696
15.1977
15.0118
14.9633
14.8901
14.8212
14.5995
14.644
14.5343
14.6867
14.6183
14.6796
14.9252
15.0798
15.2926
14.6479
15.2581
14.9348
14.8486
14.7459
14.5632
14.6343
14.5133
14.5338
14.5107
14.7223
14.7869
14.9074
14.9748
15.1854
15.0794
15.3026
14.8357
14.75
14.5054
14.6638
14.6726
14.9463
15.0452
14.7982
14.7959
15.0416
15.0248
14.743
14.9687
14.9516
15.0387
14.9773
15.0675
14.9848
15.2785
15.0044
14.9154
14.9158
14.875
14.9419
14.9019
14.7185
14.6681
14.8025
14.9091
14.6888
14.5609
14.513
14.6969
14.773
14.707
14.6053
14.641
14.6128
14.6119
14.7502
14.5267
14.6375
14.7655
14.8371
14.846
14.8829
14.6264
14.6794
14.7104
14.6023
14.9724
14.94
14.7961
14.8512
14.8754
15.0243
15.1085
15.0141
15.2194
15.2411
15.2047
14.9054
14.9625
14.6881
14.4873
14.7215
14.5967
14.5735
14.8437
15.0126
15.0185
15.0519
15.0961
14.6499
15.0413
14.8458
14.9378
14.7542
14.6665
14.5783
14.4618
14.3958
14.4612
14.4747
14.7034
14.7762
14.9323
14.9024
15.0315
14.7789
14.7919
14.8274
14.6707
14.7711
14.7599
14.502
14.4586
14.9488
14.8848
14.7138
14.5846
14.6381
14.8704
14.8302
14.8908
14.6656
14.6671
14.3293
14.7498
14.6538
14.5291
14.4065
14.7012
14.9648
14.9946
14.8751
14.8233
14.9046
14.683
14.8472
14.8962
14.9346
14.7379
14.7916
14.9859
14.8194
14.7944
14.8409
14.7858
14.8366
14.9673
14.8757
14.9937
14.8084
14.6861
14.8893
14.7001
15.0529
15.073
15.0342
15.2674
15.2089
14.8865
14.8326
14.8958
14.6751
14.8682
14.9462
14.9694
15.2122
15.1771
15.2301
15.0804
15.3622
15.0971
15.0784
14.7562
14.4105
14.2834
13.9973
14.0056
14.2575
14.341
15.0793
14.2889
14.42
14.6022
14.5069
14.6718
14.8594
14.9068
14.8552
14.6974
14.9565
14.8373
15.0043
15.0459
14.9365
15.0094
15.3695
14.9709
14.6574
14.6692
14.5988
14.7863
15.0553
14.8719
14.7885
14.9008
15.0402
15.0295
14.9192
14.9752
14.9042
14.9365
14.7318
14.5924
14.7947
14.6545
14.6667
14.7666
14.6665
14.924
14.9959
14.829
14.9626
14.8456
14.8922
14.5117
14.9978
15.0537
15.1061
15.0425
15.0432
15.1216
15.007
14.8085
14.6159
14.6318
14.3719
14.7019
14.6891
14.4767
14.7613
14.8865
14.5014
14.4795
14.5323
14.7344
14.7948
14.787
15.0881
14.7338
14.7513
14.7884
14.6629
14.5588
14.5831
14.7979
14.9089
14.999
15.018
14.8785
14.9775
15.0215
14.9509
14.7854
14.7649
14.5199
14.4889
14.4574
14.5496
14.7794
14.8343
14.8303
15.012
15.0397
15.0447
15.1627
15.0544
14.9467
14.8589
14.995
14.872
14.8779
14.7425
14.6861
14.5018
14.5372
14.5431
15.075
14.9281
14.7901
14.7554
14.8116
14.7168
14.6851
14.5426
14.6817
14.8196
15.1759
15.1611
15.0416
14.8579
15.0955
15.0148
15.0018
14.8135
15.0707
15.0836
15.0702
15.1543
15.1066
14.9632
15.1437
14.9592
14.8274
14.7271
14.7517
14.915
14.6196
14.7236
14.9338
14.96
14.8191
14.5015
14.6556
14.7269
14.6543
14.9694
14.6636
14.7121
14.5502
14.476
14.6449
14.8503
14.6687
14.7626
14.5173
14.5868
