"o"
127.533
128.55
130.102
133.283
133.619
133.599
133.753
130.64
132.496
132.887
133.167
132.648
133.619
129.809
134.132
133.008
134.9
134.308
134.694
133.771
131.585
129.299
128.448
130.171
126.912
126.426
125.84
128.212
128.721
127.764
130.371
132.224
132.704
131.649
131.422
131.976
132.144
130.774
129.861
130.166
131.138
131.07
131.1
131.214
134.309
133.704
131.96
128.431
129.658
129.621
126.737
130.274
129.729
130.154
130.702
130.85
130.755
132.093
131.813
131.681
132.584
131.051
130.55
130.561
129.469
130.554
131.252
130.904
132.104
129.65
129.652
130.145
130.364
131.313
133.137
133.483
133.991
133.59
133.683
131.712
133.003
133.226
133.384
134.228
134.342
131.158
131.326
128.913
127.51
126.445
130.354
132.109
131.166
131.862
131.824
132.022
130.34
131.425
132.562
133.499
132.433
132.459
132.791
131.7
132.296
131.813
131.742
133.3
131.266
131.906
131.443
131.432
132.222
132.193
132.328
132.108
132.793
132.943
132.601
131.877
131.609
129.464
129.179
129.681
130.526
129.539
130.239
130.54
129.231
130.556
130.317
128.987
128.258
128.795
129.554
131.051
130.396
129.68
131.077
131.003
132.257
130.545
130.691
132.062
132.96
133.281
133.422
129.923
133.836
132.434
133.473
132.255
131.811
131.254
131.756
132.834
131.524
131.241
130.215
131.014
128.969
128.358
130.68
130.786
131.427
130.246
130.86
130.425
132.046
129.851
132.533
133.025
133.755
131.807
130.802
128.656
129.481
129.012
129.02
129.685
