"o"
3.96516
3.56746
3.37306
3.68296
3.38145
3.63821
3.63184
3.63839
3.60075
3.44865
3.54877
3.40998
3.39763
3.69843
3.59915
3.63235
3.58317
3.83273
3.72557
3.56352
3.62983
3.60792
3.83247
3.63109
3.86804
3.88301
3.63468
3.73496
3.6041
3.63536
3.76392
3.65175
3.62821
3.6473
3.7948
3.72322
3.6987
3.57892
3.60331
3.65419
3.73268
3.72559
3.80184
3.73043
3.72852
3.79015
3.78938
3.44084
3.51525
3.49507
3.57347
3.38494
3.58459
3.58472
3.52305
3.42649
3.56369
3.72855
3.46272
3.54914
3.56574
3.72655
3.60627
3.63429
3.57659
3.50148
3.41539
3.62233
3.61659
3.84681
3.78369
3.74815
3.61598
3.67261
3.95215
3.89254
3.80476
3.71361
3.74313
3.61527
3.91086
3.90537
3.8527
3.82806
3.76947
3.49027
3.43601
3.57192
3.43759
3.49969
3.60435
3.6304
3.32321
3.38718
3.38725
3.59265
3.56385
3.48177
3.42627
3.42638
3.62397
3.48458
3.60554
3.69997
3.64215
3.80153
3.63249
3.57134
3.68839
3.71365
3.66609
3.9578
4.00404
3.515
3.93157
3.97832
3.92612
3.56146
3.79056
3.51373
3.34933
3.50607
3.80734
3.67297
3.4641
3.71298
3.58676
3.39934
3.37945
3.46181
3.33047
3.48244
3.41607
3.60611
3.41821
3.56905
3.62492
3.50248
3.50338
3.54828
3.50691
3.61184
3.4751
3.51017
3.88737
3.93794
3.75254
3.55035
3.86458
3.6817
3.67081
3.60818
3.57001
3.73183
3.9727
3.82812
3.69602
3.6815
3.67755
3.58216
3.7974
3.8263
3.72111
3.74703
3.92042
3.70594
3.78327
3.54614
3.65841
3.65846
3.49966
3.68623
3.53958
3.5173
3.52352
3.54921
3.50621
3.60187
3.65686
3.58703
3.76231
3.50352
3.60618
3.58723
3.46122
3.56992
3.53467
3.59815
3.47416
3.53877
3.54433
3.58009
3.44521
3.46516
3.60295
3.562
3.66259
3.44002
3.76357
3.73386
3.83416
3.7254
3.54862
3.75751
3.65394
3.72912
3.84485
3.95857
3.79225
3.69815
3.67966
3.64864
3.48668
3.63955
3.72723
3.59264
3.66593
3.81306
3.68592
3.70309
3.76022
3.86293
3.65323
3.73781
3.72942
3.80878
3.87027
3.58755
3.51803
3.82021
3.81689
3.76855
3.86156
3.6837
3.73226
3.64241
3.81786
3.97889
3.74036
3.87694
3.63298
3.39801
3.41205
3.32127
3.44387
3.52934
3.55139
3.3891
3.81862
3.5351
3.58809
3.42703
3.39024
3.63473
3.48715
3.52179
3.43937
3.267
3.26735
3.94177
3.36467
3.53693
3.73168
3.75886
3.76582
3.7353
3.69102
3.70038
3.73917
3.62568
3.633
3.56155
3.49409
3.73867
3.6418
3.63354
3.65934
3.54343
3.611
3.74906
3.54789
3.55749
3.65033
3.69128
3.77882
3.94269
3.83889
3.74399
3.55303
3.69432
3.59233
3.6784
3.5423
3.61595
3.52333
3.46899
3.83458
3.73177
3.79126
3.55141
3.62477
3.55898
3.73628
3.52191
3.57766
3.76399
4.00906
3.76367
3.73531
3.68135
3.54377
3.59223
3.61117
3.76047
3.79209
3.63568
3.68436
3.81088
4.00837
3.85851
3.86588
3.82638
3.73751
3.58418
3.5725
3.68735
3.47463
3.70132
3.52026
3.54914
3.57543
3.53973
3.6142
3.63594
3.66523
3.58088
3.57703
3.64377
3.61968
3.71937
3.51898
3.61852
3.4948
3.5376
3.41845
3.46921
3.5231
3.56132
3.67195
3.69108
3.55211
3.42994
3.46943
3.41076
3.33632
3.70485
3.63897
3.63641
3.68937
3.55305
3.73163
3.81814
3.72092
3.58074
3.66612
3.44031
3.59413
3.67783
3.59748
3.80213
3.75959
3.61997
3.67217
3.626
3.76323
3.56675
3.58556
3.40878
3.71671
3.63636
3.69801
3.7168
3.69956
3.68519
3.52515
3.77422
3.68289
3.59113
3.56479
3.42746
3.66665
3.5426
3.55598
3.6441
3.59618
3.59162
3.37028
3.63225
3.57195
3.61741
3.70151
3.7252
3.68248
3.74046
3.74717
3.79039
3.73682
3.60396
3.84399
3.64399
3.51195
3.50433
3.49338
3.69226
3.67176
3.74382
3.53585
3.81605
3.61609
3.49698
3.79081
3.57275
3.63632
3.65539
3.66601
3.59882
3.55885
3.49509
3.7329
3.49568
3.43087
3.40748
3.64022
3.67916
3.52584
3.64509
3.82444
3.8098
3.80903
3.74722
3.72881
3.66626
3.61621
3.70779
3.8691
3.94588
3.8602
3.68097
3.69959
3.68444
3.81533
3.68001
3.66583
3.4913
3.60841
3.70576
3.58547
3.49903
3.72878
3.71457
3.77807
3.61643
3.47214
3.43811
3.65696
3.78422
3.84196
3.78461
3.68839
3.63933
3.51918
3.67091
3.65635
3.71872
3.63678
3.52445
3.35752
3.49728
3.52312
3.71041
3.32055
3.54433
3.60983
3.65811
3.66555
3.49117
3.56549
3.65805
3.70742
3.9734
3.6065
3.64262
3.68547
3.67047
3.55086
3.63856
3.58576
3.52007
3.4497
3.63845
3.53973
3.65305
3.76263
3.61247
3.71988
3.50881
3.82996
3.67065
3.86809
3.79874
3.93477
3.65835
3.55885
3.61912
3.51088
3.50529
3.52854
3.5046
3.60007
3.49223
3.47558
3.50094
3.45312
3.68077
3.56068
3.61241
3.63149
3.83132
3.69992
3.67957
3.73028
3.66324
3.59545
3.51107
3.59414
3.81394
3.66356
3.62674
3.65422
3.56826
3.70629
3.87809
3.53674
3.63273
3.66487
3.74997
3.55665
3.62516
3.506
3.53396
3.54185
3.46885
3.88508
3.53814
3.63293
3.50798
3.36444
3.29629
3.31447
3.36198
3.42548
3.5845
3.56257
3.70744
3.78542
3.74826
3.64681
3.61792
3.80058
3.87658
3.66604
3.8448
3.79499
3.75128
3.80426
3.83984
3.82781
3.91783
3.6572
3.59545
3.66165
3.54196
3.66786
3.62453
3.56117
3.7465
3.74065
3.91945
3.79074
3.72017
3.67786
3.76449
3.81729
3.65276
3.57617
3.62532
3.6418
3.81522
3.68064
3.52745
3.69463
3.80573
3.62206
3.4416
3.68343
3.44399
3.53305
3.38401
3.64615
3.56164
3.42218
3.43708
3.59035
3.43376
3.63035
3.79587
3.68308
3.6348
3.55387
3.70766
3.49529
3.68473
3.69664
3.77057
3.75916
3.72953
3.74315
3.93233
3.69095
3.85421
3.43811
3.43095
3.9065
3.85344
3.77334
3.76617
3.57143
3.61323
3.9565
3.59726
3.66081
3.65504
3.74761
3.75653
3.72852
3.84351
3.90976
3.77787
3.79296
3.7725
3.54234
3.49005
3.50935
3.93949
3.48476
3.52282
3.383
3.36741
3.60099
3.60965
3.60903
3.61504
3.54322
3.62233
3.94976
3.59586
3.47382
3.48995
3.4748
3.54986
3.73499
3.77587
3.65854
3.64125
3.85198
3.88949
3.85497
3.91108
3.91216
4.06024
3.86339
3.69385
3.70838
3.64807
3.69721
3.48018
3.4797
4.05891
3.41872
3.48449
3.46958
3.61224
3.62131
3.75969
3.47114
3.45876
3.63069
3.4313
4.07228
3.64583
3.63196
3.65333
3.62594
3.52315
3.64097
3.52596
3.57488
3.52674
3.67227
4.15993
3.55919
3.87434
3.6649
3.72421
3.70422
4.08438
3.8821
4.05987
3.85955
4.03963
3.72715
3.66129
3.90195
3.79605
3.84747
3.76421
3.66472
3.64223
3.50812
3.76662
3.89042
3.70143
3.59829
3.70375
3.46597
3.61718
3.51587
3.5337
3.75771
3.93519
3.69943
3.45828
3.33713
3.76914
3.64642
3.68005
3.50439
3.55369
3.45671
3.51295
3.39368
3.52091
3.67816
3.55347
3.74036
3.49942
3.55832
3.57043
3.7079
3.56138
3.66739
3.53528
3.55357
3.6089
3.72654
3.61074
3.6333
3.54513
3.54693
3.80105
3.68873
3.51168
3.73197
3.47851
3.71555
3.51202
3.7667
3.63847
3.7636
3.85364
3.67352
3.64189
3.78302
3.85099
3.81822
3.82666
3.80062
3.71847
3.47771
3.73638
3.48832
3.71916
3.75625
3.67478
3.7821
3.73197
3.54094
3.53117
3.59886
3.46304
3.60594
3.59447
3.7362
3.61496
3.64082
3.43496
3.4063
3.51002
3.51695
3.55828
3.61607
3.66319
3.82013
3.51535
3.55018
3.37646
3.35895
3.3606
3.46507
3.53784
3.59987
3.39719
3.78616
3.22815
3.38179
3.45446
3.60433
3.71219
3.60347
3.65529
3.52396
3.50371
3.75024
3.68395
3.67428
3.76134
3.73779
3.86566
4.07494
3.97093
3.8682
3.88119
3.74565
3.6522
3.53745
3.74556
3.85321
3.75101
3.59703
3.68341
3.51053
3.43525
3.6458
3.69477
3.74772
3.72411
3.80099
3.77134
3.81191
3.60021
3.47555
3.5475
3.45353
3.59631
3.57303
3.52279
3.70215
3.74052
3.47511
3.39243
3.45119
3.47273
3.54772
3.79207
3.61344
3.6591
3.76597
3.51492
3.76441
3.54231
3.601
3.59435
3.64434
3.54812
3.74373
3.80635
3.85624
3.69769
3.66227
3.51023
3.77282
3.82493
3.81865
3.66499
3.81038
3.64903
3.64377
3.61024
3.7642
3.89892
3.48873
3.67447
3.6186
3.67336
3.74071
3.57507
3.38909
3.34754
3.46008
3.57871
3.76449
3.73498
3.51483
3.61868
3.63519
3.64417
3.57485
3.90405
3.88884
3.77579
3.59972
3.83091
3.8447
3.55141
3.81386
3.9185
3.62448
3.53785
3.53545
3.51419
3.48609
3.55137
3.29583
3.2794
3.43672
3.28313
3.27267
3.38723
3.45174
3.55925
3.71139
3.60683
3.65342
3.69799
3.64151
3.80719
3.77388
3.47693
3.63668
3.59248
3.56972
3.74079
3.7812
3.80542
3.71233
3.78909
3.95768
3.72782
3.8631
3.65878
3.62836
3.57712
3.4032
3.46824
3.6131
3.64168
3.76322
3.76624
3.76563
3.58499
3.60627
3.5178
3.60001
3.53095
3.77806
3.59057
3.57672
3.55238
3.51911
3.69433
3.38797
3.46326
3.63854
3.76908
3.99665
3.80446
3.67806
3.5478
3.36784
3.5028
3.57424
3.78286
3.6145
3.55643
3.58489
3.51103
3.66342
3.67874
3.71218
3.60097
3.5885
3.73542
3.57832
3.84581
3.87133
4.06043
3.89443
3.88535
3.81118
3.79832
3.77188
3.77618
3.75707
3.78361
3.83954
3.80242
3.8564
3.81841
3.66387
3.88339
3.6898
3.5388
3.68782
3.75726
3.74407
3.61101
3.65868
3.57822
3.40936
3.44136
3.56239
3.53473
3.55651
3.61782
3.58234
3.6614
3.64372
3.89688
3.76373
3.83256
3.76383
3.82763
3.64368
3.51038
3.48007
3.4043
3.56875
3.88573
3.72321
3.67425
3.60288
3.56048
3.47776
3.69733
3.78612
3.67344
3.68265
3.70272
3.95968
3.65239
3.74011
3.53668
3.558
3.61946
3.66397
3.61216
3.37286
3.43638
3.61002
3.62967
3.59129
3.57152
3.62523
3.49271
3.5089
3.62392
3.58289
3.71998
3.61011
3.6118
3.69707
3.45559
3.44462
3.74244
3.77426
3.6322
3.6604
3.7356
3.65763
3.50967
3.6557
3.63636
3.58079
3.55297
3.55103
3.55942
3.65656
3.89245
3.80671
3.8698
3.75634
3.68431
3.74089
3.56954
3.78627
3.73905
3.70983
3.64067
3.52139
3.81531
3.87811
3.84691
3.73078
3.67349
3.69918
3.60168
3.68423
3.64647
3.79262
3.69146
3.51736
3.47566
3.65874
3.69008
3.68008
3.54492
3.75328
3.47445
3.47841
3.41215
3.50434
3.42565
3.51726
3.61419
3.69914
3.69572
3.70323
3.81344
3.64116
3.47649
3.6044
3.59385
3.56234
3.66145
3.74071
3.7651
3.92734
3.86887
3.91143
3.90264
3.69915
3.48934
3.56121
3.702
3.68094
4.02893
3.9579
3.84198
3.74877
3.71255
3.74781
3.80238
3.78905
3.66254
3.55104
3.76753
3.72428
3.76809
3.61171
3.67754
3.86396
3.81477
3.77291
3.7143
3.84259
3.7605
3.74709
3.68832
3.8608
3.75608
3.77554
3.64748
3.67899
3.76377
3.51659
3.67352
3.67759
3.76803
3.53729
3.58923
3.60843
3.51394
3.43147
3.58396
3.55996
3.54919
3.50131
3.58749
3.56531
3.4998
3.63998
3.83354
3.76455
3.72691
3.6599
3.65931
3.6269
3.592
3.51861
3.66576
3.83364
3.77721
3.65243
3.78607
3.56934
3.59391
3.76992
3.67661
3.69277
3.65005
3.57797
3.54478
3.59717
3.45953
3.73443
3.60414
3.65083
3.56581
3.48373
3.44433
3.51267
3.83526
3.84765
3.96476
3.80378
3.70234
3.75621
3.65431
3.61029
3.74661
3.68549
3.60843
3.62539
3.54275
3.49018
3.44557
3.48288
3.68084
3.75868
3.79324
3.96436
3.91079
3.70306
3.69651
3.665
3.77324
3.79278
3.76283
3.62504
3.61653
3.75469
3.69591
3.67888
3.6912
3.71347
3.75388
3.75006
3.57081
3.65575
3.49859
3.58859
3.4545
3.85734
3.51895
3.50036
3.65753
3.5574
3.50671
3.56417
3.69214
3.69495
3.77492
3.82488
3.7948
3.90532
3.89599
3.81742
3.9427
3.8614
3.76716
3.80204
3.77908
3.81254
3.42257
3.75006
3.68789
3.93576
3.95369
3.83807
3.78139
3.73582
3.6694
3.60845
3.62067
3.65437
3.50067
3.55244
3.73139
3.60809
3.6411
3.67946
3.80104
3.76597
3.85949
3.60397
3.47474
3.49659
3.79297
3.55623
3.56763
3.55253
3.5906
3.63205
3.57178
3.76174
3.73183
3.56929
3.48331
3.73982
3.74618
3.84027
3.82099
3.67852
3.48523
3.45
3.5061
3.4234
3.49245
3.49873
3.78985
3.54235
3.35473
3.44189
3.46231
3.46922
3.69874
3.73761
3.53644
3.52854
3.59657
3.7628
3.94777
3.72173
3.7555
3.66628
3.67811
3.81596
3.91072
3.75883
3.78701
3.67883
3.63595
3.67281
3.42739
3.63379
3.40062
3.64514
3.61177
3.56031
3.58867
3.52584
3.48896
3.53571
3.64159
3.40474
3.57586
3.64556
3.69106
3.50101
3.55141
3.49738
3.57444
3.59631
3.73953
3.68258
3.69602
3.71487
3.63747
3.65304
3.70583
3.52281
3.65902
3.58522
3.70394
3.68933
3.81963
3.81787
3.72929
3.70969
3.61034
3.47547
3.29135
3.45608
3.46534
3.49703
3.69575
3.83672
3.77538
3.67875
3.59977
3.51716
3.60652
3.69532
3.45841
3.44533
3.34777
3.61104
3.8141
3.65748
3.93899
4.0537
3.81425
3.70337
3.61212
3.63802
3.69954
3.57873
3.66429
3.63071
3.50496
3.80825
3.80607
3.82633
3.63162
3.77727
3.46954
3.65233
3.6145
3.68502
3.64876
3.77168
3.69749
3.63439
3.5334
3.56956
3.56422
3.66783
3.60322
3.72733
3.67242
3.63775
3.42149
3.56191
3.56211
3.52008
3.5133
3.48599
3.41391
3.54654
3.81729
3.57125
3.63442
3.68336
3.67554
3.6675
3.76021
3.84853
3.84129
4.00236
3.98169
4.00188
3.99652
3.86713
3.78613
3.60726
3.79965
3.84346
3.74732
3.72772
3.61109
3.54802
3.66436
3.60186
3.45147
3.47303
3.53152
3.66998
3.71616
3.84317
3.81459
3.96725
3.81355
3.692
3.67446
3.81341
4.01671
3.82256
3.69979
3.85826
3.88529
3.72853
3.59258
3.61607
3.60219
3.6624
3.56155
3.63871
3.60496
3.59578
3.39304
3.51362
3.36592
3.57331
3.53889
3.64037
3.70333
3.68462
3.60997
3.50706
3.63945
3.62503
3.58225
3.79932
3.4518
3.5887
3.60913
3.74302
3.76785
3.82446
3.60299
3.51601
3.52214
3.49816
3.57531
3.52835
3.62077
3.7674
3.71507
3.4431
3.76086
3.66366
3.57052
3.51018
3.57138
3.69751
3.63078
3.65157
3.367
3.60606
3.4675
3.84382
3.67202
3.57567
3.55166
3.45717
3.60417
3.56472
3.69192
3.60245
3.66436
3.61738
3.57596
3.37755
3.35724
3.51421
3.37562
3.33548
3.34213
3.61998
3.54759
3.30659
3.39813
3.56508
3.60688
3.50978
3.36218
3.5442
3.76987
3.71206
3.84554
3.90879
3.52048
3.46162
3.53194
3.62319
3.66081
3.52332
3.58248
3.67076
3.68084
3.67055
3.5547
3.65192
3.36508
3.38812
3.3327
3.46516
3.45237
3.66249
3.28624
3.38247
3.46797
3.65435
3.56509
3.56177
3.55389
3.41065
3.56237
3.5337
3.88764
3.58509
3.62214
3.77483
3.52308
3.41188
3.83127
3.88126
3.79221
3.87828
3.88571
3.50577
3.50015
3.60243
3.59087
3.48711
3.65536
3.70129
3.67872
3.6075
3.61594
3.5104
3.47562
3.48784
3.37406
3.38216
3.79586
3.92803
4.0139
3.98047
4.09386
4.06177
3.9457
3.84106
3.37046
3.94341
3.81424
3.65405
3.71701
3.9486
3.71505
3.793
3.74632
3.47721
3.53691
3.48837
3.66882
3.58147
3.54389
3.51976
3.60648
3.50671
3.39965
3.5325
3.50994
3.6202
3.69425
3.55748
3.35554
3.57011
3.59062
3.5626
3.61435
3.62264
3.64817
3.6542
3.54439
3.655
3.48233
3.48333
3.52308
3.52064
3.46448
3.50084
3.50269
3.58473
3.55158
3.65009
3.70714
3.53357
3.80928
3.8694
3.89804
3.90625
3.71968
4.03855
4.08798
3.79446
3.79797
3.71062
3.39974
3.67544
3.75813
3.67573
3.67825
3.65179
3.77131
3.63905
3.61423
3.4608
3.23176
3.70549
3.66473
3.58299
3.57631
3.72471
3.72922
3.69061
3.5705
3.70244
3.6773
3.61252
3.53025
3.73469
3.53121
3.72541
3.82043
3.70512
3.61609
3.57355
3.50123
3.53305
3.58193
3.80987
3.53246
3.71977
3.52627
3.72477
3.75676
3.58138
3.86957
3.7777
3.53014
3.51297
3.61731
3.81186
3.60433
3.44552
3.42805
3.43655
3.8821
3.5418
3.69965
3.71641
3.73982
3.78347
3.53701
3.54089
3.58454
3.6849
3.67512
3.7312
3.58213
3.35266
3.47859
3.56843
3.49163
3.54409
3.39436
3.59327
3.52809
3.69367
3.65535
3.63882
3.58581
3.65195
3.68076
3.68329
3.68421
3.45667
3.82854
3.94315
3.90429
3.92818
3.79098
3.6863
3.80672
3.69863
3.68828
3.77329
3.44558
3.91717
3.87795
3.62559
3.47928
3.38022
3.45436
3.52887
3.70575
3.60939
3.57312
3.543
3.65612
3.74202
3.80659
3.81398
3.94467
3.79559
3.74494
3.60163
3.65453
3.43911
3.45619
3.75862
3.55823
3.46561
3.65164
3.45878
3.85207
3.78137
3.69125
3.52095
3.59254
3.43164
3.76658
3.47372
3.51976
3.5682
3.42396
3.37707
3.77658
3.87281
3.84274
3.64079
3.71552
3.63155
3.78644
3.75079
3.81595
3.65456
3.67137
3.62347
3.64973
3.73602
3.67794
3.69672
3.41206
3.46583
3.5716
3.86937
3.60592
3.5942
3.7705
3.91695
4.03721
3.95355
4.03665
4.06847
3.73839
4.03365
3.77764
3.89984
3.70854
3.86531
3.90845
3.7276
3.84399
3.85902
3.87367
3.66353
3.82588
3.54255
3.73625
3.59848
3.59389
3.77721
3.69332
3.75758
3.57635
3.46958
3.50439
3.35248
3.37749
3.52286
3.53608
3.51284
3.53132
3.56889
3.74678
3.59367
3.68577
3.55102
3.54938
3.69802
3.78708
3.55805
3.45311
3.44327
3.5395
3.61006
3.61525
3.7592
3.69388
3.56974
3.70528
3.42981
3.78556
3.75299
3.6564
3.65775
3.63702
3.49708
3.37875
3.45257
3.52863
3.51792
3.56013
3.58419
3.78758
3.9612
4.01908
3.95605
3.7413
3.58654
3.63687
3.46712
3.69807
3.59195
3.83675
3.91325
3.64331
3.37711
3.4157
3.41061
3.61622
3.69303
3.84726
3.6756
3.67521
3.5904
3.53527
3.69427
3.50929
3.4014
3.51096
3.5263
3.64093
3.5079
3.69667
3.42916
3.47962
3.62273
3.67465
3.66512
3.64017
3.87323
3.54009
3.5832
3.72316
3.71074
3.6932
3.71833
3.70455
3.68967
3.75164
3.82124
3.7929
3.83648
3.88487
3.64657
3.73359
3.55762
3.55474
3.56217
3.55184
3.63724
3.79229
3.56399
3.60624
3.54327
3.66026
3.75808
3.61852
3.62219
3.66753
3.80194
3.79771
3.80068
3.72157
3.69027
3.92691
3.8667
3.87043
3.60889
3.84267
3.81529
3.85539
3.64135
3.65189
3.71039
3.67383
3.88948
3.70092
3.64724
3.47873
3.59931
3.55792
3.63061
3.51124
3.6371
3.75566
4.02382
3.81551
3.65367
3.65851
3.43142
3.59589
3.59388
3.49276
3.56584
3.46809
3.61142
3.63092
3.71662
3.62269
3.52082
3.35514
3.46997
3.71067
3.70771
3.64221
3.82237
3.79556
3.64371
3.79714
3.64871
3.65521
3.46046
3.581
3.63064
3.47051
3.65798
3.65454
3.68438
3.60619
3.57205
3.72157
3.67206
3.81509
3.71247
3.77177
3.78143
3.6023
3.74483
3.74488
3.59902
3.51159
3.62134
3.73238
3.83708
3.34332
3.80833
3.83602
3.73741
3.63322
3.45203
3.3254
3.64244
3.6484
3.55903
3.68046
3.65882
3.8097
3.75008
3.73183
3.73063
3.67883
3.58345
3.68675
3.75682
3.68633
3.64161
3.51748
3.699
3.48774
3.33286
3.4319
3.46294
3.35646
3.29959
3.42638
3.60496
3.66487
3.73549
3.81792
3.51904
3.48876
3.58721
3.60893
3.60572
3.6372
3.78842
3.71714
3.79561
3.57236
3.85913
3.61945
3.63555
3.86756
3.70951
3.74662
3.97169
3.93121
4.00471
3.77393
3.75328
3.66563
3.75614
3.59662
3.48923
3.64731
3.64954
3.57698
3.69961
3.69745
3.81976
3.77029
3.65368
3.51357
3.69341
3.61532
3.59201
3.5655
3.67628
3.70488
3.57755
3.79209
3.84287
3.78013
3.49381
3.85266
3.64067
3.64928
3.79957
3.70469
3.65165
3.76166
3.67168
3.67144
3.64299
3.44083
3.73811
3.7855
3.72014
3.86687
3.81285
3.57842
3.53157
3.38798
3.48685
3.5522
3.71733
3.76138
3.48281
3.65436
3.8016
3.63765
3.49147
3.56126
3.64782
3.49621
3.57867
3.71579
3.72396
3.53006
3.44685
3.63913
3.85234
3.80503
3.84575
3.65525
3.60423
3.87587
3.70855
3.42018
3.81154
3.72425
3.76334
3.66532
3.62951
3.75096
3.78696
3.7775
3.74101
3.87745
3.51023
3.80341
3.70167
3.63179
3.61416
3.73086
3.64793
3.65571
3.58378
3.48959
3.59425
3.5811
3.69146
3.54346
3.56699
3.61061
3.73631
3.7207
3.72503
3.96476
3.88984
3.87552
3.66938
3.66915
3.73892
3.71545
3.85541
3.85994
3.8235
3.82866
3.98913
3.81159
3.99775
3.91974
3.53396
3.9625
3.76993
3.63769
3.36672
3.4082
3.58949
3.57653
3.51565
3.657
3.7974
3.51362
3.60704
3.64184
3.69394
3.61862
3.62015
3.59445
3.51789
3.52275
3.61784
3.48796
3.48044
3.42379
3.72849
3.57067
3.66179
3.60688
3.65893
3.81052
3.79169
3.73078
3.7676
3.66186
3.60817
3.76488
3.4925
3.80724
3.71127
3.70096
3.69073
3.79722
3.60147
3.67302
3.71538
3.75858
3.74812
3.70863
3.6473
3.49803
3.60983
3.64129
3.61882
3.58847
3.5741
3.7051
3.66282
3.72297
3.66991
3.65358
3.7667
3.54549
3.60089
3.56843
3.70366
3.50681
3.65034
3.65877
3.69594
3.63558
3.74675
3.55266
3.68712
3.77011
3.79637
3.64019
3.55122
3.67155
3.54263
3.80021
3.56431
3.61871
3.43827
3.41885
3.67656
3.52581
3.58763
3.33369
3.78447
3.56947
3.73045
3.57368
3.66612
3.54383
3.39755
3.43997
3.69366
3.72722
3.53296
3.76412
3.45206
3.80858
3.61048
3.62864
3.78313
3.65834
3.50131
3.72067
3.75056
3.74449
3.57833
3.57593
3.71786
3.51799
3.73202
3.59414
3.53283
3.55789
3.65758
3.64099
3.63826
3.67559
3.68197
3.78754
3.48979
3.7902
3.86292
3.79502
3.66092
3.54002
3.63769
3.79771
3.74484
3.58914
3.69114
3.63402
3.86136
3.87541
3.70711
3.81529
3.71629
3.69389
3.63805
3.62509
3.53041
3.47981
3.53018
3.48179
3.48321
3.53501
3.44794
3.623
3.61479
3.52662
3.6293
3.61181
3.71771
3.55526
3.4924
3.70672
3.80253
3.68895
3.53639
3.47005
3.53023
3.69596
3.70581
3.57321
3.72134
3.45325
3.64899
3.5708
3.73961
3.83453
3.68953
3.6789
3.70517
3.64429
3.82347
3.79569
3.49147
3.82736
3.84941
3.86177
3.8212
3.75086
3.65403
3.71117
3.6658
3.53295
3.62129
3.55819
3.6791
3.81341
3.66748
3.636
3.76281
3.64058
3.56303
3.58685
3.77368
3.71305
3.55585
3.53326
3.58696
3.64044
3.793
3.69165
3.91402
3.96863
3.85124
3.7527
3.66509
3.8462
3.64801
3.77596
3.71362
3.7188
3.68382
3.47387
3.63408
3.53118
3.5951
3.52194
3.663
3.74589
3.8245
3.55572
3.54811
3.43445
3.57487
3.72945
3.54932
3.55001
3.51059
3.48436
3.757
3.34919
3.40722
3.44987
3.58562
3.5348
3.57907
3.45706
3.3392
3.36651
3.39505
3.76561
3.67825
3.81191
3.81599
3.80248
3.63011
3.40425
3.56944
3.72137
3.79186
3.69583
3.72387
3.61444
3.77378
3.78529
3.45392
3.5416
3.36353
3.40788
3.44735
3.66026
3.58001
3.61767
3.64523
3.40761
3.36048
3.43508
3.51738
3.48389
3.46984
3.55704
3.3726
3.62491
3.65617
3.84686
3.90578
3.60454
3.77233
3.66459
3.68243
3.80975
3.8643
3.81189
3.72191
3.83272
3.59834
3.57773
3.39186
3.47728
3.47197
3.61695
3.74945
3.72655
3.59195
3.59143
3.43626
3.63937
3.53619
3.94966
3.82135
3.78079
3.98013
3.75631
3.70891
3.73173
3.66342
3.65211
3.88006
3.61902
4.03145
3.71448
3.79252
3.73313
3.77913
3.72758
3.90326
3.65507
3.84446
3.6278
3.49637
3.68044
3.66127
3.54441
3.59948
3.55323
3.62392
3.7381
3.73579
3.73637
3.46602
3.66435
3.68144
3.78557
3.73019
3.56442
3.56077
3.6965
3.62378
3.65704
3.68197
3.68303
3.51265
3.61931
3.39485
3.61517
3.71363
3.82382
3.72473
3.6306
3.55631
3.36269
3.59399
3.79138
3.69561
3.60793
3.74998
3.55823
3.73222
3.69846
3.61389
3.68015
3.7672
3.93809
3.94599
3.56442
3.81665
3.81728
3.71761
3.48695
3.42703
3.66678
3.71905
3.81036
3.8602
3.84938
3.81484
3.79106
3.53245
3.63325
3.57481
3.55487
3.41934
3.48411
3.45673
3.55544
3.38533
3.50012
3.78191
3.54751
3.5035
3.41276
3.73354
3.80982
3.69681
3.56086
3.71723
3.74445
3.74934
3.63036
3.76667
3.71813
3.72632
3.64743
3.73975
3.66538
3.68201
3.64606
3.84345
3.58835
3.52506
3.64662
3.4677
3.58092
3.97417
3.83422
3.63742
3.87027
3.97108
3.84319
3.78451
3.66277
3.72327
3.46833
3.55561
3.63785
3.52695
3.59623
3.55563
3.76829
3.63819
3.64821
3.67016
3.72442
3.59435
3.57867
3.49329
3.46347
3.46413
3.53023
3.65954
3.59155
3.70096
3.72451
3.86855
3.90589
3.79236
3.8416
3.66111
3.75671
3.81045
3.63097
3.5939
3.66601
3.61885
3.88395
3.58423
3.64612
3.66756
3.54838
3.49556
3.91766
3.67849
3.6723
3.72171
3.57854
3.72657
3.5996
3.79364
4.05183
3.92351
3.77373
3.77474
3.76548
3.85213
3.69493
3.6853
3.87742
3.88019
3.9465
3.81144
3.61229
3.47019
3.42595
3.43526
3.4619
3.38991
3.56533
3.44
4.06639
3.39202
3.42825
3.60894
3.59911
3.66342
3.7445
3.64519
3.54863
3.44571
3.54055
3.98173
3.42976
3.41743
3.41597
3.53519
3.60907
4.02208
3.81887
3.75563
3.82065
3.87848
3.62769
3.7551
3.46641
3.79348
3.75479
3.69423
3.73042
3.68031
3.69623
3.61186
3.78123
3.83272
3.67721
3.66627
3.68871
3.63389
3.62455
3.70095
3.59613
3.58715
3.65844
3.59694
3.63967
3.77703
3.6152
3.68939
3.79865
3.70126
3.74444
3.72432
3.86638
3.77607
3.54283
3.57116
3.47574
3.31854
3.48224
3.51234
3.48354
3.62693
3.31546
3.5025
3.50174
3.61115
3.59325
3.62663
3.70191
3.66186
3.67345
3.58579
3.71074
3.732
3.71523
3.48686
3.43911
3.49307
3.50825
3.65278
3.43897
3.67652
3.89244
3.93623
3.74864
3.6036
3.49975
3.65493
3.52247
3.62373
3.83101
3.64544
3.54045
3.69867
3.72521
3.79905
3.72531
3.77842
3.6346
3.67955
3.55667
3.69868
3.6518
3.79565
3.86835
3.86762
3.79755
3.72766
3.51668
3.52247
3.77295
3.7842
3.75428
3.77947
3.47791
3.5125
3.35038
3.33629
3.45175
3.47941
3.45171
3.7047
3.7054
3.54324
3.89038
3.44096
3.57035
3.75217
3.73621
3.72565
3.69794
3.83802
3.69032
3.59906
3.59078
3.62328
3.45569
3.51459
3.64634
3.78371
3.53688
3.55139
3.70043
3.68467
3.61331
3.70879
3.62383
3.88001
3.7887
3.75993
3.60898
3.66931
3.54255
3.53549
3.54886
3.56955
3.65059
3.76849
3.64632
3.52444
3.46462
3.43398
3.53452
3.47248
3.55379
3.67036
3.69131
3.56023
3.5513
3.58987
3.59461
3.6578
3.88203
3.5547
3.73453
3.49383
3.72284
3.65139
3.76938
3.6887
3.55092
3.57994
3.51195
3.58697
3.79147
3.53504
3.61879
3.81832
3.79435
3.73228
3.87748
3.72359
3.81781
4.10765
3.80604
3.81363
3.74417
3.63119
3.74388
3.75096
3.84491
3.56957
3.67765
3.48218
3.75915
3.77373
3.5495
3.4748
3.50741
3.63646
3.52399
3.58441
3.64139
3.5571
3.41645
3.45805
3.56895
3.47118
3.47429
3.4615
3.50952
3.75222
3.72258
3.57417
3.65699
3.51604
3.63839
3.56305
3.44238
3.52855
3.45402
3.69629
3.68638
3.67931
3.70765
3.73381
3.49717
3.55786
3.68722
3.64433
3.72084
3.69256
3.47657
3.58856
3.45123
3.4484
3.53532
3.93844
3.73406
3.88174
3.71231
3.78395
3.58186
3.64257
3.52186
3.36708
3.54337
3.76185
3.60575
3.58844
3.59435
3.46536
3.62269
3.47024
3.62342
3.43552
3.41183
3.50706
3.41309
3.34151
3.84925
3.32717
3.47159
3.62034
3.53884
3.607
3.73096
3.6584
3.81351
3.92193
3.8152
3.89337
3.82229
3.76535
4.10996
4.06644
3.90222
3.76064
3.82032
3.81758
3.90533
3.79065
3.57724
3.74488
3.56708
3.60889
3.47059
3.61992
3.34211
3.3428
3.55271
3.48809
3.5175
3.62496
3.53781
3.30109
3.43018
3.63303
3.55898
3.80515
3.75906
3.63609
3.7492
3.61897
3.6016
3.58829
3.75089
3.73154
3.80815
3.90017
3.72622
3.79293
3.76457
3.87882
3.74397
3.72319
3.55885
3.73105
3.55993
3.5789
3.56339
3.55264
3.64797
3.70327
3.65742
3.51821
3.58712
3.39755
3.53147
3.38921
3.54854
3.46393
3.68905
3.67386
3.58575
3.58049
3.54182
3.52451
3.68485
3.48251
3.77373
3.94158
3.86515
3.7805
3.82198
3.74665
3.88679
4.02007
3.88669
3.76322
3.58983
3.80048
3.44903
3.59461
3.69185
3.65885
3.56242
3.64662
3.78338
3.51832
3.56983
3.72741
3.44636
3.62078
3.462
3.65403
3.54442
3.68226
3.71173
3.74755
3.44405
3.41499
4.09058
4.12959
3.69182
3.67475
3.6689
3.5889
3.67975
3.74195
3.64021
3.5035
3.79679
3.6989
4.00852
3.7001
3.70394
3.66356
3.67238
3.52789
3.3289
3.29491
3.33174
3.33409
3.60806
4.02382
3.49872
3.68229
3.66792
3.6851
3.55627
3.55087
3.42268
3.50112
3.60812
3.8074
3.74522
3.81684
3.75984
3.70725
3.75406
3.87889
3.58813
3.58633
3.63877
3.69334
3.624
3.65497
3.82038
3.46882
3.52205
3.55521
3.57129
3.59197
3.53167
3.3847
3.53565
3.57907
3.66499
3.70695
3.57751
3.55863
3.39222
3.62333
3.50276
3.39883
3.54521
3.60744
3.74947
3.68023
3.75704
3.46171
3.6425
3.85369
3.76524
3.94803
3.85106
3.80296
3.83167
3.80223
3.79947
3.69669
3.55697
3.83376
3.76884
3.73989
3.85498
3.45723
3.42742
3.5065
3.69789
3.51043
3.70282
3.59289
3.49437
3.4187
3.48974
3.511
3.59021
3.49637
3.61991
3.64138
3.62548
3.62493
3.68579
3.60948
3.69674
3.69789
3.8393
3.62929
3.80045
3.56167
3.67962
3.62592
3.69264
3.69365
3.69607
3.60338
3.46922
3.53989
3.80589
3.74757
3.75006
3.67163
3.62218
3.64537
3.77906
3.60732
3.66713
3.7481
3.74985
3.88521
3.62153
3.54176
3.34882
3.61246
3.39992
3.58035
3.5276
3.74238
3.82082
3.78191
3.76787
3.63184
3.59057
3.65516
3.83547
3.86681
3.75225
3.59942
3.68661
3.64701
3.56636
3.67661
3.74964
3.85989
3.68813
3.51848
3.24387
3.44423
3.60716
3.5294
3.50231
3.49376
3.66076
3.73289
3.63377
3.61345
3.46075
3.50586
3.42063
3.59842
3.68358
3.62319
3.6294
3.70475
3.53984
3.87607
3.66742
3.67278
3.69111
3.84687
3.48035
3.52605
3.51132
3.62005
3.71217
3.43322
3.4289
3.3909
3.57664
3.49151
3.66947
3.72618
3.58622
3.82914
3.68449
3.61428
3.62704
3.79583
3.91405
3.68999
3.7583
4.05826
4.03133
3.58804
3.88347
3.79512
3.58807
3.6524
3.67591
3.62527
3.53923
3.58348
3.57474
3.5089
3.74657
3.49838
3.64786
3.48103
3.52249
3.56688
3.72972
3.80401
3.79786
3.52363
3.34882
3.55308
3.5254
3.70736
3.67178
3.62049
3.6625
3.65325
3.77132
3.64043
3.71246
3.71507
3.70789
3.59215
3.71559
3.67661
3.60565
3.66881
3.65762
3.85822
3.57377
3.55251
3.64345
3.73377
3.58934
3.63421
3.64149
3.62662
3.66065
3.6102
3.73737
3.73874
3.79768
3.61831
3.62617
3.57991
3.7831
3.58805
3.43521
3.2989
3.57529
3.66775
3.61684
3.68164
3.62734
3.62237
3.75729
3.7047
3.67045
3.61395
3.65579
3.53022
3.64649
3.57506
3.59301
3.65805
3.53892
3.60346
3.56183
3.48372
3.48484
3.43229
3.38211
3.41853
3.28108
3.43453
3.41586
3.61806
3.66199
3.76901
3.6933
3.60671
3.73255
3.78518
3.68572
3.49036
3.64306
3.63506
3.57395
3.74906
3.73655
3.76143
3.735
3.90849
3.77704
3.84156
3.69575
3.68235
3.66175
3.68225
3.7005
3.69758
3.67595
3.59721
3.72454
3.53753
3.61918
3.54215
3.44215
3.59799
3.81645
3.98893
4.06001
3.65695
3.97752
4.09537
4.02987
3.93974
3.66774
3.5721
3.59429
3.68652
3.87083
3.8708
3.76628
3.66931
3.47218
3.43357
3.60784
3.64315
3.5572
3.4955
3.531
3.62003
3.56161
3.64973
3.43844
3.47278
3.48916
3.5535
3.52209
3.54544
3.51481
3.58915
3.5824
3.58803
3.4572
3.52946
3.56615
3.40255
3.48706
3.55407
3.39606
3.49581
3.42366
3.50078
3.48816
3.67717
3.52282
3.68301
3.53291
3.40165
3.47655
3.66956
3.46524
3.48857
3.55661
3.63225
3.83287
3.70035
3.84388
3.71335
3.64889
3.7113
4.01942
3.73639
3.86966
3.98291
4.19934
4.17973
3.6994
3.98042
4.08404
3.85349
3.80175
3.76296
3.83632
3.64441
3.56163
3.65986
3.51
3.81314
3.69538
3.63161
3.52344
3.55827
3.72339
3.7826
3.62847
3.69681
3.61387
3.58843
3.60511
3.89292
3.66849
3.58089
3.57458
3.47192
3.66932
3.6144
3.74179
3.59408
3.54236
3.36532
3.76599
3.51733
3.61415
3.63989
3.69733
3.61793
3.68449
3.57646
3.63891
3.57491
3.68043
3.5675
3.68064
3.78468
3.64352
3.59961
3.60137
3.53616
3.44753
3.56194
3.69912
3.76431
3.53449
3.54825
3.67527
3.66625
3.63737
3.69759
3.66402
3.64312
3.62085
3.54052
3.60296
3.46508
3.62378
3.51912
3.74475
3.78972
3.70572
3.86445
3.77475
3.79056
3.6354
3.72021
3.67619
3.47291
3.66166
3.7062
3.73234
3.67763
3.90723
3.89593
3.81594
3.70185
3.64817
3.63187
3.61909
3.75163
3.83274
3.80315
3.74889
3.49629
3.49548
3.39398
3.689
3.46408
3.56866
3.65379
3.62039
3.54353
3.38137
3.56178
3.5217
3.59708
3.68333
3.8328
3.70464
3.73277
3.67009
3.48025
3.58727
3.6251
3.54483
3.59066
3.56883
3.53206
3.76243
3.70375
3.71281
3.74171
3.64038
3.74756
3.74369
3.61528
3.62246
3.81953
3.7357
3.68699
3.68635
3.67277
3.72893
3.6703
3.92896
3.5578
3.83687
3.75747
3.74593
3.78764
3.74699
3.64918
3.68971
3.70551
3.83655
3.71506
3.81211
3.84646
3.72848
3.87061
3.85689
3.65898
3.55788
3.5734
3.75704
3.67144
3.9267
3.6578
3.69791
3.65631
3.72039
3.59183
3.68729
3.70446
3.61083
3.52121
3.61251
3.71217
3.64577
3.61783
3.53408
3.62503
3.41416
3.63311
3.70948
3.7827
3.68795
3.63472
3.81509
3.56612
3.55685
3.48972
3.717
3.93685
3.81576
3.56807
3.74119
3.6784
3.58467
3.80063
3.67727
3.41024
3.50895
3.58551
3.76508
3.78404
3.78301
3.78983
3.58387
3.70983
3.57379
3.53492
3.62227
3.68664
3.5424
3.61808
3.6767
3.72737
3.55992
3.39102
3.65301
3.73486
3.61257
3.81443
3.46891
3.62643
3.70257
3.68609
3.55405
3.5104
3.70625
3.6669
3.70744
3.74537
3.67384
3.65793
3.58056
3.69303
3.82471
3.78669
3.67269
3.62592
3.66047
3.52854
3.54565
3.30453
3.57998
3.49689
3.71886
3.75477
3.58575
3.74257
3.62539
3.68807
3.72283
3.54832
3.44088
3.74211
3.54478
3.78238
3.7627
3.64368
3.75158
3.82377
3.89517
3.99053
3.84889
3.70043
3.58882
3.58805
3.48692
3.80628
3.79106
3.75336
3.69867
3.64349
3.52212
3.66042
3.57617
3.61446
3.77423
3.53556
3.58538
3.41235
3.58044
3.67918
3.66032
3.69537
3.63416
3.94938
3.79887
3.75179
3.6618
3.72889
3.81844
3.6607
3.88931
3.76756
3.65116
3.52134
3.4577
3.63068
3.49884
3.45791
3.65834
3.66379
3.66519
3.75338
3.70445
3.76119
3.64821
3.58476
3.6067
3.55159
3.52269
3.63518
3.69074
3.63645
3.61942
3.64044
3.75794
3.67311
3.79296
3.74408
3.68692
3.6905
3.76261
3.78735
3.77339
3.81458
3.74276
3.74304
3.72764
3.56647
3.4726
3.37375
3.8457
3.893
3.72967
3.63877
3.76209
3.897
3.63959
3.86666
3.77689
3.87261
3.36811
3.76078
3.81199
3.80056
3.68653
3.62008
3.65023
3.5841
3.56802
3.61796
3.80994
3.51801
3.87012
3.70598
3.61636
3.6313
3.58752
3.48008
3.51434
3.69458
3.48458
3.4697
3.7276
3.57862
3.66394
3.67511
3.68455
3.63769
3.65711
3.90666
3.78492
3.85462
3.66502
3.81665
3.75523
3.81699
3.85613
3.60264
3.75983
3.68775
3.57706
3.49154
3.54378
3.38258
3.63595
3.65986
3.59874
3.68282
3.57023
3.50993
3.49749
3.52035
3.61374
3.46676
3.46654
3.58459
3.55155
3.58055
3.56553
3.52359
3.85175
3.69106
3.74953
3.72894
3.7199
3.69716
3.71686
3.72561
3.72669
3.72703
3.54006
3.66912
3.65468
3.67489
3.5756
3.63095
3.77949
3.93939
3.74273
3.81714
3.56911
3.53642
3.46775
3.50296
3.65159
3.64964
3.63473
3.38839
3.28836
3.47168
3.75377
3.60993
3.57764
3.65727
3.52368
3.61133
3.69047
3.61852
3.76014
3.66624
3.57084
3.36696
3.49792
3.56538
3.65019
3.66775
3.90115
3.88143
3.75921
3.77145
3.69357
3.79477
3.32269
3.67609
3.58148
3.74458
3.75954
3.68207
3.45871
3.56757
3.48887
3.69108
3.65942
3.66245
3.51455
3.64477
3.57389
3.52844
3.51411
3.72094
3.43222
3.6377
3.76893
3.58076
3.70673
3.45731
3.50715
3.43618
3.52669
3.61716
3.59803
3.50981
3.52046
3.44747
3.32242
3.25115
3.45285
3.47709
3.68185
3.75935
3.56124
3.68049
3.74813
3.7447
3.6347
3.73594
3.77358
3.52313
3.77926
3.88743
3.787
3.82564
3.74445
3.71522
3.79094
3.95407
3.75476
3.71084
3.68027
3.65978
3.72475
3.46168
3.76819
3.70137
3.85374
3.88568
3.60907
3.75049
3.56421
3.69915
3.63715
3.5957
3.56866
3.54941
3.41973
3.47488
3.361
3.52711
3.36986
3.30041
3.41276
3.43931
3.57831
3.65481
3.58831
3.53701
3.57247
3.74994
3.7758
3.59658
3.64067
3.57831
3.56471
3.66804
3.58702
3.69777
3.62411
3.57807
3.64292
3.75633
3.74546
3.73228
3.73007
3.47502
3.56862
3.83769
3.57918
3.6877
3.77438
3.65422
3.42611
3.41401
3.65176
3.63567
3.7924
3.49608
3.72052
3.55603
3.60304
3.66533
3.43496
3.62053
3.73363
3.59752
3.73292
3.83754
3.6741
3.66804
3.75515
3.48898
3.584
3.65713
3.76631
3.48074
3.43022
3.56159
3.538
3.69136
3.52237
3.59967
3.55193
3.47081
3.50451
3.56602
3.56236
3.50156
3.55381
3.66692
3.87201
3.85896
3.89668
3.79502
3.77467
3.62452
3.49961
3.59012
3.63402
3.47898
3.62337
3.74393
3.93445
3.75445
3.68511
3.58619
3.43672
3.30547
3.2474
3.25378
3.2969
3.48218
3.53593
3.82898
3.51429
3.52436
3.59611
3.72213
3.63083
3.71906
3.82352
3.70126
3.67376
3.62301
3.97805
3.57179
3.45383
3.65827
3.71322
3.94933
3.82074
3.64032
3.67213
3.58853
3.62637
3.71817
3.63015
3.61993
3.60461
3.79726
3.79618
3.70257
3.67576
3.40046
3.61877
3.54667
3.6472
3.52198
3.45336
3.49512
3.49607
3.60221
3.64568
3.83578
3.95241
3.86402
3.64219
3.67101
3.76739
3.77334
3.75888
3.82948
3.80654
3.73521
3.74025
3.59011
3.53167
3.43136
3.5674
3.74179
3.55091
3.70226
3.78865
3.68673
3.87259
3.73473
3.64584
3.71081
3.65314
3.83289
3.48483
3.60684
3.7831
3.69587
3.6581
3.60412
3.72442
3.86727
3.68911
3.88712
3.89141
3.80006
3.51517
3.85851
3.62146
3.58486
3.60934
3.79694
3.62787
3.51393
3.51145
3.7071
3.71491
3.56943
3.77522
3.69383
3.81437
3.359
3.52957
3.43759
3.37955
3.41529
3.25518
3.35666
3.68957
3.39162
3.5168
3.38807
3.62412
3.53915
3.80287
3.87546
3.85255
3.72313
3.918
3.93506
4.07704
3.69357
3.66277
3.52618
3.64982
3.60474
3.54383
3.61838
3.80089
3.62564
3.33469
3.87126
3.42066
3.48094
3.43986
3.46682
3.50509
3.57214
3.38496
3.48741
3.44113
3.40373
3.70137
3.62736
3.63704
3.6625
3.59974
3.57693
3.60026
3.7407
3.84853
3.7846
3.72592
3.6995
3.59124
3.57733
3.79215
3.80887
3.89135
3.92463
3.57117
3.7144
3.87049
3.81377
3.57793
3.63893
3.50299
3.55876
3.54923
3.55591
3.37563
3.61666
3.55952
3.51745
3.49838
3.51787
3.6579
3.49872
3.54923
3.65635
3.71923
3.64242
3.64123
3.72846
3.73988
3.96087
3.71081
3.60093
3.662
3.77811
3.84901
3.90236
3.87937
3.82419
3.69337
3.59873
3.52795
3.34218
3.55571
3.57386
3.59148
3.4887
3.5079
3.68277
3.76686
3.81581
3.8266
3.57409
3.578
3.38536
3.46935
3.6844
3.58427
3.4975
3.67238
3.80897
3.76265
3.95341
3.84625
3.83925
3.80911
3.48289
3.69213
3.75553
3.81439
3.89378
3.76904
3.90871
3.9183
4.06629
4.07682
3.94211
3.5037
3.80001
3.71279
3.57303
3.52807
3.75805
3.55628
3.63205
3.53679
3.63152
3.49503
3.47824
3.56098
3.64184
3.61777
3.49922
3.43124
3.5804
3.51945
3.69606
3.65925
3.63378
3.70954
3.53045
3.72167
3.61541
3.67134
3.76159
3.83712
3.57725
3.49191
3.44381
3.49061
3.75779
3.58768
3.55059
3.57959
3.51544
3.55506
3.40283
3.53183
3.64088
3.65661
3.80632
3.73568
3.65485
3.81162
3.68449
3.63539
3.54687
3.83806
3.81626
3.85271
3.76232
3.83447
3.54535
3.75882
3.61705
3.61447
3.71464
3.87068
3.69041
3.58529
3.65737
3.67316
3.94185
3.60643
3.44638
3.55272
3.785
3.64072
3.64237
3.63134
3.81556
3.7401
3.64763
3.73149
3.63641
3.79752
3.55573
3.67019
3.77772
3.73492
3.84225
3.73886
3.80673
3.70552
3.84798
3.70451
3.70725
3.54509
3.87896
3.86275
3.67041
3.64062
3.66267
3.67095
3.5793
3.53777
3.46008
3.61348
3.54428
3.56529
3.33556
3.54664
3.48854
3.36538
3.49138
3.47339
3.49236
3.58832
3.65047
3.9002
3.86257
3.67573
3.50998
3.66037
3.78284
3.68879
3.92672
3.81058
3.72266
3.56264
3.64174
3.85706
3.71182
3.66319
3.60993
3.67801
3.86958
3.72922
3.63704
3.80253
3.81017
3.75444
3.7713
3.66366
3.54325
3.42063
3.46297
3.5529
3.67199
3.66383
3.62206
3.66476
3.54383
3.69095
3.41396
3.40514
3.32214
3.51345
3.73239
3.89054
3.69658
3.75432
3.98598
3.89439
3.36725
3.40545
3.5669
3.61052
3.73395
3.6649
3.4699
3.45919
3.35857
3.37842
3.58045
3.52364
3.33512
3.51342
3.53901
3.89177
3.82457
3.67728
3.50539
3.61873
3.67251
3.77256
3.60422
3.48242
3.67989
3.67984
3.72698
3.7169
3.71996
3.84425
3.67099
3.66112
3.84449
3.80506
3.47437
3.62087
3.63572
3.67418
3.55606
3.52747
3.48822
3.59829
3.71217
3.66244
3.6058
3.46098
3.46561
3.58654
3.63202
3.58241
3.59568
3.57997
3.77896
3.6295
3.87366
3.74817
3.97263
3.49252
3.81462
3.68886
3.52792
3.4685
3.60527
3.51331
3.80395
3.78851
3.98069
3.88317
3.48744
3.99089
3.69421
3.70409
3.54592
3.5309
3.53806
3.76953
3.49633
3.56396
3.39985
3.4582
3.67445
3.59726
3.63319
3.43909
3.52581
3.59102
3.76699
3.68073
3.63264
3.59944
3.80372
3.78587
3.44936
3.70657
3.76353
3.47248
3.51643
3.77116
3.95132
3.88761
3.85761
3.71509
3.62561
3.60913
3.51249
3.4672
3.75173
3.56899
3.54206
3.46557
3.48517
3.7065
3.71686
3.6448
3.77286
3.7812
3.82728
3.84395
3.52464
3.46297
3.65547
3.59227
3.75641
3.73363
3.70147
3.59207
3.59614
3.56212
3.73244
3.74721
3.64024
3.56757
3.60457
3.54549
3.71216
3.45843
3.6987
3.98466
3.91778
4.12724
3.86135
3.96139
3.8718
3.79023
3.58255
3.6355
3.72021
3.75557
3.56595
3.68019
3.66235
3.6092
3.55968
3.5354
3.49744
3.73996
3.67642
3.70215
3.67575
3.62963
3.61382
3.65071
3.52052
3.52893
3.50881
3.40766
3.51468
3.3936
3.60349
3.70927
3.63933
3.78943
3.69934
3.6494
3.56404
3.56839
3.72081
3.79987
3.76281
3.66854
3.65341
3.63526
3.43298
3.57723
3.59028
3.56164
3.39659
3.51747
3.48078
3.21498
3.3893
3.54332
3.69221
3.5464
3.58804
3.63069
3.80979
3.8381
3.81183
3.79878
3.71279
3.9706
4.03269
3.34048
3.96598
3.90279
3.97892
3.87419
3.8726
3.93251
3.79307
4.05522
4.02882
3.70685
3.48885
3.81557
3.72174
3.53484
3.52682
3.6687
3.2609
3.25205
3.23713
3.44456
3.2855
3.60988
3.84053
3.82313
3.72512
3.58751
3.47562
3.46473
3.55374
3.6097
3.70332
3.64886
3.60604
3.68864
3.42016
3.43959
3.34886
3.54797
3.78409
3.65097
3.92193
3.87982
3.81288
3.69098
3.74439
3.55616
3.5448
3.58603
3.60853
3.65268
3.55662
3.46958
3.56165
3.36323
3.58729
3.59293
3.79283
3.67782
3.80307
3.77225
3.6461
3.60119
3.69134
3.67783
3.69126
3.79177
3.92953
3.99408
3.67381
3.71762
3.83728
3.67439
3.46105
3.40855
3.43871
3.34777
3.34637
3.45478
4.09864
3.46233
3.43312
3.60084
3.57908
3.73281
3.61577
3.69008
3.58686
3.78557
3.51371
3.84997
3.53788
3.54105
3.67285
3.75328
3.88658
3.88447
3.78856
3.71449
3.63808
3.70319
3.76606
3.83207
3.75073
3.65189
3.67151
4.08717
3.75019
3.67205
3.60512
3.51232
3.55143
3.71326
3.86439
3.68971
3.59129
3.56808
3.64494
3.91095
3.82502
3.86872
3.69262
3.92027
3.62314
3.76871
3.82166
3.69327
3.69695
3.87566
3.79727
3.66058
3.60408
3.61262
3.49637
3.49042
3.88128
3.53139
3.56359
3.60237
3.6743
3.51583
3.40748
3.7544
3.4656
3.44419
3.53597
3.83963
3.50856
3.751
3.61708
3.7523
3.79127
3.65818
3.55769
3.55246
3.61294
3.84391
3.6337
3.56442
3.52573
3.86136
3.66456
3.65763
3.62631
3.72392
3.71952
3.66472
3.65577
3.51529
3.67937
3.61754
3.45652
3.60133
3.51416
3.49295
3.4368
3.52903
3.48036
3.48298
3.55985
3.84951
3.58672
3.65005
3.66965
3.49411
3.61467
3.43871
3.54734
3.71829
3.73517
3.81142
3.6727
3.90285
3.74786
3.86581
3.65593
3.75621
3.55724
3.44615
3.49238
3.4423
3.62195
3.28651
3.42367
3.75269
3.68257
3.71714
3.61731
3.70474
3.52688
3.66003
3.45665
3.48857
3.68607
3.27405
3.81404
3.86385
3.64014
3.6962
3.66282
3.7747
3.75877
3.77819
3.76975
3.77006
3.45136
3.72611
3.55539
3.5996
3.53484
3.75363
3.52471
3.54743
3.57734
3.49766
3.62277
3.61495
3.68358
3.41673
3.50629
3.28026
3.2961
3.64227
3.59939
3.64641
3.76786
3.84636
3.61814
3.6177
3.56491
3.60188
3.69738
3.71704
3.73699
3.72322
3.59982
3.59194
3.551
3.46744
3.59259
3.5425
3.50443
3.52391
3.53418
3.54013
3.58312
3.7823
3.45224
3.66366
3.58829
3.66498
3.40796
3.50812
3.55007
3.66497
3.74893
3.86732
3.75112
3.68769
3.67849
3.67029
3.5752
3.74899
3.71379
3.83444
3.79693
3.75988
3.60805
3.53437
3.6197
3.52802
3.63999
3.59468
3.74078
3.53268
3.71464
3.82615
3.89278
3.70933
3.83102
3.87358
3.85795
3.70007
3.82036
3.51707
3.69161
3.32444
3.50417
3.65698
3.76397
3.80643
3.71038
3.46042
3.44798
3.57134
3.63974
3.71243
3.73202
3.54135
3.53316
3.33515
3.43949
3.43701
3.46354
3.48321
3.49945
3.63361
3.6317
3.70789
3.68842
3.67858
3.6557
3.73158
3.60656
3.56352
3.56836
3.50609
3.49268
3.47521
3.7686
3.8107
3.73216
3.65078
3.61855
3.66182
3.60915
3.51928
3.52837
3.56181
3.51956
3.44931
3.76297
3.75343
3.81839
3.88288
3.71362
3.56989
3.71813
3.57391
3.56411
3.39502
3.70899
3.8044
3.82865
3.95952
3.72497
3.48314
3.47218
3.58853
3.73989
3.64117
3.57493
3.88577
3.52156
3.52356
3.53941
3.55449
3.73015
3.79335
3.84262
3.8603
3.7188
3.44807
3.50263
3.43453
3.6123
3.57817
3.81624
3.75969
3.86758
3.7775
3.64002
3.68348
3.76458
3.56355
3.61986
3.63438
3.5856
3.50701
3.46623
3.42053
3.48432
3.3474
3.30403
3.23666
3.59343
3.25455
3.31793
3.48839
3.56932
3.61437
3.69203
3.74429
3.64856
3.62145
3.45961
3.62135
3.48252
3.57961
3.62087
3.63258
3.51673
3.83551
3.62492
3.78417
3.72255
3.7715
3.96972
3.8656
4.06362
3.92316
3.8356
3.69852
3.82844
3.7047
3.52912
3.63586
3.64977
3.49736
3.81145
3.50374
3.28438
3.3989
3.45736
3.33421
3.44485
3.46021
3.41078
3.3148
3.47976
3.83315
3.42068
3.44423
3.47138
3.55101
3.66708
3.60478
3.41156
3.56673
3.64433
3.77325
3.74744
3.75646
3.72783
3.73211
3.75369
3.85574
3.95912
3.9017
3.65989
3.86571
3.95948
3.88372
3.68635
3.6204
3.91648
3.87466
3.93047
3.81275
3.79355
3.5702
3.58401
3.53989
3.5154
3.43344
3.57108
3.63539
3.65015
3.77509
3.73779
3.62673
3.37972
3.48125
3.50783
3.62563
3.51711
3.56343
3.75138
3.76886
3.6642
3.51242
3.46
3.51515
3.49366
3.82798
3.6558
3.72764
3.7949
3.92719
3.84571
3.91876
3.89966
3.75926
3.6297
3.56673
3.852
3.67347
3.79561
3.73029
3.68012
3.52892
3.68697
3.66328
3.32711
3.28752
3.27962
3.27815
3.58225
3.56452
3.59401
3.52593
3.46944
3.56174
3.87037
3.6701
3.69876
3.65831
3.62735
3.48325
3.17076
3.73716
3.29449
3.34936
3.45753
3.36828
3.83092
3.90112
3.90523
3.90037
3.93183
4.02526
3.86649
3.9961
4.06471
4.11123
3.79204
3.69855
3.53998
3.62874
3.47313
3.53278
3.75633
3.58204
3.48934
3.7012
3.77319
3.69065
3.87032
3.79895
3.8057
3.66227
3.54526
3.54506
3.74853
3.48312
3.71034
3.9232
3.81565
3.51141
3.55616
3.44925
3.35818
3.56032
3.37581
3.66249
3.49757
3.5498
3.68522
3.62745
3.70071
3.77047
3.70577
3.68755
3.51228
3.67666
3.81788
3.55034
3.80468
3.81243
3.76516
3.72126
3.60024
3.41945
3.53008
3.58247
3.54439
3.53863
3.91392
4.0322
3.36545
3.4372
3.3895
3.30112
3.61478
3.67999
3.53192
3.65117
3.56329
3.46881
4.09277
3.40417
3.54978
3.43539
3.63468
3.53715
3.55867
3.4501
3.5772
3.50227
3.5131
3.87874
3.59594
3.39395
3.53396
3.72948
3.74546
3.67903
3.74709
3.55088
3.5913
3.50908
3.65333
3.57134
3.67786
3.69537
3.8158
3.74986
3.44823
3.68776
3.66598
3.64918
3.65454
3.4257
3.37488
3.76389
4.09054
3.86588
3.92111
3.97084
3.8283
3.83072
3.86716
4.02978
3.73808
3.33652
3.87602
3.68221
3.95341
3.9116
3.84064
3.63848
3.73325
3.72059
3.58738
3.56661
3.46642
3.50929
3.5565
3.73149
3.66875
3.68857
3.48953
3.58981
3.5258
3.61328
3.50634
3.55097
3.50904
3.34141
3.29123
3.49547
3.58338
3.35086
3.45186
3.45222
3.80722
3.83023
3.39146
3.57995
3.61745
3.74378
3.71383
3.69385
3.78163
3.61614
3.74001
3.72322
3.69814
3.66866
3.68892
3.66338
3.65708
3.75867
3.72858
3.79333
3.57566
3.77502
3.66084
3.61677
3.51375
3.51523
3.59776
3.73473
3.58251
3.67157
3.66931
3.63293
3.61596
3.61552
3.72251
3.64373
3.64857
3.64739
3.8183
3.61773
3.60605
3.50899
3.64941
3.67753
3.71644
3.79006
3.63659
3.69513
3.58923
3.51241
3.6543
3.55428
3.50107
3.56522
3.45461
3.46931
3.55416
3.53113
3.37768
3.72376
3.25622
3.2536
3.43364
3.52501
3.49171
3.56605
3.62413
3.53675
3.54351
3.56315
3.85367
3.71844
3.7287
3.52164
3.63861
3.60229
3.764
3.84083
3.96342
3.92801
3.73746
3.68687
3.76063
3.86003
3.84821
3.85754
3.7941
3.50261
3.40452
3.29653
3.09961
3.44853
3.66052
3.53747
3.72739
3.62967
3.55779
3.49055
3.62449
3.86958
3.68384
3.53577
3.60649
3.70544
3.58525
3.61736
3.71943
3.61953
3.74825
3.75675
3.9067
3.89444
3.70111
3.68712
3.6669
3.51003
3.78491
3.72643
3.76645
3.92625
3.70944
3.52602
3.47928
3.36049
3.65821
3.72503
3.64519
3.69219
3.66702
3.5956
3.64038
3.84101
3.50216
3.52721
3.72079
3.9829
3.90097
3.88146
3.75609
3.87024
3.88574
3.65147
3.6786
3.63126
3.62026
3.6768
3.59558
3.7973
3.68544
3.58105
3.75059
3.52653
3.71135
3.55863
3.50188
3.67869
3.68855
3.52016
3.53003
3.60272
3.71364
3.51258
3.5659
3.88792
3.70773
3.63573
3.84263
3.73412
3.78038
3.78996
3.8191
3.74975
3.73993
3.7346
3.89928
3.71169
3.73602
3.83937
3.56774
3.78266
3.75539
3.78019
3.54434
3.52889
3.66236
3.79954
3.54798
3.63042
3.86195
3.96541
3.85057
3.90317
3.89136
3.78745
3.52
3.96312
3.8613
3.87196
3.8164
3.6283
3.62003
3.62127
3.67286
3.74658
3.52824
3.41276
3.52837
3.46382
3.71263
3.7171
3.95665
3.73946
3.66338
3.43131
3.31626
3.51139
3.54153
3.53283
3.61029
3.7712
3.51026
3.62086
3.56824
3.76731
3.77465
3.65956
3.52148
3.75476
3.54821
3.89375
3.96158
4.00621
3.92725
3.51327
3.69018
3.55587
3.70247
3.68418
3.7146
3.50317
3.65519
3.63865
3.42503
3.5344
3.32483
3.4776
3.73324
3.74253
3.59133
3.61101
3.80747
3.57467
3.53136
3.49915
3.36593
3.37186
3.33074
3.59243
3.63513
3.63384
3.6231
3.60943
3.64866
3.71965
3.63559
3.73193
3.69895
3.64834
3.6431
3.67596
3.77503
3.75059
3.86878
3.88174
3.77244
3.75036
3.71569
3.67715
3.66453
3.62819
3.60834
3.73326
3.74103
3.59918
3.8658
3.61962
3.55898
3.58418
3.47005
3.4221
3.59961
3.60538
3.80238
3.81224
3.76981
3.85046
3.77427
3.63777
3.54719
3.61826
3.6444
3.59699
3.45644
3.55082
3.45754
3.54658
3.70737
3.68875
3.44802
3.52436
3.65992
3.55389
3.74498
3.90216
3.67675
3.98684
3.81247
3.52523
3.37956
3.57676
3.54623
3.55977
3.61093
3.53669
3.60417
3.49371
3.72432
3.67971
3.74262
3.28023
3.88344
3.68935
3.73935
3.7779
3.797
3.93218
3.93052
3.63903
3.87414
3.57695
3.32793
3.72408
3.6751
3.65307
3.62265
3.64428
3.83427
3.6926
3.67512
3.47032
3.53685
3.6329
3.46917
3.56511
3.51141
3.58365
3.55912
3.67652
3.73187
3.73416
3.69775
3.48423
