"o"
7.3335
7.10729
7.12696
7.26475
7.37348
7.64706
7.32341
7.56035
7.35853
7.32731
7.29095
7.27817
7.42612
7.15438
7.40694
7.2614
7.24812
7.25877
7.24191
7.2315
7.45647
7.52592
7.51792
7.24197
7.19225
7.10676
7.34893
7.33378
7.18819
7.17438
7.00811
7.13901
7.23977
7.24702
7.36503
7.24291
7.40665
7.33882
7.45912
7.40722
7.24428
7.36055
7.24283
7.3506
7.17938
7.58031
7.49527
7.38624
7.27088
7.29223
7.40741
7.67054
7.53805
7.29303
7.20258
6.96213
7.14518
7.44867
7.04556
7.18324
7.32345
7.51363
7.48589
7.42555
7.05104
7.07465
6.91352
6.84595
7.30194
6.78349
6.89258
6.96304
7.06916
7.18621
7.15231
7.26205
7.23369
7.31629
7.35539
7.46557
7.36534
7.37718
7.50889
7.47681
7.53922
7.64964
7.40778
7.62039
7.59792
7.47065
7.64979
7.72683
7.30613
7.17435
7.17001
7.14526
7.04234
7.04199
7.14152
7.27214
7.48396
7.43808
7.64593
7.30037
7.34056
7.2575
7.34248
7.38148
7.52198
7.35637
7.26565
7.1131
7.05384
7.59204
7.13667
7.22698
7.13004
7.13357
7.27241
7.39738
7.19237
7.56523
7.56005
7.6107
7.73566
7.65071
7.5542
7.39596
7.36944
7.49573
7.49279
7.66094
7.59552
7.57187
7.52637
7.75143
7.62191
7.33045
7.45338
7.38582
7.28522
7.36386
7.41219
7.38539
7.31287
7.25275
7.11323
7.6899
6.99413
7.02178
7.18769
7.20585
7.26105
7.30926
7.52658
7.39194
7.29503
7.2668
7.61833
7.50998
7.63687
7.40084
7.20705
7.2989
7.28134
7.47145
7.2619
7.36862
7.38929
7.47754
7.29542
7.32226
7.36702
7.36031
7.43019
7.59628
7.47572
7.21432
7.20297
7.2642
7.50791
7.33908
7.57841
7.58028
7.51588
7.34818
7.49179
7.41825
7.46796
7.29441
7.29433
7.13489
7.15863
7.204
7.3175
7.45224
7.39535
7.26924
7.2978
7.20739
7.38498
7.21838
7.36787
7.12851
7.52983
7.39348
7.52652
7.3048
7.29644
7.62513
7.41222
7.43006
7.41922
7.33088
6.91702
7.37396
7.4838
7.54295
7.65647
7.46829
6.88287
7.11607
7.31849
7.4006
7.40946
7.30949
7.42986
7.43255
7.34976
7.22879
7.22523
7.28452
7.38774
7.50809
7.40262
7.49483
7.51755
7.4337
7.47726
7.33299
7.23952
7.33318
7.12414
7.23069
7.35099
7.2932
7.41598
7.15952
7.46934
7.21345
7.2907
7.31781
7.34792
7.36422
7.3176
7.28813
7.05307
6.85786
7.13953
7.38173
7.03565
7.27507
7.3492
7.20042
7.10332
7.08286
7.1186
7.29239
7.48675
7.49458
7.19379
7.2552
7.82056
7.81229
7.6023
7.66584
7.29706
7.39764
7.26273
7.2083
7.11202
7.04602
7.37707
7.16833
7.23443
7.44829
7.41728
7.31924
7.28373
7.23275
7.15805
7.26322
7.06951
7.20721
7.02799
7.25253
7.21967
7.03277
6.95047
6.86881
6.93269
7.10493
7.38379
7.55163
7.45158
7.49016
7.16698
7.34001
7.40941
7.30878
7.37946
7.38078
7.36632
7.50697
7.63615
7.40427
7.32231
7.27828
7.30298
7.37908
7.18411
7.06634
7.02342
6.92724
7.05673
7.04647
7.09415
7.36061
7.1718
6.98653
7.05873
7.21293
7.436
7.44057
7.4578
7.27393
7.32822
7.2224
7.43185
7.20689
7.35322
7.25186
7.31022
7.3878
7.15579
7.15056
7.26842
7.23045
7.51098
7.37649
7.5112
7.69614
7.38668
7.48571
7.51089
7.34524
7.1928
7.20305
7.07373
7.25445
7.31151
7.50984
7.43348
7.19717
7.39895
7.40079
7.25322
7.37659
7.39331
7.29788
7.19986
6.98587
7.62964
6.93732
6.85789
6.98779
7.01302
7.32498
7.03562
7.25467
7.33671
7.30723
7.39001
7.79159
7.31639
7.22864
7.35462
7.47401
7.59549
7.33666
7.44941
7.29014
7.43409
7.38717
7.77579
7.41592
7.54314
7.39006
7.45366
7.20199
7.55051
7.83567
7.79159
7.60954
7.41663
7.17763
7.23334
7.36606
7.20405
7.44312
7.38979
7.38479
7.11893
7.31002
7.33147
7.46794
7.38083
6.93782
7.32713
7.24454
7.26226
7.12512
7.06323
7.0394
7.22621
7.35837
7.6598
7.5524
6.96511
7.64306
7.54741
7.42584
7.41408
7.35901
7.22725
7.40816
7.51628
7.56205
7.47471
7.06666
7.4234
7.44385
7.25702
7.348
7.22892
7.28731
7.41387
7.38583
7.43552
7.29138
7.27677
7.33319
6.93177
7.05157
7.02608
7.11548
7.07398
7.50704
7.40345
7.39023
7.30503
7.17797
7.33058
7.22245
7.27884
7.26488
7.36093
7.31881
7.34025
7.12055
7.16191
7.10903
7.0002
7.51507
7.18222
7.14951
6.96609
7.19524
7.15635
7.38524
7.54095
7.68268
7.51315
7.36834
7.3879
7.40378
7.45868
7.53908
7.52192
7.41405
7.42507
7.05711
7.23318
7.07297
6.85151
7.03148
7.10266
7.39531
7.34631
7.40363
7.1597
7.13474
7.06451
6.98388
6.88869
7.06859
7.08662
7.33259
7.12692
7.40155
7.48482
7.64418
7.38012
7.47928
7.31291
7.49785
7.55886
7.34335
7.23899
7.63051
7.55694
7.41489
7.54406
7.59969
7.69796
7.45301
7.56395
7.60125
7.45238
7.28433
7.26119
7.28611
7.44994
7.26308
7.21591
7.27094
7.05879
7.28397
7.33319
7.51408
7.15656
7.08299
7.30233
7.46914
7.39746
7.23138
7.26681
7.26706
7.29248
7.37413
7.40373
7.45312
7.19253
7.62051
7.52637
7.51977
7.45912
7.11797
7.25612
7.21488
7.29052
7.28688
6.87453
7.19478
7.26042
7.16729
7.22837
7.39482
7.47413
7.39026
7.28425
7.39578
7.12613
7.21731
7.42679
7.02391
7.23765
7.25925
7.23323
7.24565
7.3796
7.2147
7.25642
7.43026
7.35839
7.37235
7.28075
7.21945
7.33019
7.5107
7.43122
7.27328
7.40826
7.14831
7.23562
7.35435
7.5134
7.24353
7.4839
7.58145
7.40145
7.33099
7.36905
7.36204
7.1707
7.36055
7.17012
7.08013
7.37013
7.13138
7.08161
7.27661
7.08429
7.29438
7.2407
7.36519
7.44789
7.6298
7.4991
7.35836
7.24775
7.1483
7.23495
7.11948
7.31965
7.33132
7.20069
7.39514
7.16603
7.23146
7.23944
7.15741
7.19244
7.34346
7.2412
7.35573
7.20506
7.487
7.48188
7.42571
7.33112
7.3996
7.1518
7.47321
7.59507
7.34093
7.53391
7.44303
7.33156
7.55375
7.5164
7.49639
7.34163
7.26899
7.31448
7.14339
7.47035
7.56426
7.42581
7.46451
7.21606
7.33012
7.31254
7.11082
7.25476
6.84134
6.92208
6.92449
7.17947
7.35126
7.4349
7.48666
7.44241
7.43418
7.32624
7.39197
7.2386
7.18387
7.25393
7.25733
7.08525
7.21774
7.0678
7.09648
6.95792
7.03065
7.24209
7.24464
7.35805
7.49242
7.33867
7.49122
7.30867
7.20915
7.29815
7.1425
7.14108
7.05158
7.26148
7.22587
7.28503
7.4041
7.41257
7.55628
7.59448
7.71083
7.67344
7.45168
7.44602
7.20436
7.37629
7.35684
7.38863
7.48149
7.34549
7.30828
7.24747
7.45732
7.39823
7.3707
7.30708
7.14694
7.35695
7.17121
7.35303
7.46802
7.47277
7.51252
7.51408
7.64323
7.32111
7.28779
7.31026
7.21913
7.46278
7.54833
7.59451
7.53509
7.26032
7.35191
7.32841
7.3085
7.33147
7.28492
7.34044
7.23252
7.35652
7.28149
7.33444
7.34903
7.29964
7.286
7.36336
7.5136
7.29286
7.37909
7.42077
7.27309
7.24629
7.17348
7.31865
7.36936
7.31303
7.39252
7.41844
7.2845
7.54766
7.522
7.28065
7.48168
7.49997
7.36625
7.49623
7.65289
7.56703
7.24137
7.16169
7.41053
6.92334
6.95578
7.342
7.57615
7.58463
7.4107
7.75265
7.66085
7.57117
7.43883
7.29419
7.52345
7.23863
7.15226
7.21508
7.2307
7.11441
7.26144
7.14526
7.11566
7.21402
7.45329
7.22389
7.27135
7.51754
7.3407
7.36939
7.39271
7.42662
7.53772
7.34086
7.3636
7.70489
7.63467
7.49083
7.26593
7.4091
7.57167
7.66556
7.44712
7.33219
7.04104
7.19433
7.12244
7.62195
7.27613
7.43976
7.3812
7.36085
7.22062
7.22286
7.22326
7.21266
7.29163
7.24091
7.40143
7.2432
7.17749
7.32367
6.96104
7.09299
7.34129
7.48142
7.39255
7.47352
7.2839
7.48241
7.38403
7.3707
7.34385
7.38423
7.74573
7.64542
7.50919
7.61421
7.55219
7.63795
7.0065
7.07288
7.43782
7.234
7.39124
7.35915
7.24638
7.50389
7.44328
7.37889
7.13923
7.31414
7.13174
7.19986
7.45003
7.40675
7.41902
7.40525
7.42317
7.27466
7.48877
7.67503
7.777
7.24078
7.54678
7.46009
7.55589
7.43205
7.36861
7.46579
7.26881
7.39069
7.20183
7.10027
7.15726
6.94453
6.96509
6.80605
6.76026
6.6399
7.0475
7.20626
7.4174
7.53613
7.40475
7.22949
7.31889
7.25779
7.19992
7.22795
7.23872
7.30425
7.21136
7.21211
7.23981
7.22632
7.1364
7.60761
7.31695
7.2268
7.48788
7.55742
7.27364
7.44233
7.49952
7.57135
7.51629
7.45531
7.52373
7.35108
7.36967
7.56802
7.4356
7.46562
7.35341
7.33586
7.23632
7.42741
7.44245
7.39308
7.40309
7.42034
7.36125
7.14304
7.20566
7.3184
7.27534
7.40902
7.50083
7.23273
7.43761
7.39322
7.48363
7.59559
7.49874
7.39496
7.29069
7.21175
7.29508
7.1785
7.29017
7.1511
7.42882
7.32554
7.13181
7.06802
7.24167
7.1188
7.38819
7.31661
7.10912
6.90704
7.20344
7.71292
7.29529
7.23522
7.36857
7.18935
7.36307
7.25999
7.31076
7.39206
7.40541
7.37412
7.63109
7.27282
7.11326
7.26871
7.34569
7.32338
7.37984
7.49204
7.18216
7.20924
7.36893
6.91346
7.08154
7.2925
7.34584
7.43357
7.43414
7.36075
7.44137
7.24866
7.37276
7.40533
7.44182
6.95904
7.65475
7.48766
7.35826
7.35416
7.21999
7.38759
7.40101
7.56013
7.49484
7.48272
7.50464
7.63289
7.42216
7.30157
7.16205
7.4041
7.45166
7.24066
7.29257
7.19121
7.14732
7.55525
7.09377
7.41452
7.28394
7.33273
7.12045
7.7064
7.60171
7.57263
7.5067
7.44262
7.2322
7.30739
7.23026
7.39613
7.5399
7.40562
7.51469
7.37796
7.49842
7.65876
7.833
7.52451
7.21163
7.45124
7.27125
7.21389
7.16164
7.12934
7.17054
7.0556
7.04741
7.10277
7.39343
7.31919
7.27908
7.26026
7.26927
7.16666
7.15987
7.19577
7.31757
7.13756
7.18647
7.39151
7.36292
7.17679
7.00622
6.97893
7.27433
7.38078
7.23843
7.4589
7.24692
7.48486
7.24482
7.41774
7.48467
7.24464
7.2384
7.32172
7.39821
7.46827
7.56908
7.51696
7.35667
7.37082
7.45695
7.40073
7.41943
7.43089
7.15559
7.23456
7.40618
7.25523
7.32194
7.46269
7.49424
7.43666
7.15964
7.38549
7.34472
7.19325
7.31443
7.48085
7.53647
7.86801
7.78291
7.71366
7.63762
7.11144
7.44731
7.35006
7.34006
7.35898
7.53284
6.84631
6.91736
6.87741
7.17237
7.22233
7.57222
7.32001
7.01109
7.02039
7.11081
7.17255
7.38709
7.34707
7.10061
7.28492
7.26463
7.25471
7.33086
7.32898
7.35957
7.44423
7.52742
7.44286
7.39032
7.4415
7.41762
7.57849
7.63289
7.25832
7.43056
7.48165
7.23216
7.2239
7.12145
7.34107
7.37497
7.49174
7.41186
7.50322
7.39959
7.20617
7.39972
7.27046
7.34119
7.27236
7.16625
7.14177
7.03519
7.00235
7.12393
7.66508
7.74827
7.53276
7.45674
7.41934
7.42666
7.73505
7.51822
7.33123
7.31192
7.33655
7.08418
7.46958
7.10052
6.90918
6.79338
6.81363
7.08192
7.05929
7.06105
6.99897
6.92139
6.89122
7.57013
7.12903
7.10453
7.36299
7.27159
7.34126
6.96898
6.99197
7.12765
7.38384
7.44359
7.45439
7.31148
7.42141
7.50464
7.47649
7.62651
7.68761
7.91677
7.65135
7.447
7.48811
7.32893
7.18827
7.48844
7.68572
7.57546
7.59185
7.50772
7.65049
7.74708
7.60913
7.57236
7.45602
7.28705
7.43267
7.53097
7.6446
7.62565
7.658
7.5361
7.26686
7.03097
7.36429
7.23998
7.39039
7.48416
7.24183
7.065
6.98742
7.1529
7.11455
6.95984
6.95305
7.12844
7.24902
7.09369
7.40579
7.30385
7.50561
7.24846
7.20136
7.25739
7.24101
7.27108
7.43915
7.63587
7.48059
7.75781
7.79506
7.62021
7.66388
7.54586
7.35275
7.18732
7.27213
7.34325
7.36601
7.31732
7.58087
7.33571
7.21622
7.20234
7.22986
7.16797
7.15725
7.07023
7.13945
7.0188
7.06234
7.62883
7.16247
7.09908
6.97476
7.14786
7.15595
7.13913
7.2248
7.37082
7.24847
7.18376
7.6505
7.26041
7.37636
7.52473
7.49026
7.46641
7.65092
7.64562
7.55168
7.70743
7.7012
7.67443
7.61801
7.91232
7.66727
7.54295
7.3797
7.24992
7.23113
7.24537
7.19623
7.29744
7.54407
7.54834
7.36519
7.30417
7.11969
7.10341
7.16618
7.17712
7.17216
7.32127
7.50577
7.5394
7.50257
7.7007
7.55626
7.5601
7.31126
7.21217
7.31704
7.2618
7.26575
7.25223
7.28613
7.36764
7.52216
7.45603
7.40223
7.55009
7.69909
7.13081
7.01932
7.08513
7.35416
7.44282
7.60392
7.40853
7.25543
7.36366
7.29717
7.21453
7.08368
7.11872
7.30611
7.29209
7.28253
7.31698
7.43159
7.1284
7.28821
7.01651
7.31716
7.48784
7.49635
7.1467
7.05862
7.11055
7.27613
7.37593
7.11761
7.38083
7.57742
7.50347
7.7854
7.54223
7.9053
7.77304
7.69673
7.48413
7.37667
7.3288
7.32749
7.40816
7.49035
7.75255
7.2493
7.18925
7.34592
7.41325
7.34465
7.45635
7.27475
7.37141
7.31463
7.4743
7.48567
7.49169
7.49604
7.49752
7.54888
7.4934
7.46154
7.37837
7.72616
7.81311
7.41189
7.05728
7.1473
7.3636
7.48757
7.60491
7.37547
7.28765
7.06705
6.99128
7.16484
7.22852
7.35536
7.22498
7.22764
7.12583
7.14572
7.03211
7.33347
7.18332
7.47785
7.34688
7.19352
7.3093
7.42974
7.21483
7.14711
7.35313
7.65253
7.3615
7.56655
7.6326
7.26193
7.4239
7.49614
7.3804
7.25141
7.33293
7.19542
7.28115
7.16968
7.29436
7.52218
6.95876
7.108
6.92553
7.01195
7.22126
7.27097
7.08779
7.11028
6.89107
7.26202
7.34421
7.33344
7.63509
7.49141
7.31076
7.44903
7.18623
7.26272
7.17697
7.09929
7.13362
7.44798
7.32135
7.3329
7.23353
7.04181
7.33782
7.52482
7.44991
7.4999
7.34497
7.17276
7.37195
7.25233
7.68039
7.68266
7.48104
7.45873
7.20862
7.20952
7.13396
7.10192
7.05743
7.16675
7.3419
7.26779
7.39426
7.25304
7.25962
6.94051
6.93778
7.0532
7.24198
7.40656
7.2957
7.27859
7.09051
7.0702
7.10139
7.32131
7.45468
7.09202
7.31776
7.22554
7.18604
7.33982
7.49016
7.39549
7.43838
7.48967
7.53249
7.35088
7.54858
7.54292
7.64771
7.72394
7.6319
7.34799
7.59597
7.46509
7.17638
7.32819
7.1728
7.19949
7.29661
7.55736
7.66354
7.44939
7.51744
7.28517
7.50599
7.74274
7.55878
7.55533
7.52017
7.55841
7.22986
7.27949
7.26423
7.26978
7.47355
7.17491
7.16163
7.23874
7.26253
7.27837
7.25097
7.32518
7.17578
7.21501
6.90581
7.40712
6.85278
6.94316
7.05524
7.33543
7.19847
7.31769
7.13867
7.18431
7.22081
7.24957
7.68466
7.733
7.30356
7.49236
7.37826
7.47041
7.37353
7.47935
7.18874
7.35435
7.06299
7.08698
7.85523
7.20664
7.29649
7.30065
7.31912
7.29818
7.39454
7.32018
7.22031
7.33397
7.19034
7.70527
7.17901
7.21416
7.04434
7.12172
7.08424
7.21963
7.36641
7.64082
7.30674
7.24066
7.50839
7.19587
7.23009
7.52508
7.56383
7.76696
7.41154
7.31995
7.50419
7.79514
7.54503
7.40495
7.3971
7.1085
7.27318
7.30531
7.24493
7.22352
7.32531
7.47602
7.37696
7.44786
7.35943
7.52044
7.62836
7.60795
7.33264
7.33898
7.09752
7.18216
7.35482
7.20901
7.23086
7.26477
7.52025
7.33091
7.50698
7.27195
7.36171
7.23186
7.54648
7.36134
7.17846
7.46412
7.38486
7.47897
7.37163
7.37154
7.29165
7.23429
7.22035
7.41602
7.49389
7.41288
7.40902
7.40166
7.32036
7.12643
6.94144
6.9885
7.11931
7.22965
7.30244
7.2155
7.22385
7.1724
7.34646
7.60188
7.31254
7.33226
7.4252
7.29862
7.4463
7.4577
7.21446
7.26347
7.53049
7.40401
7.259
7.31464
7.01607
7.17067
7.24178
7.42072
7.40192
7.5403
7.30277
7.0967
7.05827
7.20911
7.34342
7.39716
7.79307
7.70561
7.65623
7.35707
7.31552
7.34096
7.02972
7.05133
6.94189
7.39306
7.13401
7.17667
7.22411
7.49738
7.44196
7.47055
7.35266
7.21311
7.14339
7.15247
7.3054
7.23201
7.36011
7.24482
7.11917
7.08007
7.01802
7.03964
7.28291
7.3354
7.40617
7.43619
7.23468
7.45312
7.35127
7.52384
7.4114
7.35154
7.42409
7.26704
7.2725
7.24464
7.28786
7.31113
7.43685
7.45598
7.33013
7.27209
7.43936
7.32801
7.54054
7.2555
7.10555
6.99077
7.60729
7.45706
7.39652
7.37772
7.48876
7.40079
7.40315
7.46594
7.44639
7.24874
7.21236
7.30902
7.66289
7.18315
7.1271
7.14872
7.40485
7.36665
7.53528
7.20594
7.03184
6.9879
7.06942
7.58363
6.78441
7.09377
7.09715
7.16475
7.31291
7.36641
7.33713
7.66943
7.47704
7.37527
7.63041
7.43067
7.3575
7.54353
7.52209
7.59685
7.41626
7.18797
7.30665
7.29127
7.29202
7.31427
7.46647
7.08946
7.0275
7.08446
7.41821
7.37734
7.36412
7.31003
7.19193
7.35155
7.35535
7.51937
7.56591
7.66796
7.47076
7.50428
7.41737
7.41901
7.44549
7.28816
7.45546
7.32252
7.57447
7.4211
7.47815
7.62569
7.56729
7.52547
7.46107
7.37191
7.21949
7.13487
7.13637
7.47246
7.21214
7.38218
7.55254
7.38935
7.37371
7.57243
7.3508
7.36223
7.23495
7.29585
7.2389
7.39004
7.19525
7.07169
7.11441
7.0678
7.26094
7.47373
7.33198
7.40198
7.42175
7.54099
7.48718
7.2059
7.18173
7.38498
7.30346
7.35549
7.16823
7.30058
7.25771
7.39424
7.21118
7.55279
7.11243
7.19712
7.07316
7.17194
7.25041
7.22081
7.29424
7.2065
7.11423
7.18761
7.55846
6.99438
7.09104
7.22691
7.2911
7.32259
7.33242
7.30112
7.26459
7.16973
7.06762
8.09182
7.65852
7.54572
7.50006
7.21311
7.2593
7.29062
7.31723
7.15863
7.14001
7.08819
7.09562
7.47289
7.18037
7.18414
7.19254
7.25602
7.39796
7.5816
7.34925
7.41637
7.41417
7.15671
7.25236
7.36236
7.40441
7.31308
7.25378
7.24484
7.32777
7.63958
7.75164
7.69941
7.52138
7.5276
7.39252
7.22628
7.36425
7.29406
7.72956
7.68813
7.70862
7.60308
7.52435
7.57017
7.25429
7.54361
7.46269
7.75663
7.5739
7.23407
7.06309
7.23537
7.44898
7.47938
7.49338
7.34932
7.54499
7.1107
7.23796
7.03501
7.09343
7.28789
7.24556
7.31299
7.36295
7.54589
7.34463
7.90962
7.30935
7.2481
7.35528
7.30257
7.36128
7.21359
7.21425
7.09123
7.1576
7.10779
7.58525
7.12734
7.16868
7.29973
7.30241
7.47134
7.51696
7.54959
7.42565
7.38358
7.41488
7.2319
7.22076
7.20477
7.25791
7.40006
7.54761
7.56692
7.61895
7.52572
7.70087
7.54956
7.54624
7.33596
7.24765
7.37095
7.4791
7.35566
7.18567
7.24383
7.34882
7.09095
6.97947
7.03349
7.20425
7.08104
7.182
7.30362
7.31206
7.3332
7.36226
7.30132
7.22511
7.22377
7.27726
7.36712
7.23891
7.26832
7.20984
7.1283
7.14241
7.40229
7.20488
7.1034
7.05446
7.32568
7.21223
7.19246
7.65474
7.47676
7.42207
7.40674
7.20666
7.05611
7.07016
7.07198
7.1937
7.29149
7.36847
7.12116
7.16435
7.22058
7.39473
7.44248
7.29152
7.38749
7.31397
7.38175
7.59941
7.24125
7.47261
7.11525
7.02182
7.0405
7.06758
7.24154
7.23677
7.78189
7.50906
7.38351
7.22471
7.49614
7.25306
7.17781
7.21731
7.0979
7.27668
7.4246
7.60986
7.51483
7.39164
6.97508
7.00189
7.4978
7.37185
7.44133
7.43242
7.63468
7.71688
7.60936
7.52083
7.43585
7.56404
6.98446
7.53276
7.41671
7.24219
7.17153
7.26432
7.49884
7.35649
7.30574
7.48235
7.75907
7.22937
7.64475
7.58837
7.56734
7.59943
7.41479
7.19071
6.9308
7.09996
7.2209
7.30793
7.28386
7.40844
7.50952
7.48117
7.13262
7.10669
7.2163
7.12292
6.91602
7.13614
7.34683
7.2481
7.40825
7.22967
7.40476
7.06701
7.15687
7.12571
7.24674
7.47793
7.46859
7.56025
7.38863
7.56076
7.25377
7.10255
7.40731
7.58979
7.52776
7.45744
7.5323
7.5739
7.65745
7.5826
7.48473
7.51198
7.51928
7.5239
7.65733
7.48695
7.46563
7.39315
7.34496
7.32433
7.2552
7.43305
7.37913
7.27731
7.23516
7.09667
7.27084
7.42622
7.18886
7.21378
7.17251
7.3275
7.47428
7.58015
7.47212
7.44021
7.47496
7.69533
7.49776
7.49478
7.37144
7.42439
7.41773
7.08278
7.61153
7.31333
7.39459
7.3479
7.44633
7.45098
7.29595
7.18712
7.02472
7.137
7.17936
7.6585
7.45481
7.27577
7.41329
7.21088
7.07138
6.96812
6.78326
6.85923
7.10282
7.23118
7.62527
7.11775
7.31086
7.47144
7.29733
7.28348
7.73717
7.44284
7.48251
7.28999
7.4239
7.31763
7.37795
7.31918
7.39742
7.34328
7.5509
7.14799
6.90853
6.98307
7.14472
7.20181
7.2139
7.22916
7.16139
7.26389
7.14891
7.25329
7.24298
7.33815
7.27195
7.43589
7.60225
7.45187
7.24802
7.64546
7.81364
7.71694
7.55437
7.57842
7.37091
7.22086
7.03231
7.01737
7.22922
7.22013
7.2066
7.46863
7.394
7.4729
7.36927
7.30937
7.20598
7.14241
7.11357
7.13591
7.23122
7.32573
7.37486
7.41655
7.20628
7.32423
7.36717
7.31264
7.11554
7.17908
7.26352
7.00111
7.47452
7.05481
7.02815
6.76577
6.78873
6.79092
6.88975
7.14259
7.15952
7.3213
7.24473
7.2923
7.34817
7.4904
7.38068
7.37787
7.41832
7.45053
7.40703
7.68199
7.64731
7.70809
7.23545
7.64232
7.2796
7.4597
7.33422
7.14027
7.15701
7.39047
7.78005
7.50998
7.53775
7.3473
7.20917
7.41815
7.43191
7.54707
7.45361
7.23486
7.20966
7.11655
7.23261
7.69442
7.54887
7.18391
7.36531
7.34104
7.40559
7.15
7.3159
7.28177
7.4784
7.18872
7.15976
7.0629
7.33534
6.95236
7.13356
7.25759
7.39069
7.36324
7.41035
7.27946
7.39594
7.48044
7.3224
7.27022
7.44414
7.28834
7.30825
7.1491
7.39058
7.36856
7.32158
7.35927
7.15815
7.33879
7.36223
7.22712
7.42373
7.09502
7.29788
7.23084
6.98928
7.10697
7.19109
7.25249
7.14674
7.18549
7.34001
7.19234
7.13277
7.20791
7.22653
7.1983
7.08109
7.28137
7.37881
7.49477
7.3919
7.21211
7.49945
7.30762
7.41156
7.52336
7.35303
7.26835
7.37204
7.44617
7.50635
7.72939
7.1188
7.78005
7.5186
7.40646
7.35623
7.26035
7.31954
7.2505
7.19388
7.35435
7.23092
7.37616
7.32133
6.94876
6.94776
7.04286
7.16572
7.34018
7.47007
7.45846
7.16999
7.2047
7.17873
7.27314
7.24656
7.32711
7.35023
7.34112
7.39186
7.41379
7.67886
7.69851
7.54956
7.70205
7.54247
7.45406
7.50718
7.35528
7.24574
7.15803
7.06272
7.15267
7.25609
7.29409
7.38599
7.53388
7.27318
7.52437
7.55648
7.62733
7.53286
7.42371
7.36023
7.07703
6.93173
6.93235
7.39325
7.26483
7.36525
7.45771
7.34326
7.39379
7.3093
7.32429
7.3047
7.43214
7.54551
7.36746
7.12009
7.47731
7.23582
7.38567
7.35035
7.34512
7.17131
7.22775
7.48453
7.7257
7.54335
7.23674
7.54122
7.34323
7.47344
7.49291
7.34933
7.418
7.30612
7.27424
7.34663
7.18645
7.40139
7.18202
7.13182
7.55648
7.44584
7.51446
7.65005
7.49474
7.44587
7.39705
7.31521
7.27689
7.25124
7.35126
7.29267
7.46307
7.40495
7.50694
7.39322
7.5785
7.57392
7.43555
7.66572
7.34067
7.65296
7.58034
7.55363
7.54693
7.47294
7.50016
7.42273
7.28052
7.21667
7.52263
7.02197
7.53996
7.44455
7.39734
7.30444
7.42892
7.44948
7.43012
7.40504
7.2798
7.43258
7.06291
7.46402
7.40261
7.32081
7.22393
7.29149
7.06946
6.90472
7.21223
7.33828
7.26127
7.13912
7.11607
7.06337
7.3302
7.53498
7.57879
7.65326
7.43565
7.30963
7.09395
7.07415
7.14321
6.96025
7.33216
7.25458
7.54442
7.49218
7.48751
7.48369
7.51222
7.56178
7.7169
7.58121
7.06819
7.61602
7.68372
7.70489
7.49395
7.33885
7.46394
7.44281
7.26939
7.51505
7.49978
7.15195
7.4758
7.23834
7.25862
7.4803
7.28125
7.22341
7.16931
7.35164
7.3939
7.30212
7.23166
7.23236
7.32475
7.30193
7.4969
7.75081
7.41374
7.33058
7.31578
7.00244
7.10608
7.14599
7.27962
6.98719
7.37503
7.31046
7.37863
7.2794
7.39477
7.2965
7.38138
7.39331
7.34403
7.40722
7.443
7.60046
7.95035
7.75833
7.91873
7.7592
7.55934
7.32055
7.19102
7.25092
7.10813
7.2195
7.1912
7.33922
7.1634
7.25658
7.11708
7.22804
7.25856
7.34673
7.24939
7.23361
7.13525
7.34671
7.45485
7.12797
7.26297
7.38631
7.41904
7.68422
7.43366
7.44265
7.47334
7.23691
7.3071
7.16355
7.52786
7.53694
7.39793
7.51422
7.44414
7.17831
7.49773
7.45911
7.18998
7.56909
7.3974
7.40344
7.5374
7.46478
7.43817
7.34957
7.32935
7.40346
7.59979
6.95038
7.55109
7.47206
7.32144
7.49271
7.26356
6.87911
6.92054
6.96021
7.17897
7.21295
7.51492
7.41357
7.22618
7.11841
7.2977
7.13072
7.15865
7.25304
7.45246
7.37777
7.58771
7.48518
7.56166
7.59277
7.59536
7.52239
7.33413
7.08035
7.04706
7.10065
7.0282
7.27815
7.2895
7.35891
7.40769
7.35572
7.37759
7.4301
7.47921
7.21004
7.20994
7.11269
6.94648
7.27998
7.22397
7.55885
7.33216
7.32885
7.30251
7.27698
7.33384
7.35869
7.267
7.38262
7.25029
7.54501
7.33943
7.13558
7.27259
7.17503
7.40343
7.28733
7.33718
7.21432
7.32206
7.1177
7.1301
7.30639
7.0446
7.06928
7.15137
7.47685
7.51697
7.30499
7.20117
7.20001
7.3885
7.61434
7.27286
7.55583
7.54886
7.47522
7.52467
7.55322
7.5949
7.66508
7.45991
7.184
7.29991
7.23549
7.46507
7.55137
7.25937
7.27383
7.37895
7.31819
7.52085
7.32921
7.11594
7.33863
7.41959
7.76648
7.32111
7.45887
7.33214
7.5427
7.38641
7.4934
7.39466
7.29215
7.29077
7.23492
7.60245
7.13948
7.15783
7.12988
7.24206
7.25905
7.01238
7.03701
7.17557
7.21193
7.31434
7.39017
7.44934
7.40466
7.43107
7.51948
7.40374
7.66109
7.60254
7.29625
7.17842
7.17349
7.39777
7.01858
7.17593
7.39398
7.15063
7.18676
7.55906
7.46582
7.42464
7.18502
7.36634
7.10204
7.10357
7.49458
7.5152
7.37113
7.46711
7.44593
7.43753
7.48412
7.31241
7.29235
7.29927
6.91304
7.3407
7.26594
7.34252
7.22058
7.34363
7.39068
7.38258
7.42063
7.45297
7.41895
7.25079
7.38031
7.21273
6.82297
6.91128
7.07692
7.02814
7.11271
7.22272
7.27135
7.4091
7.16395
7.29936
7.26561
7.34424
7.37668
7.34059
7.27702
7.42327
7.46615
7.60159
7.51371
7.21736
7.21136
7.57194
7.49485
7.58205
7.51696
7.69301
7.66354
7.43172
7.40552
7.56492
7.38706
7.2807
7.29657
7.10951
7.20046
7.35407
7.49764
7.1985
7.08221
7.06988
7.15705
7.07626
7.36107
7.22605
7.28457
7.2895
7.45197
7.11443
7.14946
7.21311
7.26217
7.24674
7.31273
7.09707
7.24302
7.33425
7.28244
7.19658
7.24518
7.1784
7.38479
7.48851
7.40125
7.34601
