"o"
61.7335
63.3569
63.0828
62.0518
61.5588
62.2708
62.3368
62.8336
63.4101
62.9709
63.3793
62.7857
62.721
62.2428
63.1104
63.2787
63.0143
62.9707
62.2303
62.7097
62.6386
62.5524
61.992
62.0804
61.2496
60.929
62.1253
61.6319
61.3635
61.6733
61.5376
62.102
62.5515
63.1807
61.8234
62.5675
62.5354
62.8049
63.1268
63.3046
61.9627
61.434
61.0002
60.4723
61.275
61.4395
61.945
63.214
63.0705
63.9397
64.2404
64.0913
63.4916
63.2806
63.1163
62.6532
62.1455
61.6243
62.0795
62.2654
61.4829
61.7489
61.5631
60.6336
61.4275
61.9044
61.7555
61.4919
61.2742
61.5409
61.6206
61.9741
62.2643
62.4426
62.8685
63.1334
63.0806
63.2727
62.2099
60.7724
62.8005
62.6759
61.4892
62.3567
62.3485
61.5978
61.903
61.6491
62.3811
62.8589
62.4511
62.7395
62.3398
62.4342
62.7286
62.7991
62.813
62.9146
62.7701
62.7991
62.7207
63.0752
62.446
62.7778
62.489
61.4483
60.8939
61.6422
61.6417
61.4888
62.042
61.7612
61.6926
62.1415
61.9043
62.1285
62.4385
62.5456
62.6242
62.6013
62.5228
62.0233
62.5219
62.609
62.4738
62.0151
62.7048
62.6472
62.8227
62.4334
61.6478
61.9482
61.5631
61.9412
62.2433
62.6201
62.1305
62.9862
63.2727
63.9413
63.9055
64.0173
64.3917
64.6149
64.4688
63.8377
63.1713
61.086
62.9826
62.9105
62.4444
61.8794
60.9813
60.9342
61.0241
60.2308
60.8094
60.8034
61.3953
61.0082
60.7668
60.8003
61.3825
61.5475
62.2446
62.3705
62.5811
63.2877
63.2298
61.2055
63.3467
63.7125
62.6751
62.7818
62.3736
61.6283
60.618
61.6704
62.4393
62.3451
62.2558
61.8916
62.7688
63.4651
63.6023
62.8973
62.9714
62.9297
62.2644
62.6667
62.5448
62.8149
62.0869
61.984
61.8298
61.8648
62.0607
61.8615
61.813
61.78
61.6268
61.6238
61.4106
62.3459
61.5693
62.0414
62.0673
62.3879
62.235
62.9449
62.919
62.6454
62.5828
61.1864
62.7092
61.5615
61.3272
61.6949
62.0785
62.1561
62.4022
62.3979
62.451
62.1593
61.9758
62.5338
62.4367
62.9939
62.6844
63.056
63.4075
62.9704
63.1629
62.9902
63.154
63.2229
62.5616
61.8066
62.3245
62.9062
62.5751
62.3553
62.0365
62.4097
62.1207
62.598
62.425
61.5838
62.1163
61.3445
62.0639
60.8735
61.8768
61.9241
62.1927
62.4039
62.2703
61.085
61.8417
62.0631
62.2309
62.0503
62.1656
61.8262
62.184
62.0293
62.2352
61.7912
62.5337
62.8623
63.7705
63.697
61.1632
61.9073
62.1886
61.9705
61.6664
62.0779
62.7357
62.7175
62.3554
62.9969
63.0032
63.5758
62.9224
63.0374
62.1817
62.4385
62.4612
62.3785
62.1232
61.1324
61.2535
62.1803
61.2448
60.7995
60.9617
61.5483
61.8876
61.7507
62.1385
62.5397
63.0665
62.8706
62.3028
63.3404
63.1946
62.8043
63.2844
63.4784
61.6166
61.3686
61.4909
61.0959
61.3762
61.6974
61.5069
63.1061
63.0552
63.3027
62.4401
62.7165
62.7777
62.7436
63.0487
63.1516
62.096
61.3357
62.5355
61.9785
62.3779
62.1157
61.4493
62.0796
61.4384
61.5305
61.9047
61.5426
61.7114
62.1301
62.083
61.4836
63.0795
63.0348
63.1429
63.6114
63.6436
62.9087
62.7227
62.0253
62.2862
62.2848
62.1385
61.3669
61.5573
62.1372
62.103
61.952
62.3695
62.6608
