"o"
207.509
207.864
207.877
208.904
210.336
210.169
209.471
206.4
207.635
208.28
208.694
207.77
204.822
206.972
208.618
207.541
207.175
207.234
206.264
206.922
206.214
208.428
207.943
206.941
206.835
207.084
206.378
208.415
207.971
206.515
206.524
206.813
206.075
208.656
207.931
207.544
207.372
207.081
206.605
206.857
208.009
208.312
203.521
207.31
209.041
208.35
208.173
208.309
210.229
210.509
209.375
206.678
207.95
208.859
208.41
207.623
208.359
206.467
208.774
207.677
207.276
206.575
206.952
206.933
206.638
209.043
207.881
207.382
206.259
207.057
206.995
206.883
208.038
208.123
207.821
206.628
206.151
206.198
208.047
207.545
207.658
206.728
206.464
206.473
206.427
207.577
207.737
206.371
207.276
209.219
