"o"
30.2041
30.0788
30.0459
30.5607
30.4855
30.5696
30.8461
30.6422
30.7366
30.5034
30.0759
30.105
30.2278
29.4957
30.4073
30.4145
30.3129
30.43
30.2635
30.5772
30.5004
30.4624
30.4652
30.0713
30.1206
30.0222
30.0326
30.315
30.2618
30.3292
30.2931
30.3197
30.5105
30.787
29.8498
30.8742
30.7711
30.4814
29.9471
30.1455
29.9777
30.2366
29.8456
30.2421
30.5939
30.0144
30.2626
30.2686
30.6535
30.8412
31.0387
31.1042
30.8013
30.3141
30.5508
30.2005
30.5434
30.4852
30.588
30.4512
30.3574
30.5824
30.462
30.7036
30.3268
30.4895
30.1567
30.0533
30.4957
30.2161
30.3407
30.1965
30.0497
30.0737
30.2151
30.0814
29.6341
29.4212
29.6102
30.3934
29.8042
29.8214
29.8548
29.9756
30.077
30.3165
30.3904
30.2903
30.2095
30.7664
30.0846
30.288
30.2191
30.1795
30.0696
30.3305
30.0335
29.9556
30.3002
30.3364
30.3723
30.3006
30.4605
30.3986
30.3288
30.246
30.3106
30.2586
30.798
30.4985
30.4022
30.5128
30.4052
30.6568
30.3679
30.5079
30.453
30.7682
30.4306
30.2955
30.1405
29.9009
29.9532
29.9996
30.6261
29.8362
29.7995
29.8815
30.0141
30.1997
30.4772
30.4752
30.0952
29.8181
30.2245
29.9053
29.9031
30.639
30.4727
30.488
30.9841
30.5773
30.7607
30.9435
30.5337
30.4028
30.3634
29.7593
30.5286
30.4676
30.6896
30.7277
30.768
30.7012
30.5655
30.6039
30.4537
30.0664
30.1688
30.1391
29.696
30.1709
30.0086
29.9193
30.3018
30.0652
30.4326
30.7265
30.4255
29.5897
29.9383
29.7608
29.6615
29.4532
29.7729
30.0691
30.0943
30.1319
30.6258
30.4512
30.4255
30.2808
30.7521
30.5753
30.7906
30.7174
30.6203
30.4025
30.4243
30.477
30.3818
30.305
30.1445
30.1424
30.267
30.4708
30.1487
30.3892
30.4293
30.61
30.5154
30.3034
30.252
30.3066
30.2048
30.1071
30.1947
30.3177
30.3193
30.5023
29.8765
29.9996
29.9849
29.9299
30.2943
29.7963
30.019
29.7931
29.7987
30.2484
30.307
30.3272
30.4551
30.5575
30.6493
29.8573
29.7772
30.3133
30.3181
30.4074
30.3126
30.4958
30.2084
30.2919
30.5054
30.5354
30.746
29.6247
30.6229
30.7511
30.7055
30.8347
30.8075
30.6973
30.628
30.4004
30.4299
30.1929
29.6757
30.3364
30.1796
30.1224
30.3613
30.4879
30.4186
30.3905
30.311
30.5756
30.1619
29.2657
30.0496
30.1125
30.0672
30.0904
29.9806
29.7866
30.1742
30.0655
30.0323
30.5032
30.014
30.0978
30.6003
30.6409
30.808
30.6003
30.2053
30.6719
30.5695
30.3268
30.4447
30.4096
29.6445
30.4745
30.5088
30.2615
30.3924
30.3506
30.2987
30.4135
30.5516
30.1702
30.621
29.7387
30.0202
30.1714
30.1921
30.3014
30.267
30.1755
30.1506
30.1485
30.2342
30.4715
29.9262
30.3952
30.412
30.4171
30.2654
30.1585
30.0225
30.1558
29.8979
30.3058
30.6284
30.4558
30.242
29.8695
29.9025
29.7662
29.8442
29.7608
29.9956
30.0733
30.2395
30.3002
30.4241
30.4566
30.5245
30.2591
30.4945
30.612
30.0886
30.2467
30.3456
30.4091
30.2159
30.3058
30.8096
30.3026
30.1997
30.6241
30.6065
30.3344
30.0789
30.3185
30.3173
30.4401
30.1326
30.8697
29.9802
30.4816
29.9123
30.5726
30.3007
30.4637
30.4269
30.3686
29.8098
29.8444
28.978
29.3321
30.2311
30.3908
30.3078
30.0108
29.819
30.3006
30.3181
30.5862
30.6451
30.5621
29.7156
30.1977
30.4722
30.913
30.6718
29.8386
30.3034
29.8789
30.0781
30.3186
30.4942
29.8647
30.315
30.0572
29.9315
30.4767
30.9115
31.1659
30.587
30.8211
30.3456
30.1533
30.3142
29.8746
29.8463
29.0832
29.2637
29.2373
30.452
30.517
30.7108
30.4591
29.9908
30.0933
29.7908
30.2709
30.4719
30.3018
30.2947
30.2323
30.0379
29.9518
29.6181
29.5324
30.0864
30.1395
30.2971
30.042
30.0293
30.3801
30.248
30.5206
30.1446
29.9944
29.5088
30.3388
30.1317
30.2879
30.4122
30.2939
30.5093
30.502
30.8516
31.06
31.214
30.6745
30.5363
29.9235
30.4919
30.346
30.3772
30.1885
30.1571
30.1533
29.8092
29.8663
29.7684
30.025
30.5559
30.8038
30.4633
30.5046
30.8897
30.84
30.3625
30.9047
30.9165
30.7339
30.6087
30.7817
30.72
30.375
30.177
29.7722
29.8073
29.1204
29.6754
29.6076
29.7966
29.9023
30.178
30.655
30.6273
30.3771
30.0441
30.2959
29.7964
29.811
29.9917
29.9007
29.9118
30.1989
30.5696
30.1079
30.0473
30.2444
30.1954
30.5221
30.6384
30.8155
30.4892
30.1768
30.4176
30.217
30.4886
29.7128
29.6499
29.9525
30.11
30.1323
30.1026
30.3595
30.5469
30.6163
30.7014
30.2963
30.9684
30.8649
31.0401
31.441
31.3467
31.1346
30.9276
30.9199
30.6172
30.5034
29.7122
30.2563
30.4008
30.0796
30.3555
30.134
29.8704
29.7182
29.9131
29.7003
30.0745
29.9867
30.3491
30.0285
30.0215
29.9806
30.0312
30.0265
30.1479
30.3336
29.9446
30.109
29.9628
29.9661
30.2586
30.3984
30.7395
30.6647
30.6188
30.822
30.8431
30.8562
30.6706
30.7959
29.5786
30.4946
30.7452
30.5625
30.5779
29.8721
30.4711
30.1094
30.2737
30.4132
30.5002
29.57
30.2104
30.0655
30.1472
30.28
30.371
30.607
30.5057
30.6591
30.3967
30.472
29.6185
30.4372
30.5243
30.2832
30.2812
30.1107
29.7076
29.7908
29.9274
29.862
29.9582
30.0425
30.5489
31.114
30.829
30.7055
30.4556
30.6044
30.6877
30.4159
30.8146
30.6213
30.5115
30.2281
30.9718
30.4957
30.2725
30.0869
29.8726
29.9811
29.7183
29.8194
29.7947
29.746
30.5778
30.0512
29.8136
30.332
30.2788
30.122
30.0134
29.8589
29.9138
29.8477
29.9649
30.6555
30.0468
29.9719
30.0282
30.0213
30.0398
30.5886
30.3534
30.1446
30.6967
30.7923
29.8035
29.7346
31.0517
30.9003
30.9872
30.6188
30.4907
30.732
30.6232
30.3062
30.2629
30.5581
29.9656
30.2788
30.2209
30.2339
30.1912
30.2139
30.2071
30.1749
30.3739
29.8151
30.0049
30.0425
30.017
29.6756
30.1171
30.2404
30.2835
29.8336
30.2935
30.3934
29.9473
30.4145
30.1118
30.6675
29.999
30.1009
29.8351
29.6115
29.9747
30.2186
30.3603
30.4413
30.923
30.0331
30.033
30.1304
30.0459
29.999
29.927
30.0068
30.039
30.3022
30.5985
30.0979
30.4243
29.7916
30.3304
30.2411
30.1573
29.9756
30.2397
30.1792
30.4825
30.4615
30.1413
30.3914
29.9383
30.5685
30.6682
30.3763
30.5494
30.3324
30.5408
30.4036
30.4112
30.6215
30.6264
29.8218
30.8929
30.8388
30.5291
30.3034
29.6965
30.0793
29.916
29.645
29.7931
30.017
