o
0.0608181
0.0831626
3.72055
31.4685
1.29889
0.245798
3.164
6.17072
0.107629
13.9969
5.92495
0.233275
0.0219182
34.0265
1.10382
39.7351
0.343623
37.1134
1.37594
0.0635355
2.00289
0.48696
3.91389
0.0236983
31.1419
2.46981
1.79122
37.3281
26.5734
41.5755
30.4487
2.96782
13.5811
37.8486
0.185895
16.6667
47.619
0.408637
29.549
0.0602496
0.183638
0.340355
0.470551
19.2926
36.8098
0.0622488
0.0854697
3.81275
43.4783
1.19904
0.23737
3.15347
5.45124
0.105296
12.0401
5.90551
0.235162
0.0220398
40.9091
1.16754
39.1304
0.334853
30.9278
1.36602
0.0619707
1.7301
0.527473
3.9267
0.023488
38.6266
2.12615
1.7991
38.961
18.5547
39.5833
33.101
3.28549
13.2036
31.6667
0.18725
12.4509
37.5494
0.411353
34.1727
0.0598674
0.18361
0.354059
0.490303
22.756
38.5439
0.0610514
0.0908595
3.83219
47.3815
1.42429
0.257156
3.21
5.69203
0.122129
13.9501
5.89879
0.248779
0.0219624
51.0753
1.14769
43.2802
0.34296
35.5805
1.31333
0.0680099
2.01165
0.538793
3.6836
0.0241015
31.7195
2.02667
1.8187
36.6089
33.557
20.5128
41.841
3.03674
10.6213
34.965
0.187918
16.8919
53.4759
0.438587
39.7614
0.0672888
0.194838
0.345379
0.520021
26.6854
42.0354
0.0572349
0.0856581
4.00178
42.0561
1.32275
0.250864
3.5503
6.28492
0.112233
15.3191
6.62008
0.242303
0.022148
46.7532
1.10173
53.4125
0.323927
35.7853
1.25278
0.0657009
1.868
0.447483
3.36763
0.0234435
29.4118
2.24888
1.60729
43.0622
31.1958
38.3065
14.2216
3.29804
13.8686
19.4076
0.202719
17.8571
34.7985
0.375153
32.5901
0.0616077
0.18846
0.400383
0.533017
21.6606
43.0622
0.0624583
0.0832377
4.2796
31.1419
1.26493
0.232333
3.29912
5.20231
0.0998109
11.4431
6.07083
0.22729
0.0223024
35.0195
1.12367
38.3795
0.328971
35.2941
1.26556
0.0619922
1.75713
0.465754
3.27571
0.0234812
31.4685
1.88175
1.69386
47.7387
29.2758
40.9483
41.8502
2.95582
12.6246
52.9248
0.183387
17.0251
37.6238
0.389616
35.7143
0.0619757
0.175629
0.366815
0.464516
21.4797
45.3401
0.0621337
0.0847499
4.389
36.0531
1.31707
0.248042
3.42713
6.08584
0.112785
13.0316
6.21321
0.249018
0.0223925
47.1204
1.19904
46.2725
0.372887
36.5112
1.34549
0.0663286
1.74098
0.493746
3.57427
0.0237497
36.5112
2.26986
1.78706
32.2581
32.3129
23.0303
36.3985
3.01827
12.7175
74.2188
0.193945
16.8291
42.7928
0.420847
24.2967
0.0638291
0.187792
0.389864
0.514069
22.4321
51.0753
0.0634467
0.0901174
4.04341
35.9168
1.31452
0.252317
3.54544
5.69544
0.119668
14.7516
5.69033
0.247844
0.0222209
60.1266
1.23241
59.19
0.340197
35.4478
1.36064
0.0690397
2.0271
0.557512
3.82602
0.024488
19.6078
2.47203
1.98413
44.6429
36.1011
40.7332
37.6648
3.70782
12.3229
47.3934
0.185923
11.8064
20
0.407647
30.6279
0.0657175
0.188348
0.357944
0.520448
24.0811
38
0.0596333
0.0842098
3.98583
38.7931
1.22084
0.247501
3.46888
4.98615
0.11015
15.4242
5.75448
0.230583
0.0219892
42.3529
1.06232
47.619
0.335464
35.5731
1.40713
0.0639761
1.78731
0.509122
3.71058
0.0235416
36.8852
2.31839
1.75798
38.5396
25.1656
25.1323
37.4753
3.03708
15.625
42.8894
0.198268
16.2671
39.0947
0.440692
33.7478
0.0618608
0.185632
0.36
0.517405
21.5827
40
0.0592105
0.0894825
4.01776
45.2381
1.38343
0.262605
3.52635
6.26856
0.117536
14.3396
6.53145
0.249508
0.0219681
44.9173
1.17197
40.2542
0.335736
47.0297
1.32174
0.0677903
2.13675
0.555653
3.13687
0.024326
19.2308
2.07424
2.08722
47.9798
28.8754
40.2542
39.0144
3.38379
13.9762
36.8324
0.193062
15.873
23.8379
0.437771
34.0716
0.065217
0.193144
0.383986
0.525341
26.4624
43.6782
0.0620556
0.0861096
4.27254
44.4965
1.42793
0.243032
3.37658
6.15484
0.117408
15.5865
5.81395
0.255913
0.0219811
46.5686
1.16743
39.666
0.340471
43.6782
1.38545
0.0680913
1.94892
0.519239
3.54742
0.0241682
32.5901
2.50924
1.97218
43.9815
26.2069
52.6316
47.7387
3.26517
13.8408
42.1941
0.19581
14.1945
44.7427
0.421772
35.7143
0.0651595
0.188316
0.402176
0.546684
26.0989
44.289
0.059504
0.0863723
4.08998
32.8467
1.24965
0.233285
3.28887
5.58659
0.105902
14.6819
4.72937
0.237045
0.0218202
43.6893
1.10701
39.823
0.347866
33.2717
1.28415
0.0630694
1.80072
0.49218
3.59281
0.0234914
29.0323
2.21921
1.65593
33.7711
32.9068
41.0959
31.25
2.89902
11.7647
31.9865
0.192592
11.7212
21.789
0.372959
37.8486
0.0620256
0.178133
0.354247
0.508949
24.4233
44.7761
0.0588737
0.0833981
4.18897
46.2725
1.35655
0.252217
3.46821
5.50122
0.114359
12.5523
6.6055
0.233073
0.0218699
34.4828
1.2186
41.8605
0.346161
28.125
1.44834
0.0642687
1.85854
0.511523
3.80228
0.0236191
34.0265
2.22359
1.89016
47.3684
30.4054
39.3013
36.4372
3.03132
12.8023
31.0966
0.192002
10.411
22.673
0.417858
42.4107
0.0615654
0.188139
0.376482
0.525486
23.1362
38.8769
0.0605238
0.0859406
3.76014
38.5396
1.50555
0.26115
3.37958
5.886
0.114349
14.1159
6.04518
0.241475
0.0223502
38.3795
1.20393
34.2857
0.345582
28.8462
1.57549
0.0666785
1.7336
0.505547
3.67497
0.0236819
30.6122
2.28224
1.79748
42.4528
31.6901
38.5396
39.1753
3.23569
8.93277
40.4255
0.205146
12.5828
35.5805
0.391987
30.4
0.0628338
0.191729
0.400497
0.535015
24.2038
42.3163
0.0598902
0.0878544
4.05031
50.8021
1.47082
0.271875
3.34037
4.77627
0.114365
15.8598
6.66433
0.244585
0.0221595
43.3735
1.16317
42.7553
0.352962
27.5651
1.28931
0.0681896
1.83262
0.485791
3.32717
0.0238435
33.2103
1.98785
1.81232
41.7633
25.641
37.3444
38.2294
2.93074
9.7137
40.0844
0.205857
12.0558
36.0531
0.372812
22.0674
0.0628912
0.190308
0.391341
0.548087
24.2656
35.6473
0.0606306
0.0857923
4.2796
35.4331
1.42823
0.246282
3.4999
5.54187
0.110902
13.2353
6.10791
0.240648
0.0216936
61.2245
1.24516
53.5714
0.363438
41.7633
1.3876
0.0628516
2.01726
0.520607
4.16956
0.0236973
18.8679
2.22414
1.79194
36.8098
31.4685
40.9091
36
3.44016
15.3473
36.1217
0.184993
15.2366
38.6179
0.406139
36.2595
0.0606763
0.186699
0.371157
0.512952
24.6238
30.5603
0.0621329
0.0856875
4.17032
44.0835
1.40211
0.264727
3.55007
5.93565
0.115967
13.3615
6.99301
0.249366
0.0220593
43.1655
1.21237
39.3013
0.351562
32.6087
1.43096
0.0663015
1.86722
0.500306
3.89189
0.0237766
34.749
2.41481
1.82315
39.1304
27.2727
41.6667
32.6679
2.9818
9.77366
39.5833
0.198502
15.8465
34.358
0.411558
40.5117
0.0624324
0.189617
0.386831
0.548404
21.2291
50.3979
0.0608491
0.0826109
3.81518
42.2535
1.2096
0.234125
3.18697
5.3113
0.102411
14.7662
6.20476
0.229075
0.0224015
29.7521
1.02939
38.3795
0.347564
31.7726
1.12068
0.0605383
1.66011
0.48673
3.50748
0.0235069
33.3333
1.93306
1.67993
36.965
28.1481
36.5385
30.5958
3.05221
14.1264
23.1707
0.183024
14.7745
30.4
0.394461
35.2505
0.0651251
0.177293
0.334865
0.467132
21.0526
40.9091
0.0586798
0.0848256
3.77754
33.9623
1.21885
0.237073
3.33333
5.85747
0.105296
16.0571
5.66216
0.229481
0.0222689
29.7521
1.04718
48.5175
0.328677
27.6074
1.19003
0.0617952
1.72117
0.462152
3.59576
0.0235826
29.4118
2.21445
1.68201
41.0367
28.3582
38.2294
30.1109
2.52794
10.101
42.6009
0.191916
13.167
42.6966
0.393375
44.3925
0.0652029
0.185214
0.348412
0.488334
19.6292
45
0.0586791
0.0835444
4.14174
31.746
1.41077
0.241932
3.53357
6.09343
0.108519
7.13154
6.01805
0.237451
0.0221131
49.8615
1.04433
31.5789
0.33297
34.2857
1.33789
0.0625125
1.67696
0.479507
3.41236
0.0236778
34.1113
2.04763
1.78521
40.5117
27.7778
29.734
37.2549
3.33041
13.5617
41.5755
0.194307
15.1033
37.8486
0.388024
30.6947
0.0641697
0.190311
0.362304
0.516633
19.802
33.5196
0.0583906
0.0846386
4.2343
47.2441
1.3542
0.261788
3.37838
5.547
0.104406
17.1429
5.5918
0.23649
0.0222295
37.8947
1.038
37.7358
0.324102
37.1134
1.19158
0.0615562
1.75682
0.466934
3.48049
0.0232752
34.4203
2.1769
1.75083
47.619
24.5796
39.3375
47.9798
2.86231
11.9197
39.0144
0.187692
15.9933
52.3416
0.387747
30.7942
0.0653426
0.182867
0.347028
0.479157
17.5439
33.2717
0.0628087
0.0835651
3.81679
41.5704
1.16845
0.231235
3.12337
4.86355
0.100765
13.6986
6.26305
0.232874
0.022082
50.9915
1.14271
57.7508
0.334654
34.0502
1.31497
0.0618941
1.64488
0.478638
3.89185
0.0235747
33.6283
2.22352
1.64559
44.4965
27.1041
36.0531
36.1217
2.6958
13.2774
34.7349
0.177741
14.9606
38.5396
0.369578
29.8273
0.0655677
0.177508
0.327475
0.447973
20.7135
37.7358
0.0601391
0.0856494
3.93443
21.1516
1.33343
0.238885
3.29489
5.21286
0.0950887
13.4933
5.37474
0.241922
0.0222831
42.3529
1.0075
44.7761
0.315034
41.0367
1.24787
0.0641883
1.93424
0.48753
3.09698
0.0233482
26.0989
1.89469
1.72995
41.4847
37.037
52.9248
25.066
3.07145
13.3053
42.6966
0.183176
14.3939
33.275
0.382555
39.501
0.0663783
0.175339
0.345728
0.506044
19.4805
32.2581
0.0635711
0.0881929
3.28707
40.6321
1.14068
0.215
3.18923
4.10865
0.0996347
9.10931
5.70523
0.234534
0.0221522
42.654
1.01072
38.7931
0.307195
34.6715
1.23393
0.0610897
1.94155
0.523085
3.97406
0.0233834
35.3818
2.18919
1.71079
44.0835
33.9893
40.5117
34.9908
3.05025
9.55254
38.7755
0.175934
14.7287
36.1905
0.400565
37.3281
0.0660077
0.16927
0.335583
0.477213
20.2475
37.037
0.0583474
0.0831383
3.61228
42.2535
1.28691
0.219976
3.19489
6.06265
0.109012
16.5289
6.47715
0.237289
0.0224085
45.6853
1.17149
38.1356
0.337603
26.4993
1.22604
0.0611987
1.72226
0.48901
3.46526
0.0235666
30.5958
2.06724
1.7955
35.9848
26.4256
36.5385
37.6984
2.97247
12.2977
32.0405
0.196511
13.6789
37.037
0.378252
32.0946
0.064217
0.189785
0.373173
0.497967
19.2308
36.4372
0.0594716
0.0859421
3.86349
40.8163
1.34741
0.244635
3.11634
5.82147
0.11189
14.3885
6.10791
0.241802
0.0221382
52.4781
1.08421
26.2009
0.343079
29.654
1.35461
0.0639522
1.73294
0.470121
3.54875
0.0234165
22.7001
2.11064
1.69977
41.4847
26.2431
44.3925
31.0966
3.25342
8.21089
37.3281
0.194999
15.1636
40.4255
0.388183
36.8217
0.0615347
0.188387
0.376506
0.532844
23.1065
40
0.0582022
0.0819213
3.90879
43.0622
1.2848
0.235732
3.66748
4.98753
0.109111
15.8172
6.1665
0.237906
0.0220332
50.2793
1.10585
22.8717
0.321825
27.735
1.22001
0.0622613
1.75456
0.510436
3.76461
0.0234275
20.0211
1.95977
1.65361
36.965
26.7606
37.7734
41.1255
2.6455
11.0658
39.8323
0.187328
13.6592
27.8592
0.386108
35.9168
0.0612021
0.181114
0.353142
0.478431
23.1065
35.6436
0.0618457
0.0905391
4.16301
42.6009
1.39778
0.276428
3.30838
5.61964
0.125053
14.8322
5.52969
0.247425
0.022172
37.4753
1.24386
46.798
0.348132
40.5117
1.33212
0.0672593
2.11558
0.530193
3.87755
0.0241838
33.6134
2.06441
1.93349
40.7332
40
59.1716
46.4037
3.51617
15.2439
53.6193
0.190299
15.2788
43.7637
0.425967
36.4299
0.0642855
0.189362
0.349998
0.532616
23.6908
44.289
0.0631878
0.0926346
3.9151
38.9344
1.34504
0.24777
3.71966
5.79976
0.119773
14.867
6.0241
0.247135
0.0220946
45.6731
1.03633
35.514
0.359515
36.1905
1.31807
0.0669972
2.2692
0.550852
3.606
0.024284
30.9119
2.14156
2.01471
48.1928
35.1494
42.3729
38.7597
3.53232
15.674
37.2439
0.184672
15.873
40
0.414766
32.1543
0.0663762
0.18936
0.35906
0.49196
22.673
39.4191
0.0614702
0.0866765
4.03997
52.1978
1.4474
0.255582
3.45958
6.08584
0.120699
15.4639
6.13497
0.241844
0.0217016
52.4781
1.24688
52.4781
0.361984
48.7805
1.30237
0.067335
1.68216
0.489754
3.52243
0.02392
36.8932
2.19857
1.96912
46.798
35.3818
35.316
33.6283
3.27135
14.0118
44.9173
0.187931
15.3846
31.7726
0.412461
34.4203
0.0633923
0.187032
0.392927
0.534759
23.8394
55.3936
0.0599008
0.0877242
4.23068
42.5056
1.41611
0.26225
3.3557
5.60472
0.117862
15.8996
6.20307
0.238812
0.0222165
53.2544
1.07418
32.0285
0.36438
33.7079
1.38942
0.0672953
1.60054
0.506613
3.88389
0.0237857
30.9951
2.12314
1.88998
44.9173
32.8152
42.3163
33.3333
2.86749
9.10398
38.4615
0.200871
9.77366
33.8681
0.421829
25.641
0.0628945
0.190419
0.391365
0.54008
21.3723
35.8491
0.0629786
0.090781
3.71021
46.1165
1.43939
0.271394
3.62388
5.31023
0.125749
15.1878
6.27684
0.238804
0.0221621
39.3375
1.17067
46.5686
0.342905
39.0947
1.3457
0.0674393
2.03143
0.552471
4.70699
0.0240471
31.4961
2.57169
1.97414
53.1915
31.5956
39.9202
48.8998
3.63835
12.3229
34.7222
0.187753
14.245
42.0168
0.428688
29.6296
0.0652409
0.191078
0.356968
0.510918
25.641
36.2595
0.0609449
0.0835786
3.75391
32.491
1.29889
0.242522
3.28228
6.41026
0.105354
13.1965
5.12674
0.232892
0.021946
38.3795
1.15451
32.3741
0.365134
39.3013
1.34852
0.0632836
1.90235
0.408699
3.93782
0.0234917
32.646
2.37916
1.67696
35.316
16.9039
42.1286
32.0946
2.95536
14.5038
47.3815
0.185908
15.261
39.5833
0.414467
32.646
0.0632587
0.180117
0.352313
0.500375
22.6415
38.055
13.7581
0.0655757
0.0878409
3.50946
35.5731
1.0923
0.22662
3.1158
5.19268
0.0951422
5.9786
0.231888
0.0225621
56.7164
1.09674
42.8894
0.313226
32.3129
1.21764
0.0605597
1.99245
0.514
4.07463
0.0234363
32.5901
2.21059
1.79618
18.4466
20.5184
38.0762
30.0158
3.55007
14.2429
40.7725
0.167851
16.0473
22.3267
0.43557
30.7443
0.0653788
0.167765
0.325456
0.424598
19.9557
47.1204
0.0609281
0.0886464
3.94564
43.5835
1.12669
0.231024
3.17572
5.36875
0.101095
14.3722
6.13893
0.23471
0.0221695
31.0458
1.0365
21.2054
0.314684
27.6565
1.23265
0.0648179
1.80643
0.522624
3.55207
0.0233314
34.7985
2.1824
1.77156
51.4905
22.9192
36.2595
42.3163
2.82402
11.2559
33.6879
0.174197
8.46702
40.3397
0.390778
33.3333
0.06692
0.168205
0.333686
0.466962
23.9362
34.0909
0.0637197
0.088486
3.13098
28.5714
1.15399
0.220078
3.03369
5.01055
0.0980782
13.1034
6.13299
0.224242
0.0221611
22.1445
1.13861
43.7788
0.320378
32.1489
1.29472
0.0637706
1.729
0.507154
4.03397
0.0235089
31.405
2.14932
1.78153
45.8937
31.3531
31.0458
38.4615
3.25845
11.4873
48.2234
0.166767
17.0251
25.9563
0.426191
29.4574
0.0659951
0.170173
0.328881
0.447416
21.102
43.4783
0.0622439
0.0861166
3.66673
29.7521
1.2177
0.216706
3.17089
5.27046
0.100782
14.0845
5.77332
0.242375
0.0223254
45.1306
1.03905
23.544
0.337622
28.5714
1.25686
0.066255
2.02732
0.506505
3.52701
0.0234
35.6473
1.93424
1.72445
36.3985
35.1852
18.981
37.037
3.04146
12.4509
45.0237
0.173864
11.2227
37.6984
0.370942
29.8742
0.0663667
0.162687
0.342655
0.484574
19.6721
36.5112
0.0635845
0.0888222
3.38537
41.6667
1.15488
0.207151
3.16233
4.92072
0.102786
14.9489
5.82822
0.233794
0.0225652
42.6009
1.13909
39.4191
0.301602
33.7478
1.24484
0.0622345
1.7658
0.510369
3.68717
0.0234205
36.965
2.05472
1.84037
42.8894
26.4624
40.1691
27.4566
3.18632
13.8585
40.1691
0.167848
9.8804
36.8217
0.398123
29.9213
0.0664303
0.165352
0.319234
0.420296
21.3018
30.5085
0.059761
0.0886359
3.772
42.654
1.25821
0.221027
3.4496
4.70342
0.106692
15.6507
5.98802
0.23423
0.0223676
38.2294
1.09126
33.5097
0.330044
29.1859
1.17786
0.063972
1.81888
0.491578
3.3345
0.0232857
41.1255
1.96342
1.7832
34.9265
16.565
43.1818
35.1201
3.06353
11.1568
34.0502
0.177377
9.62513
34.296
0.390248
27.2989
0.0661037
0.161827
0.319279
0.453595
19.1693
37.5
0.0618149
0.0864263
3.84287
29.7521
1.20442
0.22068
3.12012
5.46282
0.101071
17.1635
4.81989
0.235117
0.0220868
39.916
1.08814
38.3065
0.300362
30.0158
1.24623
0.0636478
1.99496
0.543168
3.45706
0.0234078
42.0354
2.27028
1.69931
20.0422
28.6576
33.275
42.8894
3.37119
8.10926
48.3461
0.183104
15.3349
33.5097
0.390585
32.1489
0.0655939
0.173698
0.315867
0.442391
15.3978
47.619
0.0621642
0.0881377
3.5461
31.4685
1.19435
0.223087
3.2
4.35203
0.0994305
11.4665
5.20833
0.241647
0.0226931
39.501
1.05997
45.1306
0.325811
31.614
1.23017
0.0619215
1.7972
0.515786
3.78863
0.0232655
31.5091
2.3451
1.64317
42.3163
23.6908
47.619
55.2326
3.4142
10.503
48.2234
0.1812
14.4049
23.3702
0.383258
36.6089
0.0643435
0.17138
0.325674
0.466781
21.5827
41.1899
0.0580814
0.0820139
3.94981
49.4186
1.20294
0.20774
2.9919
5.58109
0.0974726
11.5098
5.59395
0.227394
0.0223591
34.749
0.878049
42.1546
0.339725
21.6346
1.22741
0.0602591
1.8358
0.444258
3.6036
0.0230725
28.3912
1.99623
1.68224
28.8
30.6122
51.5759
35.0195
3.01356
13.11
31.9716
0.180126
11.9443
32.5497
0.376482
35.7853
0.0625441
0.166533
0.333568
0.435719
24.6377
44.7368
0.0575571
0.0885722
3.85852
34.6821
1.22624
0.234803
3.10238
4.93016
0.100627
15.8033
5.48613
0.23527
0.0223049
50.2793
1.02998
46.5686
0.332023
37.8486
1.32238
0.0608875
1.95112
0.537027
3.12706
0.0236084
33.9286
2.15885
1.65332
41.3943
23.5149
40.1691
38.3065
3.20189
13.6201
36.1905
0.185546
8.67976
36.965
0.387708
22.3793
0.0630703
0.177741
0.335289
0.483936
18.5567
34.0265
0.0607568
0.0875001
3.70294
38.5439
1.2383
0.23439
3.19489
5.82713
0.103181
16.5593
6.15595
0.226478
0.02227
43.1655
1.02597
43.1818
0.336027
31.9865
1.14361
0.0611969
1.7832
0.512751
2.77332
0.0233686
28.9634
2.06522
1.65347
48.9691
26.7229
38
40.5117
3.02115
14.1791
39.1753
0.182249
14.0015
37.3281
0.410598
30.9951
0.0641521
0.173479
0.334529
0.467605
17.5268
41.2844
0.0581488
0.0861315
3.97
29.8013
1.33511
0.230518
3.30639
5.40703
0.109047
13.2159
5.6926
0.24032
0.022491
43.9024
1.20016
50.8021
0.310539
27.4566
1.28413
0.0619449
1.76432
0.488281
3.19973
0.023608
40.5117
1.75893
1.75309
39.2562
26.1708
44.9173
23.75
3.23569
12.9604
41.1255
0.192775
14.9489
42.0354
0.39433
33.6879
0.064108
0.184591
0.369822
0.510885
19.802
44.7761
0.0611139
0.0875218
3.59569
41.0959
1.19071
0.226009
3.21658
5.36193
0.100261
13.3038
5.77683
0.232977
0.0223515
44.6009
1.0028
40.9483
0.329101
40.5983
1.22336
0.0606662
1.74616
0.505051
2.9092
0.0233971
31.9328
1.95594
1.7622
43.578
34.9265
41.3043
41.4847
2.63816
11.3501
48.8432
0.181648
14.5149
42.7928
0.401293
34.4203
0.0664036
0.173747
0.336889
0.458657
24.8619
44.0098
0.0602091
0.0865131
3.81679
36
1.17463
0.223936
2.95324
5.20382
0.0989076
15.8451
6.05674
0.228907
0.0223394
43.1818
1.03317
46.9136
0.335375
16.7254
1.18306
0.0632696
1.71977
0.491808
3.3492
0.0235638
42.8894
2.02386
1.64076
45.7831
32.4786
35.1201
38
3.37898
11.9572
43.1818
0.184961
13.9501
33.8681
0.368767
11.772
0.0660957
0.168536
0.334138
0.442587
22.0049
36.3636
0.0618669
0.087798
3.97439
39.6476
1.19498
0.215018
3.27273
4.97375
0.0997125
15.2284
5.53676
0.237319
0.0223212
39.2562
1.04459
33.9286
0.335428
30.4487
1.22084
0.0616531
1.78857
0.539865
3.66442
0.0235848
29.6412
2.10386
1.61578
39.916
24.8366
38.4615
23.6025
3.17354
13.4371
33.5097
0.182741
10.7588
41.1255
0.398214
25.8152
0.06375
0.167255
0.330269
0.492409
23.2859
31.5789
0.0620599
0.0848208
3.5538
39.7351
1.24533
0.219411
3.30154
5.35714
0.100907
16.6359
5.90164
0.230569
0.0221367
49.0956
1.16279
51.7711
0.342558
29.052
1.2843
0.0622388
1.78153
0.512516
3.60258
0.0234446
41.3943
2.31397
1.66186
46.9136
27.7372
38.8548
36.8217
2.79083
15.9129
45.6731
0.18233
13.4086
39.666
0.387913
28.4431
0.0649202
0.169581
0.340097
0.485502
20.6186
42.7553
0.0658167
0.0890076
3.55472
27.2597
1.12927
0.235428
3.15091
5.12544
0.0995306
15.0435
5.66657
0.225023
0.0225768
32.4232
0.996277
36.1905
0.325571
30.0633
1.22202
0.0618019
1.91416
0.504648
3.75494
0.0234197
31.614
2.13747
1.98537
36.8217
34.7349
40.4255
43.8799
3.2753
12.2977
38.3838
0.163797
16.0881
36.3289
0.419565
32.7022
0.0656617
0.163754
0.314917
0.420373
19.979
28.8754
0.0633912
0.0897035
3.86336
32.5901
1.13861
0.216954
3.02692
5.73845
0.0973675
14.1474
5.66826
0.23013
0.0225723
41.9426
1.06341
35.2505
0.35358
26.6106
1.22336
0.0627634
1.85983
0.525995
3.62526
0.0234681
28.2318
2.4513
1.77603
42.2222
31.8258
37.7734
37.4016
3.07443
12.394
47.7387
0.166167
15.8333
28.5285
0.400523
35.5805
0.0673859
0.163012
0.301624
0.412389
19.368
28.6576
0.0621773
0.0855964
3.6623
31.7195
1.26204
0.233524
2.81273
5.73498
0.10102
14.7516
6.59493
0.234264
0.0225423
34.9265
1.02349
38.1526
0.311006
35.1852
1.35443
0.0660183
1.8758
0.531394
3.67505
0.0235385
30.0633
2.24746
1.65332
21.8642
21.1346
48.5934
15.4472
3.01492
15.9798
51.4905
0.180182
13.3803
35.2505
0.372505
34.0502
0.0659681
0.166781
0.334343
0.464828
21.764
25.8856
0.0630034
0.0873668
3.88787
35.2505
1.12346
0.21777
3.09698
4.49704
0.099012
15.2488
5.86963
0.229208
0.0222938
37.7734
1.11844
43.8799
0.318077
34.7985
1.285
0.0652755
1.81177
0.528615
3.74237
0.0235445
26.8362
2.20443
1.60663
34.296
28.7443
41.0367
34.4203
3.30722
14.5371
37.4016
0.172496
13.2497
39.666
0.39844
32.0946
0.0678121
0.160249
0.319251
0.44013
16.9039
40
0.0609079
0.0904895
3.95751
42.6009
1.06288
0.230678
3.17407
5.269
0.101583
12.6667
5.4755
0.229707
0.0224072
57.2289
1.21904
42.5056
0.324276
38.5396
1.08435
0.0644273
1.91032
0.516838
3.3557
0.0234991
20.8105
2.04323
1.74922
44.289
32.1489
16.3652
38.3838
3.45329
11.838
45.6731
0.169723
12.8292
39.4191
0.390713
39.666
0.067473
0.171194
0.313082
0.40762
19.937
30.0633
0.0632749
0.0889798
3.82679
33.5097
1.12055
0.226668
3.19973
5.44881
0.1002
14.9254
4.95695
0.233608
0.0221161
42.6009
1.10942
39.666
0.345015
26.9122
1.29507
0.0626459
1.96647
0.509397
3.79772
0.0235369
25.1989
2.23635
1.80027
43.2802
23.6025
43.8799
52.6316
2.90831
13.4943
43.0839
0.162752
10.8262
41.9426
0.420289
39.2562
0.0664247
0.17207
0.315055
0.467865
20
40.1691
0.0607515
0.0864271
3.31357
29.0076
1.20185
0.216579
3.32458
5.25588
0.0996235
14.8786
5.96359
0.224197
0.0221258
41.5755
1.12293
33.9286
0.320027
37.037
1.21608
0.0646296
1.73247
0.513332
3.69307
0.0235414
36.2903
2.37875
1.73427
36.5112
14.3312
16.0142
43.7956
3.20456
12.4567
32.967
0.168084
14.5044
36
0.401329
35.3635
0.0648539
0.169049
0.329329
0.432812
17.257
33.8078
0.0645531
0.0891588
3.56942
33.2168
1.15854
0.213856
3.21489
4.65686
0.0953255
15.4472
5.29248
0.227924
0.0224311
47.0297
1.14073
48.7179
0.347718
35.8491
1.26271
0.0635379
2.09436
0.518262
3.72111
0.023572
34.9265
2.13507
1.76564
14.1685
27.9412
39.0947
41.3943
3.51331
12.266
24.8042
0.165816
14.4049
30.0158
0.406339
39.501
0.0671877
0.160362
0.308893
0.43556
14.383
43.8799
0.0613683
0.0846453
3.69079
31.6667
1.13902
0.229613
3.239
5.24138
0.102727
11.5291
5.42083
0.22629
0.0220704
35.8491
1.02008
47.8589
0.313335
19.979
1.20329
0.0663565
1.70358
0.499921
3.56072
0.0233661
36.8932
2.19907
1.80112
43.4783
23.1144
40.6852
43.9815
3.06402
14.1474
42.9864
0.173014
15.9129
39.4191
0.406643
31.6667
0.0665024
0.165241
0.325509
0.435645
19.9336
33.9623
0.0653863
0.0880837
3.78947
41.6667
1.06104
0.221629
2.98414
5.12959
0.0970348
14.1474
6.09365
0.226814
0.0225124
42.4107
1.16009
33.0435
0.322187
35.6473
1.2649
0.0635061
1.81575
0.522926
3.81679
0.0232381
33.8078
2.16969
1.7933
33.6879
28.9634
42.6966
39.3375
3.08492
13.6888
27.6565
0.168316
13.1125
33.8681
0.406826
37.1094
0.0671509
0.158171
0.306138
0.437978
18.2741
31.1419
0.0639682
0.0882366
3.74766
42.9594
1.08305
0.216396
3.24675
6.07417
0.102528
15.0316
5.75061
0.233608
0.0224333
49.0956
0.968597
42.1286
0.339741
33.6879
1.32942
0.0635437
1.85493
0.511881
3.3563
0.0232486
34.1113
1.95775
1.67092
40.0844
22.1445
42.3163
39.8323
2.95904
14.0637
41.6667
0.175058
13.5617
37.2549
0.397332
29.734
0.0667402
0.161827
0.321062
0.420728
11.8343
29.6053
0.0639854
0.0893824
3.56718
31.3589
1.12303
0.213519
3.46969
5.24862
0.0972558
15.6507
5.64133
0.220479
0.0225669
29.2758
1.08553
40.1691
0.329386
29.595
1.27577
0.0629642
1.89602
0.48172
3.89344
0.0235064
40.3397
2.10061
1.65361
35.9168
32.3129
40.9483
35.7815
3.23845
10.3599
24.5161
0.16884
15.4597
43.6782
0.404703
31.9328
0.065654
0.168599
0.324757
0.439893
24.1611
31.9716
0.0628828
0.0885574
3.68217
26.5363
1.12646
0.206049
2.76968
5.27778
0.0997962
13.1125
5.9098
0.22255
0.0224531
40.1691
1.19685
39.0947
0.343767
23.8095
1.22644
0.0638068
1.91784
0.50714
3.4142
0.0235238
34.7985
2.04609
1.68679
41.2148
27.4566
32.8152
46.3415
3.1483
13.2404
31.405
0.167665
12.5828
36.3985
0.415937
37.6984
0.0656311
0.165142
0.336172
0.439861
18.3673
32.8152
0.061227
0.0859201
3.70659
22.5653
1.07655
0.228138
3.09144
5.19552
0.0998455
12.6414
5.51204
0.230016
0.0222201
26.7983
1.16031
41.1255
0.314908
34.296
1.22006
0.0627641
1.91224
0.525661
3.73942
0.0235338
33.275
2.02861
1.79941
41.1255
29.8742
52.4862
45.7831
3.01827
11.2493
46.4548
0.173247
17.4312
38.6179
0.39585
33.9286
0.0664609
0.168489
0.327302
0.451989
20.4313
36.7347
0.0626538
0.0899429
3.2269
33.275
1.19444
0.211456
2.79947
5.12959
0.101999
14.2965
5.16585
0.22318
0.0223831
18.3398
1.13684
30.4976
0.33063
36.0531
1.21881
0.0624589
1.77487
0.499474
3.4327
0.023487
29.4118
2.32245
1.92893
47.7387
26.2794
41.2148
43.7788
3.08141
12.8465
18.9432
0.16696
13.1944
34.2342
0.409633
38.6965
0.0652224
0.169746
0.336915
0.45595
16.1725
41.1899
0.0643471
0.089477
3.84698
41.7582
1.14686
0.197198
3.08341
4.92994
0.0995041
14.095
4.88055
0.224669
0.022363
38
1.20658
44.9173
0.343885
36.0531
1.20911
0.0636804
1.94832
0.548119
3.67079
0.0231957
37.8486
2.17965
1.78773
32.9289
25.3672
50
36.6795
3.56339
11.4046
49.8688
0.16923
15.0079
40.0844
0.415819
34.9908
0.0659583
0.166821
0.324418
0.42343
14.73
34.749
12.8352135369097
