o
43.8596
0.266957
0.621291
13.0212
237.288
2.91859
0.721092
9.48081
20.1709
0.311784
20.8948
0.767931
0.139096
236.111
3.63217
185.996
0.98132
138.662
4.78684
0.203681
5.83912
1.71071
12.6319
0.179961
175.258
7.74417
10.5042
232.24
191.441
255.255
215.19
11.0605
48.268
256.024
0.621656
55.9947
221.354
1.63361
124.088
0.212797
0.670718
1.12229
1.51584
75.067
234.637
0.267333
0.621563
13.0841
235.955
2.90477
0.71919
9.52273
19.0072
0.31311
43.905
21.139
0.765462
0.139075
240.793
3.61625
179.704
0.98366
142.379
4.70211
0.203825
5.83791
1.7083
12.232
0.180171
177.083
7.65077
10.5094
235.457
193.622
244.253
224.868
10.9002
48.7945
259.146
0.618962
55.7377
216.285
1.63301
122.302
0.212699
0.671672
1.11972
1.52315
73.5552
240.688
68.0934886222222
