o
41.5094
0.242847
0.535254
12.6225
212.885
2.68789
0.657883
7.82859
21.148
0.283988
20.3059
0.752504
0.125994
259.259
3.51358
205.333
0.908619
148.077
4.58279
0.181875
5.67679
1.69268
13.5159
0.152299
169.231
7.6404
10.1436
229.851
180.328
210.383
196.429
10.6574
47.2973
234.756
0.619821
52.921
188.264
1.47626
112.903
0.191821
0.658305
1.0475
1.43421
73.501
243.59
0.244081
0.529119
12.6414
214.085
2.69084
0.664801
7.83021
20.9467
0.283361
44.6636
20.7491
0.755672
0.125888
253.289
3.5988
203.704
0.907805
140
4.66497
0.18194
5.87876
1.69873
13.4898
0.151712
164.882
7.65484
10.0627
217.514
177.829
227.811
185.542
10.6222
47.2103
236.196
0.620596
50.8923
203.166
1.50162
122.222
0.191169
0.659499
1.05493
1.43029
69.4698
242.038
0.244283
0.528306
12.877
215.909
2.71215
0.664532
7.81964
20.8729
0.284735
45.0556
20.3596
0.754584
0.126103
252.459
3.53098
203.704
0.917256
150.097
4.60526
0.182517
5.75529
1.70418
13.2212
0.151691
163.136
7.475
9.97668
231.928
173.034
228.487
189.655
10.6767
47.4723
239.13
0.623078
52.168
195.431
1.48248
121.451
0.190873
0.657809
1.0546
1.41572
73.3591
250
0.244034
0.526057
12.7989
212.291
2.6738
0.655975
7.86437
20.7101
0.284635
43.0168
21.0153
0.75643
0.126034
247.588
3.58006
187.348
0.908597
150.685
4.57326
0.182418
5.77818
1.70113
13.3057
0.15233
163.83
7.31383
10.03
221.902
181.176
225.146
192.982
10.522
47.8558
233.333
0.617931
52.921
203.166
1.49712
127.483
0.191104
0.657536
1.04932
1.43245
74.8768
239.748
65.3888143388889
