o
36.5169
0.208588
0.44293
11.7885
218.43
2.40973
0.598713
3.39469
20.2429
0.250155
18.8406
0.677168
0.101475
263.158
3.30402
199.387
0.795535
146.067
4.39754
0.151903
5.22214
1.54003
13.7712
0.124842
161.29
6.85437
8.9717
216.667
172.414
212.418
179.558
9.91005
45.7103
219.595
0.574413
49.8849
120.148
1.31454
117.541
0.154217
0.5992
0.918063
1.24793
74.8538
237.918
0.212403
0.448741
11.8225
213.816
2.43118
0.604011
3.44718
19.9637
0.253167
35.503
18.7927
0.685451
0.102951
271.605
3.32695
192.982
0.791519
136.646
4.47154
0.154619
5.39921
1.50585
13.4337
0.126802
153.488
7.01829
9.0859
214.286
175.532
206.897
170.103
9.98034
45.6747
220.736
0.572017
50.1901
170.103
1.33282
114.783
0.1574
0.599742
0.935885
1.26864
72.7069
230.496
0.209009
0.440783
11.7799
223.776
2.40728
0.596183
3.39071
20.3125
0.249748
32.5651
18.5874
0.678086
0.101464
267.49
3.33504
195.195
0.793554
142.544
4.61681
0.152438
5.2867
1.55165
13.883
0.124777
163.728
6.78497
9.00277
213.115
172.872
209.003
178.571
9.87542
45.5182
215.947
0.571909
50.3486
162.5
1.30603
110.169
0.154791
0.59822
0.919606
1.25245
59.6459
243.346
0.207984
0.44166
11.5942
216.216
2.41555
0.60028
3.4243
19.8171
0.248133
34.7966
18.1412
0.678001
0.101436
268.595
3.32975
201.863
0.789774
142.857
4.70844
0.15237
5.41983
1.54541
13.4771
0.124886
164.141
6.94148
9.04285
148.741
179.558
201.863
168.831
9.75683
46.034
228.873
0.573374
46.5616
152.225
1.31814
117.117
0.154798
0.5992
0.913555
1.25232
57.6577
217.687
0.209137
0.442623
12.0369
228.571
2.43392
0.594183
3.39883
19.7714
0.250276
41.8814
18.3772
0.679717
0.101379
278.97
3.26814
143.488
0.790764
150.463
4.4287
0.152125
5.37279
1.55039
14.6232
0.124832
153.302
7.06291
9.06555
147.727
175.676
209.003
180.556
9.86493
45.3278
227.273
0.574506
46.7963
160.494
1.32254
111.876
0.154456
0.598343
0.915135
1.23383
75.8294
237.918
0.208465
0.441058
11.8059
222.222
2.38308
0.596353
3.40879
19.7959
0.247532
42.0984
17.2231
0.681456
0.101641
261.044
3.34586
189.504
0.796793
147.392
4.53752
0.152608
5.30223
1.55554
13.624
0.124796
160.494
6.76872
9.07694
152.225
180.055
218.121
183.099
9.72035
45.8392
222.603
0.573179
51.0204
121.495
1.30062
117.117
0.15429
0.59938
0.917602
1.25152
71.8294
230.216
0.207353
0.441498
11.7625
222.222
2.39584
0.593494
3.36895
20.1893
0.247369
43.4492
16.7181
0.679469
0.101457
275.424
3.31413
196.97
0.791775
145.74
4.51514
0.15268
5.39553
1.50767
14.3266
0.124891
164.557
6.61308
9.02527
214.521
179.063
207.668
166.667
9.87392
46.6619
227.273
0.570395
50.9005
128.205
1.30814
118.182
0.154608
0.599655
0.923681
1.24705
76.4636
228.571
0.206461
0.442135
12.1719
226.95
2.40991
0.600494
3.32952
19.9067
0.250301
32.4513
18.3512
0.676428
0.101276
267.49
3.27143
185.185
0.779816
140.998
4.42659
0.152375
5.34408
1.51223
13.8859
0.124816
158.151
6.88997
9.09345
224.913
176.152
209.003
173.333
9.79949
46.4286
229.682
0.572461
46.9314
157.385
1.29009
120.594
0.155591
0.599273
0.914194
1.2488
58.3409
243.346
61.6518607055556
