o
36.8144
0.19707
0.270988
8.83165
206.009
2.03235
0.472199
2.16753
15.4574
0.207297
14.8395
0.559642
0.0706607
269.231
3.04253
194.444
0.785168
133.515
4.56323
0.125227
3.7456
1.16056
13.0112
0.0771234
141.618
7.66104
6.50817
205.882
153.125
175.627
159.091
8.34895
39.0438
205.882
0.491738
43.6331
156.051
1.14451
103.158
0.119533
0.520286
0.603546
0.851668
62.5815
205.128
0.198767
0.268094
9.55224
211.454
2.09634
0.473779
2.07972
16.6271
0.20647
36.8421
14.8755
0.568835
0.0707236
272.222
2.88439
194.444
0.762575
137.255
4.93355
0.125458
3.60162
1.16792
13.7912
0.0773873
147.147
7.88161
6.45161
210.3
143.275
176.259
152.648
8.30368
39.8698
200.82
0.488435
43.0959
148.036
1.16403
107.221
0.119485
0.516696
0.594552
0.836397
64.603
216.216
0.199953
0.269034
9.08403
208.696
2.11818
0.466938
2.23561
15.9505
0.207442
36.9532
14.8891
0.569211
0.0706407
270.718
2.90525
192.913
0.771678
132.791
4.85774
0.125181
3.64258
1.15812
13.3406
0.0773741
143.275
7.26033
6.35291
194.444
148.036
160.131
152.174
8.24222
40.2629
205.021
0.49123
44.0252
157.556
1.1473
104.255
0.119413
0.51925
0.5905
0.860647
66.0248
207.792
0.198232
0.268929
9.942
208.696
2.10545
0.473121
2.25132
16.955
0.20717
36.8976
15.2268
0.569556
0.0706943
275.281
2.89273
195.219
0.772103
139.205
4.78422
0.125327
3.75105
1.14854
13.6036
0.0771798
136.111
7.39734
6.06061
202.479
150.769
172.535
150.769
7.76668
40.2961
203.32
0.497894
43.9068
153.605
1.17029
105.15
0.119102
0.515852
0.585088
0.847907
67.6056
219.178
0.202337
0.273176
9.75124
205.021
2.16326
0.480647
2.24431
16.4595
0.21213
37.6506
14.4928
0.564519
0.0731896
279.33
2.98436
187.266
0.754045
134.771
4.7619
0.128043
3.70151
1.1733
12.7714
0.0795033
144.092
7.07514
6.18965
211.864
145.773
174.216
151.515
7.9164
39.0016
210.97
0.493047
42.4809
158.228
1.11005
102.881
0.120794
0.520606
0.608227
0.870771
68.8202
216.814
0.200242
0.269557
9.50119
214.286
2.12117
0.461144
2.11165
15.7274
0.203073
37.4332
15.0399
0.568676
0.0709307
270.718
2.84454
196.787
0.787149
122.195
4.77816
0.125759
3.68671
1.13387
13.7525
0.0772661
135.734
7.65266
6.2716
213.043
145.833
178.832
155.556
7.73115
40
192.913
0.4943
44.5455
161.184
1.13626
105.603
0.118985
0.517225
0.610734
0.841441
64.603
216.216
0.199116
0.269686
9.87858
215.247
2.14085
0.471573
2.25787
16.2988
0.203621
38.162
14.8395
0.564139
0.0705517
288.235
2.98653
191.406
0.770065
132.432
4.8333
0.125128
3.38678
1.09265
13.7679
0.0772228
138.81
7.36953
6.27722
205.021
151.235
99.3915
156.051
8.39904
39.612
184.906
0.493087
43.7891
149.847
1.14134
100.204
0.119682
0.519205
0.60045
0.85126
60.6061
209.607
0.194109
0.273596
9.68762
218.75
2.15527
0.474475
2.23601
16.955
0.210139
36.1272
14.8943
0.56636
0.0709208
267.38
3.02645
188.679
0.801436
135.501
4.75466
0.127664
3.51198
1.11183
12.4162
0.0793633
128.866
6.85213
6.46831
203.252
140.056
153.374
141.643
7.98339
38.8199
208.333
0.491746
44.3262
163.399
1.12236
104.603
0.121029
0.51732
0.603537
0.861902
66.7575
114.219
0.197361
0.272296
9.40623
215.247
2.09937
0.466418
2.01056
16.8717
0.207221
37.4415
14.6475
0.567175
0.0706787
275.281
3.0078
196
0.7873
136.872
4.56366
0.124651
3.75565
1.14089
13.1685
0.0767106
132.075
7.39734
6.44737
206.751
148.036
187.739
154.088
8.24083
39.4525
200.82
0.489232
42.8696
154.574
1.18578
91.5888
0.119469
0.515874
0.591599
0.851185
63.745
201.681
0.19887
0.269178
9.02256
205.128
2.1287
0.467823
2.23891
16.7598
0.205647
36.3086
14.0762
0.561745
0.0707154
274.286
2.87795
193.676
0.755066
140
4.88632
0.125065
3.63124
1.06238
12.9083
0.0772694
138.028
7.14702
6.50385
201.646
140
182.156
157.556
7.93137
39.4525
199.187
0.489616
44.6673
154.574
1.11343
101.24
0.120174
0.514834
0.595607
0.855005
65.5738
212.389
0.198064
0.268193
9.85424
213.333
2.14544
0.466287
2.18848
16.444
0.207186
36.1174
14.197
0.565384
0.0706981
271.186
2.91476
187.023
0.770901
134.615
4.71562
0.124994
3.57952
1.14609
13.8145
0.0773318
136.49
8.10587
6.50212
210.3
151.235
180.147
154.088
8.05921
40.8333
207.627
0.49482
44.3038
143.695
1.12264
104.034
0.118352
0.516557
0.594413
0.843244
62.9921
114.286
0.193234
0.271322
9.58849
221.198
2.18013
0.475516
2.2779
16.5803
0.209145
37.4123
15.2526
0.569611
0.070712
280.702
3.04588
196
0.793779
135.734
4.62439
0.124479
3.57091
1.09441
12.655
0.0768393
138.81
7.17844
6.47549
204.167
157.051
180.812
81.9398
7.95842
39.2943
132.791
0.492626
45.0782
156.051
1.09399
104.478
0.119396
0.517626
0.598466
0.863962
65.2174
115.385
0.202691
0.275698
9.40138
217.778
2.12784
0.477606
2.41617
16.4209
0.212779
37.1494
14.455
0.562082
0.0716983
277.778
2.95212
190.84
0.788693
131.926
4.56621
0.126359
3.78702
1.07368
12.3062
0.0788309
135.501
7.07514
6.3857
198.413
151.057
171.821
150.15
7.96052
37.092
176.678
0.489364
43.2526
155.763
1.1503
99.0099
0.12198
0.519216
0.619015
0.867241
65.5957
213.974
0.196661
0.28213
9.43578
216.814
2.19455
0.487722
2.39421
16.5429
0.215934
31.0323
14.8104
0.573618
0.07261
270.27
2.93841
190.114
0.760422
134.771
4.28192
0.127589
3.77159
1.14262
12.4657
0.0791558
145.349
6.81013
6.5028
212.766
148.368
174.825
147.493
7.73276
38.1679
181.159
0.484061
42.2654
165.563
1.1243
108.225
0.120846
0.514517
0.617704
0.880804
64.9867
212.121
0.201572
0.26908
9.62889
210.526
2.17372
0.469755
2.18063
16.3934
0.206508
36.3912
14.5808
0.561071
0.0707753
278.409
2.92188
180.812
0.773212
129.288
4.52071
0.125797
3.7456
1.12766
13.1791
0.0769816
140
7.37952
6.28205
191.406
148.485
171.329
141.618
8.20084
39.1061
203.32
0.490356
43.248
148.036
1.12326
104.255
0.117965
0.515841
0.597535
0.840601
65.1289
206.009
0.193811
0.272643
9.62503
210.526
2.14861
0.473892
2.22191
16.546
0.205226
36.7253
14.273
0.573247
0.070708
275.281
2.9724
191.406
0.771253
138.81
4.79546
0.124826
3.4769
1.13898
12.6029
0.0768186
137.255
7.31125
6.33566
213.974
140
171.93
148.036
7.98956
40.4959
205.021
0.493107
44.2638
162.252
1.14416
105.603
0.11994
0.519784
0.60385
0.862627
63.6605
210.526
56.7083002361111
