o
0.0251893
0.0380602
2.76498
25.641
1.0781
0.20227
2.96443
3.33704
0.0843012
9.45378
4.28776
0.165259
0.0100425
34.8837
0.838848
31.25
0.216909
17.1756
0.639432
0.0434233
1.42292
0.344339
1.79247
0.0101912
32.1429
1.08069
0.873108
38.3142
17.301
42.5532
35.0877
1.90985
8.88099
22.5225
0.132398
9.6432
31.8471
0.214666
30.03
0.0412199
0.113999
0.205433
0.384287
12.3457
38.4615
0.0281082
0.0400037
2.52242
22.4439
0.969514
0.163919
2.51819
2.99501
0.0664741
9.48367
3.2538
0.156454
0.0100713
34.3511
0.71908
20.7852
0.206555
13.0435
0.569656
0.0380796
1.28995
0.342609
1.85912
0.00992341
17.1103
0.958671
0.635055
49.1803
15.361
21.8341
29.8507
1.3988
7.05716
18.4843
0.104475
7.22022
22.8833
0.194541
31.25
0.0386338
0.0980446
0.203059
0.310773
14.1287
23.4987
0.0258885
0.039716
2.56264
34.6154
0.965976
0.185912
2.67618
3.70218
0.0793056
10.158
4.18799
0.169872
0.00992061
37.1901
0.780979
36.8852
0.242594
22.0049
0.621418
0.0409134
1.44185
0.373615
1.77866
0.0102234
24.4565
1.06408
0.863309
22.8426
11.325
25.641
25.974
1.98413
9.14077
22.5225
0.112788
9.81354
5.29381
0.234968
38.0228
0.0373349
0.113107
0.197902
0.323741
7.74527
18.6335
0.0256867
0.0393459
2.64706
24.4565
0.972868
0.185556
3.42335
3.13043
0.0921791
11.3208
4.72193
0.179501
0.00948168
58.8235
0.992282
31.8021
0.256148
30.1003
0.719597
0.044226
1.37741
0.365586
1.91164
0.0105187
31.9149
1.13122
0.940144
37.037
29.8013
26.5957
23.9808
2.04583
7.77605
25.2525
0.12362
9.52381
20.4499
0.255532
37.8788
0.0424928
0.131071
0.223552
0.347222
15.873
50.5618
0.0268575
0.0405749
2.37969
36.1446
0.859927
0.159025
2.51678
3.50604
0.0731642
9.51374
3.61882
0.167995
0.00987583
26.9461
0.855188
48.1283
0.222272
28.3912
0.626131
0.0387692
1.38164
0.359569
2.21293
0.0101493
40.5405
1.10144
0.821963
9.38086
12.5945
22.2222
9.27644
1.81127
6.52742
41.6667
0.111958
6.64894
34.7222
0.193817
29.4118
0.0376505
0.10763
0.204058
0.3162
17.6471
25.2101
0.0256129
0.0383177
2.28949
20.595
1.02168
0.204221
2.86351
3.14575
0.0869397
7.40132
4.55005
0.17002
0.00997954
50.2793
0.816327
33.0882
0.215126
27.1903
0.61627
0.0428404
1.68824
0.353899
1.93465
0.0101854
35.4331
1.15163
0.935891
20.6186
11.7371
43.4783
31.0559
1.25597
5.05561
51.0204
0.127171
8.80282
42.735
0.234951
33.2226
0.0425922
0.114054
0.198583
0.355844
12
35.2941
0.0273408
0.0420746
2.45432
15.7068
0.96401
0.170999
2.60567
3.003
0.0701317
6.72143
3.82816
0.154181
0.00982286
50.8475
0.721616
41.4747
0.196945
22.2772
0.583468
0.0383473
1.17739
0.296394
1.46915
0.00998624
5.72519
0.970664
0.861698
32.1543
12.1212
22.8311
17.8253
1.17041
6.22665
29.9401
0.101975
8.45309
44.0529
0.210066
19.4932
0.0439041
0.096845
0.196648
0.341375
13.3929
21.4286
0.0258099
0.0391564
3.14906
28.125
0.975293
0.200996
2.72893
4.10023
0.086521
9.31677
4.39024
0.183993
0.00995661
53.5714
0.840415
36.1446
0.231613
20
0.681044
0.0449225
1.37594
0.349203
1.78218
0.0103129
32.8467
1.23254
0.94518
36.63
22.779
30.8642
24.6914
1.91314
9.38967
20.7469
0.119371
10.8578
46.2963
0.216202
43.1034
0.0392536
0.122838
0.217749
0.362698
14.4928
18.4426
0.0284713
0.0415685
2.45499
16.6052
0.836509
0.154491
2.28021
3.11419
0.0673219
9.39457
2.20049
0.156391
0.00990035
28.3912
0.857551
36
0.211084
14.8026
0.540443
0.0383646
1.22984
0.319013
1.47565
0.00989965
16.3636
1.05152
0.837833
22.9592
25.9366
28.9389
29.5082
1.75781
6.26174
21.2766
0.0991845
11.919
28.49
0.227894
16.1812
0.0376507
0.0984134
0.183475
0.294098
10.8434
23.0769
0.0262501
0.0405296
2.82043
19.3548
1.11235
0.207987
2.49584
3.21429
0.0895834
11.25
4.79489
0.18128
0.00957711
44.5545
0.900991
12.3967
0.241423
17.0455
0.74695
0.0448355
1.56467
0.374376
1.92431
0.0103969
29.5082
1.06787
0.93216
37.1901
20.1342
31.25
35.7143
2.03712
7.53012
30.303
0.126607
15.6495
26.8097
0.238328
31.5457
0.0419206
0.12475
0.219239
0.335558
13.0624
38.2979
0.0273583
0.040294
2.90886
37.9747
1.04167
0.197286
2.85714
3.48162
0.0869078
10.9356
4.4955
0.173782
0.00966944
43.0622
1.00852
27.2727
0.229738
36.4372
0.775127
0.0449719
1.46175
0.368822
1.78359
0.0104485
27.3556
1.1308
0.954705
26.393
24.6575
27.9503
30.2013
2.21239
12.4309
10.8108
0.131073
13.4048
20.9205
0.228139
29.3255
0.041033
0.125448
0.2057
0.367122
19.6937
33.5821
0.0278281
0.039894
2.67221
25.0696
0.929944
0.165526
2.63235
2.97324
0.0668777
9.55414
3.60433
0.153568
0.0100742
27.1084
0.761035
32.0285
0.19953
15.3061
0.635548
0.0389107
1.2
0.293074
1.43312
0.00999196
20.4545
0.837131
0.772532
28.6624
18.7891
33.5821
22.3881
1.78926
8.58779
35.461
0.109885
9.21659
24.7525
0.230415
18.7617
0.0364765
0.103166
0.200499
0.30427
11.0701
16.158
0.0256813
0.0385834
3.02826
31.1419
1.07681
0.212998
2.6533
2.64085
0.0778722
6.11829
3.861
0.177711
0.0101089
30
0.782201
31.6901
0.225287
29.0323
0.754085
0.0448002
1.32841
0.364092
2.05903
0.010066
25.2809
1.05721
0.936232
35.4331
20
28.9855
25.7069
2.05128
7.12251
27.3224
0.121943
8.86525
17.5131
0.260559
9.12409
0.0385826
0.120741
0.210827
0.36486
17.0132
39.1304
0.0278285
0.0420203
2.52951
32.8467
0.895344
0.163038
2.46981
2.6494
0.075271
10.9223
3.36826
0.162643
0.00975826
26.3158
0.690237
30.7167
0.203841
25.0696
0.542103
0.0411393
1.16641
0.34788
1.97368
0.00970445
18.8285
1.11815
0.847857
26.6272
21.9512
38.961
29.3255
1.89466
5.70125
32.0513
0.102274
8.3612
30.4878
0.204349
25.7732
0.037158
0.109211
0.194154
0.3427
15.6522
25.5682
0.0274543
0.0414798
2.3298
29.0323
0.88924
0.163749
2.32019
3.38473
0.0763884
11.5681
4.04676
0.1631
0.00973003
39.4737
0.736859
27.3556
0.210669
28.754
0.632556
0.0389879
1.33789
0.329574
1.75953
0.00998325
26.3158
1.07092
0.779828
28.754
27.027
35.7143
35.5731
1.7838
8.60585
30.1205
0.100856
8.59107
16.0514
0.216539
25.3807
0.0359007
0.102209
0.184204
0.285869
17.3077
37.3444
0.0272362
0.0415001
3.32717
5.10783
1.11317
0.203689
2.92778
3.68701
0.085973
9.03614
3.27749
0.177029
0.00943028
39.823
0.931773
42.0561
0.232883
36.4372
0.759366
0.0445578
1.52672
0.384205
2.16242
0.0105239
27.5229
1.16399
0.895433
47.3684
16.9492
23.5602
28.754
2.02061
8.29187
42.0168
0.127288
6.0241
22.8833
0.262178
10.4384
0.0426809
0.131347
0.228033
0.394668
14.8026
41.8605
0.0251003
0.0403042
2.20157
25.788
1.10051
0.183393
2.66351
4.00356
0.0845062
11.5385
3.41556
0.162335
0.00974682
20.2703
0.791
37.5
0.226074
10.6496
0.76746
0.0420815
1.31596
0.341087
1.75316
0.0103824
11.2486
1.02585
0.841043
34.8432
10.4384
23.4192
30.03
1.77651
8.53242
43.4783
0.117148
8.07754
34.7222
0.215536
26.3852
0.0381806
0.120175
0.214316
0.338473
15.9858
23.8727
0.0275958
0.0410329
2.11815
13.2548
1.08082
0.181723
2.55973
2.68577
0.0783488
10.181
4.99445
0.166753
0.00972414
37.6569
0.772002
29.316
0.213751
10.8434
0.707714
0.0375705
1.20642
0.318097
1.69981
0.0100855
31.348
0.995025
0.831117
14.1844
32.8947
37.4532
44.6429
1.66806
8.1103
35.7143
0.10966
9.04977
44.843
0.197793
22.1729
0.039283
0.111352
0.195857
0.343341
16.1002
29.2208
0.028364
0.041
3.04157
29.9003
1.01637
0.178671
2.51678
3.06748
0.0684307
7.68574
4.09091
0.155122
0.00973692
34.749
0.674713
25.7143
0.211944
27.3556
0.609013
0.0360769
1.22354
0.329761
1.74095
0.0100665
21.8341
0.951022
0.817728
18.315
15.949
26.6667
26.2467
1.69952
7.75795
24.1546
0.11773
4.74608
36.9004
0.216314
36.63
0.0409341
0.0986885
0.199539
0.329682
15.0754
23.1959
0.0286604
0.0416222
2.6424
13.5135
0.969828
0.182474
2.94118
3.95257
0.0725871
11.3636
3.85604
0.155478
0.00979638
30.4054
0.801211
29.2208
0.205743
12.3457
0.543216
0.0383527
1.13122
0.322643
1.81455
0.0100524
6.19963
0.94518
0.761615
16.7224
13.2275
35.9712
29.0698
1.88147
7.34214
28.7356
0.10447
8.64304
29.5858
0.205736
22.2222
0.0422483
0.103362
0.190162
0.29654
14.377
21.8978
0.028999
0.0407751
2.63312
24.0642
0.878306
0.172695
2.52313
3.33333
0.075497
8.34106
3.42727
0.158334
0.00974233
23.8095
0.770218
26.1097
0.227754
13.459
0.550055
0.0392577
1.35446
0.344673
1.52138
0.00988048
23.4192
0.992753
0.839349
23.753
25.2525
29.8507
12.9199
1.65563
6.28931
33.1126
0.0983187
6.98812
45.6621
0.213352
29.3255
0.0411958
0.106505
0.187574
0.323694
11.658
22.2772
0.0282051
0.041995
2.26415
34.8837
1.23035
0.191481
2.90416
3.39239
0.0781189
13.9752
4.73934
0.169179
0.00973708
47.8723
0.876168
26.2391
0.205381
29.4985
0.642591
0.0356627
1.47623
0.321802
1.56642
0.0101078
11.0865
1.22279
0.773395
32.8947
18.9036
31.4465
40.3226
2.10571
4.97512
37.8788
0.108603
8.81834
30.3951
0.220736
26.5957
0.0392352
0.107073
0.183385
0.319943
14.658
34.4828
0.026028
0.0413204
2.58769
32.1429
0.971607
0.173906
2.75735
2.91545
0.0800754
11.4213
3.91815
0.176239
0.00978619
32.8467
0.80573
37.8151
0.220468
29.4118
0.715666
0.0393181
1.14469
0.320492
1.90476
0.0100643
18.797
1.0898
0.809127
30.581
17.3611
38.0228
39.2157
1.57654
6.50618
45.045
0.120839
7.72798
37.4532
0.205145
6.88231
0.0417563
0.108876
0.203293
0.316211
11.658
25.3521
0.0286293
0.0410835
2.01432
25.5682
0.90054
0.155982
2.2338
2.68577
0.0742103
9.62567
3.68098
0.160585
0.00991123
39.823
0.825991
37.8151
0.223259
16.8634
0.648382
0.0388004
1.11844
0.356125
1.82482
0.0100257
19.0476
0.962001
0.780457
32.6797
6.68449
24.2131
40.9836
2.151
7.38007
38.9105
0.105015
8.82613
38.7597
0.217434
13.5685
0.0398395
0.10834
0.179666
0.298954
11.2641
16.6667
0.0275746
0.0395292
2.51748
26.7062
0.81507
0.144615
2.37467
2.37092
0.0711845
10.6635
3.37965
0.150643
0.00996299
18.9873
0.813523
31.6901
0.192707
24.1935
0.602854
0.0379327
1.16189
0.28082
1.93949
0.010143
16.7224
0.957671
0.753182
22.5225
10.5485
28.6533
24.5098
1.35704
4.40723
18.7617
0.105665
7.34754
35.0877
0.176063
12.987
0.0411831
0.0975737
0.179261
0.290435
15.5172
21.327
0.0243784
0.0394636
2.69865
25.2809
0.95704
0.195291
2.90229
3.0654
0.0857453
11.2641
4.03407
0.17151
0.0100727
29.9003
0.760585
35.2941
0.22231
29.5082
0.623874
0.0427505
1.26369
0.345715
1.7316
0.0100869
17.301
1.05809
0.895817
42.9185
18.5874
37.8788
15.4083
1.88359
9.32836
46.2963
0.126346
8.69565
36.9004
0.225342
29.9401
0.0387178
0.114853
0.211015
0.369428
15.1515
28.2132
0.0269776
0.040014
2.1028
33.9623
0.98264
0.162925
2.54597
3.22465
0.0687327
9.38478
3.84451
0.152493
0.0100305
41.4747
0.756811
31.6901
0.198873
27.027
0.607985
0.0388574
1.1794
0.293341
1.55709
0.0100929
21.8818
1.06598
0.761963
4.87567
24.6305
26.5957
27.933
1.55521
7.22543
27.3973
0.107854
5.07614
20.7039
0.211024
28.3286
0.0394232
0.102443
0.20482
0.310366
14.8026
25.3521
0.0240468
0.0394159
2.73973
24.6575
0.993926
0.178749
2.85805
3.05292
0.0773974
10.7271
3.02419
0.165749
0.00984519
27.6074
0.814627
16.5138
0.216674
41.2844
0.556105
0.0428192
1.32217
0.312967
1.58451
0.0100713
21.8341
1.13302
0.866626
12.837
7.93021
47.8469
35.3357
1.56274
7.59301
29.8507
0.115855
8.41751
32.6797
0.222797
25.8398
0.0433676
0.107207
0.202343
0.368249
9.85761
35.7143
0.0287255
0.0417529
2.0872
23.8095
0.852111
0.162961
1.9698
2.91356
0.0683252
10.7143
3.46554
0.159651
0.00996406
48.1283
0.926116
35.2941
0.207689
22.7848
0.618047
0.0377172
1.23122
0.375108
1.51906
0.00998832
19.084
1.0853
0.830496
33.2226
22.6244
44.4444
41.4938
2.30947
9.10747
31.25
0.0998735
16.129
45.6621
0.229205
18.4843
0.036951
0.102749
0.166187
0.288323
13.8675
19.1898
0.0262445
0.0393516
2.35479
29.6053
1.04651
0.210827
2.58695
2.57511
0.0759821
6.17708
3.58566
0.168871
0.0100493
31.0345
0.729276
39.3013
0.20842
21.028
0.598086
0.0418461
1.68492
0.292321
1.58705
0.01013
19.685
1.04646
0.815594
38.61
16.0772
37.3134
38.3142
2.04834
5.28541
30.3951
0.125639
6.14251
30.03
0.20971
28.7356
0.0376165
0.111867
0.218935
0.339597
17.1103
27.3556
0.0261592
0.0411
2.64628
40.3587
0.87108
0.171769
3.26087
3.55872
0.0743433
9.52381
3.70675
0.162537
0.00995786
47.619
0.846262
22.3325
0.230864
24.5232
0.622794
0.0382297
1.2815
0.325447
1.4241
0.010063
6.86813
1.24378
0.851136
32.0513
12.9534
32.4675
49.2611
1.81686
7.85546
31.6456
0.113437
9.42507
30.8642
0.186682
20.4499
0.0386711
0.111946
0.196919
0.347934
16.0428
27.5229
0.0261058
0.0419213
2.64784
22.0049
0.895879
0.170374
2.07182
2.72232
0.0763301
10.101
2.90416
0.168089
0.00985144
23.4375
0.752194
20.7373
0.21619
18.1087
0.63501
0.039196
1.09609
0.365017
1.30174
0.00996788
23.6407
0.974944
0.629485
39.8406
18.1818
48.7805
38.1679
1.72206
9.14077
36.3636
0.115641
7.29395
25.1889
0.219063
37.7358
0.038835
0.10837
0.184691
0.304909
14.5396
28.481
0.0277577
0.0415476
2.71003
21.2264
0.893034
0.156345
2.3968
2.87908
0.0711839
12.0968
3.95257
0.167829
0.00970646
29.1262
0.893655
22.6131
0.175781
12.0919
0.708165
0.0385504
1.09818
0.341904
1.58856
0.0100507
17.1527
0.883158
0.840831
32.3625
29.2398
37.8788
26.455
1.66973
7.08215
30.1205
0.111004
10.5374
40
0.216812
28.0899
0.0404313
0.103518
0.190126
0.314367
12.5174
20.4082
0.0294677
0.0429978
2.58844
20.362
0.928984
0.171318
2.76074
3.32471
0.0743114
8.64553
3.23625
0.164075
0.00959535
41.8605
0.852838
36.7347
0.213564
5.05306
0.532141
0.0363429
1.27763
0.335233
2.09336
0.00994843
52.356
0.972952
0.84631
41.4938
22.1729
28.6533
31.746
1.73792
7.08215
27.3973
0.110788
8.3612
27.933
0.226285
23.4742
0.0400953
0.102301
0.182135
0.321635
13.7195
28.3019
0.0274522
0.0410993
2.30888
19.3966
0.985869
0.173974
2.79938
3.03746
0.0740162
11.1111
3.71134
0.160037
0.00973301
28.3019
0.755224
32.1429
0.229393
28.125
0.549179
0.0376764
1.28222
0.303665
1.70358
0.0099475
17.1821
0.943129
0.79783
32.6797
11.1483
31.6456
34.7222
1.51722
7.4129
28.0112
0.112383
7.06714
29.0698
0.21683
24.57
0.0399052
0.100972
0.188277
0.314828
8.43486
32.8467
0.0260299
0.0416674
2.40385
26.6272
1.05945
0.185345
2.50209
3.06853
0.0797547
9.92282
4.01786
0.168105
0.00954489
31.0345
0.761099
30.2013
0.204128
13.8675
0.573066
0.0383077
1.31234
0.288326
1.59974
0.00984097
22.8311
0.926612
0.769941
27.3224
12.8205
23.9808
30.581
1.55715
7.27802
41.3223
0.117883
8.07754
28.5714
0.198004
24.8756
0.0433142
0.106334
0.19923
0.339354
19.4805
26.1628
0.0298193
0.0412033
2.44101
37.9747
0.911485
0.162083
2.76498
3.14246
0.06584
8.48256
5.22042
0.159072
0.00963
34.6154
0.538445
39.5257
0.195979
22.2717
0.664231
0.0384861
1.15915
0.318725
1.95274
0.0101984
25.5754
1.23335
0.866026
38.61
14.43
27.248
25.1889
1.64582
7.46269
10.3734
0.109736
10.1626
33.7838
0.226742
29.4985
0.0397814
0.0947229
0.211382
0.314608
14.827
22.7848
0.0272134
0.0405734
2.30769
23.7467
0.920905
0.180618
2.45298
2.55102
0.0734688
11.3208
3.99113
0.164702
0.00965186
21.028
0.709891
16.129
0.166237
35.461
0.64855
0.0383986
1.43596
0.312402
1.51172
0.0100742
11.8624
1.07956
0.918949
45.2489
20.79
12.8535
25.3165
1.58153
7.45156
31.4465
0.11977
9.29368
33.1126
0.223199
28.49
0.0398999
0.10449
0.181881
0.336474
13.8249
36.7347
0.0264868
0.0408173
2.94503
38.6266
0.977623
0.187856
2.65408
3.4749
0.077456
10.6888
3.64964
0.166322
0.00989357
29.1262
0.804721
8.2713
0.222816
21.7391
0.624493
0.040055
1.42126
0.336315
1.47341
0.0101644
8.08407
0.935891
0.818398
26.3158
26.2467
52.0833
42.0168
1.89
8.66551
31.5457
0.11353
8.4246
27.5482
0.211569
16.4745
0.0400699
0.111796
0.195707
0.317572
13.8889
25.9366
0.0251914
0.0404216
2.6393
30.2013
0.919587
0.172275
2.03206
3.29429
0.0763003
9.47368
3.14027
0.169818
0.00944975
14.6819
0.937891
35.5731
0.179038
28.5714
0.620771
0.0393533
1.43719
0.340669
1.49165
0.0101723
29.3255
0.97972
0.795545
56.1798
8.41043
32.8947
26.3158
1.83284
7.8125
32.3625
0.117963
6.86813
38.0228
0.207948
34.7222
0.0392287
0.106962
0.198807
0.372008
11.236
36.8852
0.0278282
0.0405831
2.7339
29.2208
0.94231
0.16299
2.95372
2.82841
0.0655618
11.5533
4.39668
0.153092
0.0100385
35.4331
0.794842
36.4372
0.197972
32.8467
0.524598
0.0383408
1.24189
0.303933
1.85151
0.00993295
17.1821
0.992556
0.835492
40.3226
17.452
37.1747
38.7597
2.15146
5.8309
35.7143
0.101868
10.7643
31.6456
0.235012
28.9855
0.0402912
0.0988642
0.179669
0.305312
15.4374
20.979
0.0285921
0.0401818
2.673
27.439
0.858779
0.162355
2.86533
3.05707
0.0662081
9.32642
3.95604
0.151971
0.00991925
39.6476
0.726392
28.6624
0.207608
19.1083
0.626785
0.0389145
1.17172
0.301768
1.52045
0.0100313
17.094
1.048
0.87558
29.7619
22.2222
43.4783
32.8947
1.87723
8.14996
29.1545
0.094226
8.23723
34.6021
0.204073
25.974
0.0396118
0.0978857
0.196829
0.285461
13.6364
25.2101
0.0258895
0.0402768
2.21566
24.5232
1.00067
0.196949
2.91074
2.98013
0.0944347
15.3322
2.70595
0.173447
0.00951733
67.1642
0.818628
38.4615
0.221664
23.9362
0.702138
0.0449517
1.19633
0.366703
1.39082
0.0103245
19.8413
1.13533
0.783515
33.2226
22.8833
61.7284
37.8788
1.96618
7.50188
27.6243
0.12854
13.1579
34.2466
0.242049
24.4499
0.0451341
0.116347
0.197347
0.322766
19.2308
22.5
0.0246554
0.0400481
2.80287
26.8657
1.00156
0.195984
2.56191
3.48297
0.0817936
10.7399
3.65408
0.17081
0.0100201
40.9091
0.819672
32.967
0.202789
31.6901
0.735534
0.0431671
1.53741
0.341103
1.61838
0.0102303
18.5529
1.13007
0.777968
48.5437
13.9665
45.2489
41.4938
1.76835
8.7108
42.735
0.127875
7.25689
31.8471
0.21816
25.5102
0.0431524
0.115546
0.217986
0.337787
18.6335
24.7934
0.0286084
0.0404811
2.65252
23.7467
0.971607
0.176692
2.19619
2.9703
0.0723095
9.79325
2.97619
0.160783
0.0097532
32.491
0.764981
37.3444
0.201149
12.5174
0.685662
0.0354404
1.45497
0.287315
2.16123
0.00991632
19.7239
1.02976
0.817461
33.67
22.2717
35.7143
32.8947
1.60436
5.86854
29.0698
0.115896
9.58773
24.8139
0.217666
9.84252
0.0406369
0.102261
0.19685
0.316156
21.7918
27.6923
0.0274932
0.0423713
2.97816
21.2766
0.996457
0.179261
3.07482
2.7281
0.0778527
12.894
3.70066
0.169985
0.00968701
45.9184
0.723764
31.8021
0.220664
18.4049
0.632689
0.0368411
1.28107
0.320749
1.69147
0.00996551
27.7778
0.885191
0.855798
29.8507
12.1212
5.93824
24.0964
1.90549
7.6746
35.5872
0.121684
9.56938
28.49
0.226229
34.4828
0.0401506
0.112641
0.201595
0.342192
13.1387
27.1084
0.0266875
0.0407478
2.96834
20.2703
0.858369
0.164708
2.27158
2.80199
0.0734688
9.00901
3.79107
0.162145
0.00989049
49.7238
0.873108
43.0622
0.224361
18.5185
0.649773
0.0394285
1.00543
0.2353
1.58303
0.00998302
20.4499
0.911826
0.811754
31.9489
14.0449
40
31.1526
2.46366
6.84932
38.7597
0.110469
8.77963
31.4465
0.219703
16.5837
0.0385454
0.107297
0.199565
0.346367
12.9496
40.724
0.0257202
0.0414323
2.73639
19.3548
0.935454
0.167364
2.5395
3.44432
0.0729383
8.82353
3.40522
0.161418
0.00988309
53.8922
0.871418
39.4737
0.220113
16.129
0.676844
0.0395634
0.954927
0.26683
1.43082
0.0100539
22.1239
1.07643
0.799041
34.7222
15.2207
36.4964
38.3142
1.47016
6.04595
28.9017
0.11649
9.19963
31.0559
0.206092
24.57
0.0399147
0.108258
0.190799
0.327225
14.5631
22.5564
0.0268442
0.0383364
2.48679
19.9005
0.733945
0.142549
2.15517
2.14133
0.0550671
10.2273
2.91545
0.142572
0.0097385
19.7802
0.759814
41.6667
0.196378
18.3673
0.555179
0.0355446
1.08998
0.290126
1.53322
0.00966179
8.72939
1.30265
0.719137
27.1903
22.2772
22.5564
14.975
1.4236
5.02793
24.3243
0.0926258
7.32899
29.5082
0.206621
17.4419
0.036891
0.103677
0.169226
0.281077
12.5786
27.5862
0.0262714
0.0380479
2.55754
38.0952
0.807999
0.152882
2.17865
2.25169
0.0571726
10.3567
3.02623
0.148163
0.00956212
27.439
0.684879
23.4987
0.200214
19.3966
0.592417
0.0361272
1.14635
0.270457
1.47348
0.00990275
20.7373
0.98114
0.705606
23.5602
15.8451
27.8638
28.5714
1.36757
5.05051
17.4419
0.104312
6.19408
22.2772
0.199689
29.6053
0.036994
0.0999088
0.183748
0.265534
17.316
26.3158
0.0283636
0.0436262
2.67062
31.6901
0.887837
0.153497
2.68577
3.34572
0.0731807
8.62069
4.62107
0.170303
0.0096018
37.8788
0.794723
33.0033
0.206156
25.974
0.683714
0.0395502
1.30022
0.368732
1.85151
0.00993172
24.7525
0.993542
0.692521
30.2115
9.78474
35.9712
33.7838
1.62022
8.33333
30.03
0.102445
9.68054
28.6533
0.215448
20.6186
0.0412207
0.0995476
0.193736
0.29406
12.987
30.5085
0.0274396
0.0393401
2.68978
17.3745
0.926689
0.158197
2.23936
3.23974
0.0592719
9.14077
4.01445
0.152133
0.00966395
42.9185
0.725374
23.2558
0.209433
18.2815
0.607977
0.0407197
1.10933
0.289902
1.22233
0.0100355
26.393
0.996016
0.826522
38.2979
13.8462
34.4828
24.9307
2.05152
7.32899
32.8467
0.108823
5.95238
20.362
0.212179
33.3333
0.0423101
0.0995432
0.196812
0.296521
11.4068
23.1959
0.0271086
0.0395391
2.48139
22.6629
0.62288
0.111503
2.42981
2.7933
0.0657429
11.5237
2.54525
0.148461
0.00965699
27.8638
0.771407
25.641
0.193403
29.2208
0.668946
0.0363735
1.29199
0.324699
1.64174
0.010015
13.4128
1.11579
0.831102
33.8346
10.0559
41.2844
24.7934
1.76263
8.90208
50
0.100215
5.93668
27.7778
0.223753
23.0769
0.0393296
0.107492
0.174554
0.288704
10.0125
24.6154
0.0287457
0.039188
2.47185
27.8638
0.781114
0.124786
2.25023
2.79642
0.0680073
9.4518
3.427
0.157272
0.00976899
44.4444
0.727749
21.7391
0.209345
10.5708
0.633272
0.0390417
1.22716
0.278672
1.51184
0.00999007
22.3325
1.04408
0.664599
23.4375
10.181
22.3325
21.9512
1.51771
10.7015
25.1397
0.101475
9.67742
28.9389
0.214408
27.1084
0.0420594
0.106245
0.183053
0.30013
19.0275
19.8238
0.0291835
0.0411685
2.54597
34.749
0.881057
0.17344
2.16826
3.65097
0.070605
10.9769
4.58926
0.169607
0.00984115
27.7008
0.735186
34.8432
0.207887
18.5874
0.634276
0.0391235
1.28849
0.311052
1.55642
0.009993
22.6244
1.03231
0.7303
36.7647
15.5763
32.3625
29.4985
1.41523
6.71141
40.4858
0.111415
7.91766
28.0112
0.217533
21.7865
0.0399851
0.100964
0.188115
0.310806
10.7784
26.4706
0.0301062
0.0427807
2.2779
25.8621
0.791557
0.156552
1.88644
2.13129
0.0635647
9.37207
3.55999
0.161134
0.00998762
36.4964
0.731422
23.9808
0.205994
22.5734
0.551359
0.041136
1.51355
0.308642
1.81752
0.00983774
25.641
1.10375
0.791766
23.2558
21.2766
25.1889
24.1546
1.94288
5.95948
34.1297
0.103936
6.91085
34.8432
0.222524
29.6736
0.0412521
0.0990295
0.180426
0.288452
13.2743
28.3912
0.0269015
0.0423294
2.12716
20
0.835344
0.189151
3.38473
3.50058
0.0724288
12.0482
3.49922
0.165692
0.00970071
39.8406
0.800384
31.348
0.204361
18.315
0.551086
0.0410123
1.07262
0.294968
1.74917
0.009888
27.7778
1.02859
0.831532
37.1747
10.2145
32.8947
31.746
1.41603
8.45309
37.3134
0.111418
6.32511
28.6533
0.220731
26.3158
0.0403511
0.105495
0.195465
0.314081
14.6104
35.1562
0.0278248
0.0412103
2.22058
22.5
0.893212
0.1707
2.4377
2.90792
0.0806437
13.2159
3.82979
0.168726
0.00966346
15.5763
0.786349
33.1126
0.225698
4.08497
0.70932
0.0394479
1.36036
0.323845
1.89717
0.0100791
21.0084
1.0523
0.820479
19.0114
19.3424
23.1481
34.7222
1.90404
8.86525
40.4858
0.112055
7.94913
32.7869
0.217415
28.6533
0.0398977
0.110852
0.182006
0.319659
18.595
40.724
0.0275703
0.0406066
2.85896
26.7062
1.00189
0.179469
2.46305
3.12935
0.0698346
12.016
4.65598
0.162925
0.00978873
11.7233
0.499401
35.8423
0.1789
23.753
0.683854
0.0380802
1.32556
0.324181
1.89897
0.0099438
11.4943
1.00746
0.862962
34.7222
17.9533
24.0964
38.9105
1.56617
4.28449
18.797
0.115312
9.80392
23.0415
0.232601
25.1889
0.041121
0.106572
0.201798
0.367032
20.1794
32.967
0.0282137
0.041095
2.27445
27.027
0.996016
0.179651
2.58918
3.75783
0.0748142
12.4481
3.342
0.165478
0.00974535
26.4706
0.88739
33.67
0.242813
15.7978
0.615195
0.036988
1.4403
0.298063
1.7316
0.010052
25.3165
1.08601
0.844737
33.7838
19.6078
26.5957
30.1205
1.62496
7.69823
46.2963
0.105221
6.42674
41.3223
0.211068
42.735
0.0405052
0.103837
0.206721
0.313917
10.8434
25.4237
0.0286916
0.0413047
2.33888
29.0323
1.053
0.177078
2.27101
3.15236
0.0692052
3.20205
3.0722
0.159284
0.00984631
28.7356
0.774533
30.581
0.188893
36.9004
0.592101
0.0386551
1.42227
0.350533
1.9558
0.0100063
14.3885
1.07735
0.78235
33.0033
15.3846
24.0385
28.2486
1.8577
6.17665
29.7619
0.108946
5.91017
41.3223
0.220032
22.9358
0.04045
0.0982554
0.220162
0.303603
12.8205
34.0909
0.0279042
0.0419322
2.45499
26.6272
0.875486
0.16383
2.7414
2.5959
0.0692201
5.37924
3.84468
0.165714
0.00960453
18.5529
0.609868
23.6967
0.183638
34.3643
0.622355
0.0392271
1.46391
0.360998
1.88359
0.0100623
24.2718
1.04745
0.881057
45.4545
19.9601
37.3134
25.3807
1.90585
7.46269
31.5457
0.107424
9.33707
31.348
0.21287
32.0513
0.0420497
0.0944416
0.189334
0.342453
17.2745
21.8447
0.0288532
0.0404082
2.39872
25.1397
0.971607
0.172236
2.36967
2.95082
0.0731374
9.42408
2.47586
0.166976
0.00967404
21.692
0.620078
37.7358
0.176719
23.5849
0.623636
0.0387812
1.56961
0.345137
2.02881
0.0100122
5.81734
0.961908
0.80782
46.0829
14.2045
41.1523
36.63
1.72831
9.71817
26.9542
0.111582
8.46024
24.8756
0.224734
24.5098
0.0408495
0.104385
0.204778
0.305634
14.0845
16.791
0.0281501
0.0421475
2.89482
28.481
0.955921
0.142158
2.37781
3.13808
0.0714201
11.25
3.99202
0.166204
0.00967155
22.3214
0.589136
47.619
0.200489
27.248
0.647752
0.0385153
1.52207
0.358551
1.85219
0.010046
28.0112
1.24642
0.851354
34.0136
10.7296
49.7512
20.3666
1.99005
8.87311
32.7869
0.103157
9.59693
27.3973
0.203745
23.0415
0.0422014
0.09356
0.200548
0.305105
15.025
34.8837
0.0283318
0.039331
2.95858
22.0264
0.83605
0.173232
2.57136
3.11429
0.0685655
9.30233
3.59454
0.161867
0.00974732
42.3729
0.735727
24.6914
0.206778
24.7525
0.600889
0.0395679
1.2894
0.306008
1.81965
0.00988891
23.3161
1.30681
0.693054
19.3133
21.6346
22.0049
25.4958
1.65017
6.07287
37.8151
0.100134
8.93744
21.2264
0.210714
20.8333
0.0402204
0.106891
0.206821
0.29613
10.6157
30.2115
0.0289238
0.0416218
2.27273
30.9598
0.798148
0.170669
2.58198
3.15657
0.0735971
7.8125
3.4118
0.176097
0.00985599
51.5464
0.771903
28.5714
0.203178
35.3357
0.616295
0.0396824
1.34608
0.341041
1.81028
0.010031
26.3158
1.06281
0.917431
11.0497
25.7069
7.50751
25.2525
1.99164
9.49668
45.6621
0.103187
9.53289
34.6021
0.197021
25.3807
0.0407619
0.0946601
0.201479
0.288959
14.1643
24.0964
0.0269402
0.0383552
2.32919
5.54187
0.701973
0.113139
1.853
3.56436
0.0616307
10.453
3.26679
0.142787
0.00978676
23.622
0.73046
30.4054
0.188513
29.703
0.576221
0.0355831
0.968263
0.262345
2.0843
0.00982593
18.1818
0.985761
0.75975
26.6272
14.5867
31.0345
32.8467
1.54985
4.27553
25.8621
0.0944566
7.5
33.3333
0.20921
27.1903
0.036591
0.0974837
0.174535
0.301013
4.18216
21.0773
0.0271057
0.0403703
2.7049
15.8479
0.747887
0.166722
2.44738
3.72578
0.0754
8.16327
3.95883
0.168197
0.00971043
36.4964
0.776277
37.3134
0.189462
22.3214
0.527872
0.0411233
1.37571
0.302883
1.70765
0.0100242
18.5874
0.987849
0.78765
29.1545
12.3153
28.169
32.7869
1.50489
5.06586
28.3286
0.105899
5.12821
32.0513
0.206283
16.3132
0.0408701
0.0975948
0.205973
0.331192
10.7875
30.6748
0.027034
0.0391352
2.47158
37.3134
0.789453
0.146518
2.33949
2.96248
0.0687716
10.1237
2.61172
0.162943
0.00949555
46.3918
0.798297
34.749
0.203247
25.2809
0.707158
0.0380485
1.23052
0.333828
2.09156
0.0101001
19.9557
0.985869
0.903524
25.3521
18.0361
30
21.7391
1.98456
6.89655
11.1386
0.104975
6.81818
23.6842
0.218288
27.1084
0.041047
0.103361
0.18693
0.291341
17.5747
17.301
0.0264879
0.0377609
2.55609
49.1803
0.743617
0.141015
2.15311
2.83108
0.062177
8.92857
2.9164
0.152986
0.0098572
37.8151
0.715535
47.3684
0.214485
23.8095
0.578406
0.0360616
1.03722
0.306164
1.77165
0.0096662
29.0323
0.91047
0.760649
24.4565
27.027
25.8621
23.4987
1.44858
5.2417
5.12528
0.100576
5.45785
20.9302
0.206389
29.2208
0.0369394
0.106863
0.192612
0.273565
6.10583
32.2581
0.0286771
0.0388214
3.01841
20.284
0.802568
0.159091
2.67023
3.28839
0.0692655
10.917
2.37473
0.157644
0.00971669
60.9756
0.768462
25.974
0.204148
37.3134
0.626449
0.038699
1.18483
0.318945
1.74689
0.00995886
16.791
1.17035
0.761744
57.3248
17.5781
38.2979
28.9389
1.70132
6.86499
31.25
0.0987546
13.8675
33.5821
0.22269
25.5682
0.0424198
0.109452
0.195519
0.283986
12.7065
15.949
0.0263851
0.0378212
2.40128
21.1268
0.839709
0.137716
2.32678
2.94406
0.0641254
5.55899
3.10345
0.146042
0.00988245
32.8467
0.865385
20.0893
0.179229
17.8571
0.597768
0.0349192
1.01637
0.256352
1.59039
0.00981928
18.9076
0.895879
0.682853
13.6778
10.3093
25.0696
26.087
1.9239
3.92157
19.0275
0.0926044
5.31287
18.595
0.198216
24.6575
0.0370128
0.105433
0.17245
0.266264
19.2719
18.711
0.027299
0.039398
2.53521
24
0.648228
0.116353
2.10526
2.88647
0.0625526
8.17439
2.75061
0.14424
0.00967969
19.0678
0.851064
28.2132
0.189597
20.2703
0.630694
0.0363714
1.19601
0.319217
1.46341
0.00996204
11.3493
0.952683
0.809789
31.4685
18.8285
35.8566
31.25
1.76229
6.39659
23.6842
0.100851
5.04767
7.29335
0.211844
31.0345
0.0383039
0.101082
0.179998
0.262046
11.6959
27.6817
0.029201
0.0430818
2.79243
18.6916
0.880204
0.11757
2.17108
3.24359
0.0736263
10.6724
3.76648
0.164723
0.00965768
35.461
0.763359
43.29
0.221195
27.7778
0.554416
0.0413988
1.52765
0.338765
1.45943
0.00984384
18.5185
1.17772
0.723275
25.4453
15.8983
25.9067
32.2581
1.82349
8.83392
36.3636
0.100711
12.2399
28.2486
0.21951
31.8471
0.0441642
0.100457
0.18073
0.292293
16.2162
17.4757
0.0288477
0.0428939
2.06706
12.7389
0.789266
0.166761
2.33263
3.37952
0.0696146
8.48176
3.97298
0.172298
0.00978762
33.3333
0.956206
37.4532
0.211064
17.5747
0.614326
0.0377313
1.46327
0.348262
1.75623
0.0100108
7.1582
1.07388
0.770951
50
15.625
41.4938
39.3701
1.58278
5.75705
33.1126
0.112006
8.38926
33.8983
0.208351
32.0513
0.0405124
0.0999034
0.198798
0.310495
12.0321
16.129
0.0287023
0.041488
2.43506
23.5602
0.980681
0.113748
2.26552
3.52734
0.0680786
8.1103
3.73552
0.163385
0.00987929
28.9855
0.721397
36.7647
0.231884
28.9017
0.614477
0.0410219
1.32696
0.328224
1.59008
0.0100561
18.797
0.985999
0.764234
36.63
10.989
30.581
34.3643
1.69693
7.4239
37.1747
0.105004
5.73394
33.557
0.205736
30.6748
0.0426261
0.0992118
0.195946
0.296287
11.4943
24.9307
0.0280099
0.0402335
2.66596
6.56599
0.687711
0.127946
2.2553
3.16656
0.0664372
11.5473
3.18573
0.156116
0.0097475
33.8983
0.684369
43.4783
0.224856
20.6612
0.622587
0.0398682
0.992173
0.291158
1.24792
0.0100625
17.7515
0.964423
0.805874
22.9008
12.4481
40.1786
44.7761
1.44485
7.41962
24.2588
0.10685
7.35294
19.2719
0.216831
27.1903
0.0425945
0.102801
0.210748
0.286178
12.21
21.5983
0.0288748
0.0395491
2.54518
16.5289
0.835492
0.126966
2.42365
2.85144
0.0689417
11.6414
4.3956
0.156607
0.00967534
46.729
0.718701
31.348
0.214957
13.21
0.696718
0.0381858
1.19745
0.305894
1.48148
0.0100425
26.0116
0.947867
0.866468
32.491
22.1675
23.8095
18.0723
1.52387
7.56939
38.6266
0.105997
10.7527
24.1287
0.244825
27.6074
0.0401746
0.100974
0.202899
0.296131
12.3288
17.8253
0.0279559
0.0399815
2.26501
14.2857
0.6141
0.126205
2.81849
2.73673
0.0654603
5.30973
3.38346
0.153238
0.00968002
50.2793
0.76818
17.6817
0.216159
18.1452
0.591444
0.037043
1.42766
0.310013
1.72911
0.00998047
21.8978
1.22716
0.849858
10.5386
16.2162
23.9362
27.027
1.61233
6.01604
42.0561
0.100273
8.79765
36.4372
0.224775
26.9461
0.0398507
0.103325
0.183872
0.316322
21.5311
15.9236
0.0276846
0.0406809
2.68817
19.7239
0.681989
0.130229
2.61643
2.73748
0.0659975
10.5485
3.12305
0.159177
0.00976195
26.1097
0.750131
36.3636
0.221976
19.305
0.56123
0.038127
1.44161
0.281356
1.81123
0.0100851
22.1675
0.970874
0.847218
20.6422
17.8218
35.8566
21.7918
1.56522
6.32467
29.8013
0.102628
9.46372
22.8426
0.215864
18.3299
0.0401129
0.105978
0.186982
0.290763
12.4481
21.6867
0.0254532
0.0402448
2.92303
44.5545
0.964527
0.214972
2.54094
4.64876
0.0983746
12.2951
4.46429
0.176682
0.00956303
31.8021
0.843724
34.2205
0.209487
27.1903
0.697837
0.0434547
1.58311
0.339982
1.99336
0.010357
19.1083
1.14126
0.802568
37.037
21.8978
35.0195
42.654
1.91327
7.22892
46.3918
0.131712
7.65306
43.6893
0.206215
23.6967
0.0427641
0.127423
0.209507
0.33305
12.8755
23.622
0.0258943
0.0401088
2.38537
21.4286
0.884086
0.179881
2.1033
2.54381
0.0773834
8.99101
3.55591
0.168533
0.0101078
45.2261
0.929464
59.6026
0.228264
19.6507
0.670641
0.0405881
1.45631
0.322188
2.16138
0.00995479
18.75
1.25558
0.920434
37.037
20.362
28.6624
27.1084
1.80433
4.09091
15.5709
0.114334
9.2688
29.6053
0.228659
13.3869
0.0369432
0.111459
0.1745
0.29968
12.7298
25.5682
0.0272498
0.0407828
2.54453
18.4049
0.729217
0.178228
2.36407
3.48028
0.0696524
8.57143
2.53165
0.148436
0.00989025
30.5085
0.789543
36.4372
0.180963
19.4805
0.535714
0.0393909
1.37783
0.288776
1.52775
0.0100192
27.5229
1.02822
0.681818
27.3556
15.9858
32.3741
29.2208
1.78147
8.27206
20.4545
0.101802
7.64007
24.2588
0.226324
21.978
0.0391635
0.0941728
0.168795
0.289092
12.1131
27.1084
0.0287473
0.0397086
2.82043
23.9362
0.901081
0.161783
2.55174
2.84091
0.0685312
8.79765
3.70218
0.156255
0.0100403
29.8013
0.710003
27.6074
0.21061
22.9008
0.644792
0.0388046
1.19904
0.32228
1.64234
0.00992372
20.979
0.885565
0.766741
7.75862
16.8539
23.4987
10.8696
1.95908
7.34095
37.5
0.101782
12.1951
31.8021
0.224009
31.0345
0.0377024
0.0991801
0.186293
0.31708
15.4905
31.3589
0.0266566
0.0410075
2.64784
34.6154
0.935065
0.217496
3.1185
2.88647
0.0876988
12.5698
3.68098
0.17914
0.00941064
39.3013
0.89056
45
0.224176
34.4828
0.769757
0.0448207
1.61929
0.381906
1.8622
0.0105428
29.2208
1.53741
1.10988
55.5556
16.0714
35.5731
27.9503
2.10625
7.33496
13.4731
0.126123
9.68992
16.8634
0.252672
27.1739
0.0438897
0.127324
0.220383
0.370584
14.4
25.4237
0.0268474
0.0418326
3.17797
27.3556
1.09131
0.200428
2.93255
3.21314
0.089191
12.0321
4.60829
0.17429
0.00940506
45.6853
0.801996
41.8605
0.241922
18.6335
0.754527
0.0447507
1.4111
0.331651
1.63905
0.0105862
34.6154
1.07041
1.00491
48.1283
28.2132
32.6087
34.8837
1.75063
9.04523
30.7167
0.12583
7.13776
11.0132
0.241593
26.455
0.0432528
0.12918
0.217717
0.391389
18.5185
28.754
0.0297772
0.0403568
2.28833
20.1794
0.922604
0.16552
2.22113
2.8626
0.0657309
8.07899
3.10881
0.156565
0.0100503
40.5405
0.68608
34.3511
0.207967
26.6272
0.606101
0.0373398
1.14679
0.345888
1.44069
0.00995263
22.7848
1.14011
0.929944
35.0195
18.75
41.4747
31.8021
2.1033
7.83972
45.6853
0.0993191
11.0429
15.3139
0.231524
25.3165
0.0358148
0.0983026
0.18509
0.311193
13.3531
35.7143
0.0268129
0.0393074
3.2097
36.7347
1.07373
0.191616
3.001
3.95431
0.08836
12.6227
4.12655
0.180542
0.00962698
32.6087
0.866885
40.9091
0.235276
26.7857
0.798226
0.0442124
1.68539
0.384698
2.02429
0.0104872
25.0696
1.6791
1.0346
35.8566
28.3912
58.4416
35.1562
2.49861
10.6007
37.6569
0.126208
11.0294
20.9205
0.221616
32.4675
0.0421294
0.129863
0.212329
0.326182
21.7391
25.4958
0.0283599
0.0439559
2.83554
52.9412
0.997451
0.169291
2.41935
3.37711
0.0783501
8.21168
3.64668
0.16457
0.00955679
38.6266
0.820345
28.125
0.231357
20.6422
0.766937
0.0416715
1.41866
0.315402
1.57701
0.0108649
23.4375
1.0389
0.915751
27.439
8.07899
35.8566
29.2208
1.72877
4.92611
24.1935
0.114213
6.17708
17.4419
0.23993
22.3881
0.0416974
0.114613
0.216409
0.332545
13.6157
27.1903
0.0283019
0.0421161
2.47866
22.2772
0.870575
0.185128
2.56703
3.23741
0.0809243
10.5758
4.44006
0.169326
0.00917012
19.6078
0.881575
24.7934
0.234779
17.1429
0.618005
0.0402021
1.21622
0.323439
1.66144
0.0108287
22.4439
1.27696
0.718965
15.4905
6.35145
18.1818
31.6901
2.23104
9.35551
31.8021
0.111376
11.1111
25
0.248372
38.4615
0.0423255
0.11589
0.201036
0.302857
14.3541
26.393
0.0275162
0.04071
2.40899
28.481
0.91631
0.158568
2.40064
2.20534
0.0690915
8.37209
3.44564
0.16199
0.00970156
27.3556
0.735474
49.4505
0.189514
31.1419
0.559876
0.0387776
1.24809
0.309661
1.69523
0.0108428
23.4987
1.02006
0.777202
27.3556
20.1342
32.0285
32.3741
2.08817
3.39623
25.3521
0.0932729
8.25688
27.2727
0.210571
31.4685
0.0400689
0.0991637
0.165801
0.273116
7.34095
28.125
0.0277925
0.0413886
2.63312
14.5631
0.781521
0.147679
2.16763
3.25262
0.0680998
9.9889
2.82575
0.151088
0.00969457
30.303
0.83682
26.5487
0.202238
24.2588
0.58226
0.0354857
1.19713
0.291933
1.81415
0.0107258
13.6364
0.934871
0.83682
30.1003
9.13706
23.3766
30.9278
1.94384
5.07901
36.2903
0.0907304
3.87764
32.967
0.224512
25.8621
0.0377854
0.100375
0.162136
0.268384
15.8172
11.465
0.0261275
0.0391734
2.74725
28.5714
0.891707
0.167342
2.46711
3.25969
0.0755858
9.48367
3.57711
0.152302
0.0100943
35.8566
0.845865
37.9747
0.228305
19.7368
0.679964
0.0409087
1.19617
0.322442
1.842
0.01007
19.9115
1.17878
0.831639
36
12.2783
35.7143
32.7273
1.78359
7.58214
29.2208
0.109914
9.3361
31.4685
0.238411
32.1429
0.0371512
0.108089
0.200588
0.320878
21.028
31.4685
0.0234478
0.0404665
2.42849
32.1429
0.947967
0.172186
2.86078
2.81338
0.0791438
12.1457
3.63636
0.172685
0.00971802
31.5789
0.836976
40.1786
0.194784
17.4419
0.65445
0.0401087
1.45914
0.367632
1.70551
0.0102547
24.1287
0.845229
0.702028
55.9006
19.0678
53.8922
60
1.89954
9.10931
38.6266
0.12599
8.28729
29.5082
0.205733
29.703
0.0394751
0.115732
0.188699
0.368626
12.8205
19.3966
0.0259147
0.0403045
3.04054
32.6087
1.14562
0.185981
2.71575
3.72825
0.0916983
10.7143
4.60123
0.181076
0.0094302
44.7761
0.901262
41.0959
0.25464
24.4565
0.760971
0.0436927
1.55655
0.351659
2.03897
0.010537
18.711
0.988359
0.862482
7.56939
11.2782
26.1628
14.0845
1.92967
8.39552
44.1176
0.132279
10.514
30.1003
0.251249
37.3444
0.0409567
0.132824
0.212249
0.35272
17.9641
33.4572
0.0302897
0.0442525
2.33427
27.933
0.963391
0.199382
2.73673
3.76648
0.0830461
12.2549
4.58085
0.16905
0.00934627
48.3092
0.93791
40.9836
0.251832
35.3357
0.75838
0.0432801
1.30189
0.382133
1.68067
0.0107524
26.2391
1.15444
0.945378
39.1304
33.3333
29.0323
39.823
2.44233
9.58466
22.7273
0.1167
11.0294
32.7273
0.25355
27.6923
0.045611
0.120093
0.212112
0.347838
11.2867
32.7869
7.50751
0.0288487
0.0405533
2.82575
23.8727
1.03986
0.180448
2.57511
2.82008
0.068772
3.80662
0.159721
0.00975555
34.0136
0.752729
29.6736
0.216174
23.753
0.672133
0.0382229
1.30753
0.331126
1.68862
0.0101382
24.0964
1.1325
0.742832
29.2398
12.0773
24.6305
32.1543
1.7325
8.62813
32.0513
0.110136
6.31712
44.6429
0.219645
26.8097
0.0407458
0.100097
0.200129
0.325756
17.4081
43.9024
0.0279577
0.0393689
2.26815
26.3158
0.835577
0.160399
2.4644
3.75799
0.0617402
9.72763
4.28633
0.159632
0.00971775
28.0112
0.685354
31.6456
0.198728
16.3934
0.590423
0.0379564
1.1825
0.314553
1.53479
0.0101487
20.979
0.812788
0.671542
31.1419
13.4328
36.2903
30.7167
1.74825
5.82902
16.2749
0.104999
11.0429
33.9623
0.217565
31.0345
0.0394946
0.0991856
0.182024
0.292721
9.67742
26.9461
0.0280306
0.040816
2.5196
27.9503
0.8867
0.15122
2.44439
2.86451
0.0655033
8.93655
3.57143
0.160138
0.00966273
28.3286
0.866852
33.7838
0.209859
21.7391
0.617284
0.0392741
1.2809
0.326488
1.51561
0.0100966
26.8817
1.03284
0.840831
33.1126
11.7509
32.6797
30.9598
1.83756
8.06452
70.4225
0.101808
12.4533
22.6757
0.20447
34.7222
0.0419242
0.100406
0.207035
0.316078
14.1732
22.7273
0.0287274
0.0421011
2.79243
38.1356
0.981782
0.181884
2.66738
3.24465
0.0714561
12.3916
3.885
0.167006
0.00971973
40.1606
0.728491
41.3223
0.210846
23.2019
0.624883
0.0379465
1.31891
0.301595
1.82183
0.0100912
18.0832
0.983381
0.805672
35.9712
13.5135
39.6825
27.933
2.09205
6.34518
49.505
0.112878
10.0908
45.4545
0.214459
25.3807
0.0407957
0.10542
0.206811
0.363916
16.0714
29.1262
0.0282797
0.0418766
2.70758
45
0.877278
0.158147
2.76753
3.00702
0.0747468
10.2459
3.80518
0.174016
0.00956841
38.0228
0.433783
38.9105
0.207516
18.2482
0.569379
0.0404511
1.3421
0.36324
1.58781
0.0100194
32.5733
1.10351
0.825696
32.0513
19.4932
34.7222
30.6748
1.4941
7.72201
27.7008
0.100234
6.41026
41.3223
0.212008
29.2398
0.0423099
0.102287
0.196014
0.275583
14.8515
31.4685
0.0282136
0.0419811
1.93548
22.7273
0.842618
0.171621
2.25451
2.6938
0.072459
9.63391
4.53104
0.166152
0.00964397
35.7143
0.764
15.5521
0.216436
29.4118
0.592242
0.0396021
1.46113
0.332369
1.71939
0.0100029
22.1239
0.993937
0.900333
50.5051
9.62464
39.8406
28.4091
1.78955
7.61035
29.6736
0.100822
7.46826
35.8423
0.210252
27.6243
0.0409929
0.0946223
0.187516
0.300782
13.5747
31.8021
0.0260802
0.0374502
2.40602
24.0964
0.755216
0.140598
2.19901
2.77778
0.0674986
9.15565
4.6608
0.161577
0.0096948
49.4505
0.461515
18.595
0.23248
26.0116
0.630871
0.032322
1.1201
0.320182
1.27047
0.00986187
13.4128
0.897845
0.749251
20.2247
17.4757
22.2772
19.9115
1.74014
9.16497
8.30258
0.101051
6.13079
24.4565
0.198943
22.5564
0.0351329
0.0994839
0.181513
0.268664
15.534
24.024
0.0255543
0.0404513
2.72232
21.7918
0.911946
0.189358
2.04221
3.12717
0.0879783
10.5597
4.79386
0.181025
0.0097454
41.6667
0.835143
26.6667
0.232807
23.2019
0.617856
0.0411717
1.34318
0.317995
1.65125
0.0101757
28.2486
0.945626
0.805088
30.03
18.9036
32.0513
37.4532
1.59642
7.25163
35.2113
0.124725
7.89266
28.0112
0.215754
27.5482
0.0388577
0.11029
0.192856
0.343066
17.5781
23.4987
0.0287913
0.0416322
2.54958
34.0909
0.82478
0.170801
1.92308
2.83197
0.0726134
8.55513
3.65408
0.159286
0.00996969
32.5733
0.847314
22.6757
0.216151
25.974
0.674718
0.039131
1.1755
0.357654
1.72951
0.00993387
26.2467
1.15022
0.806257
23.8663
16.9205
23.9808
6.25391
1.7584
5.57724
19.4175
0.105957
6.86342
22.2222
0.21097
36.9004
0.0400013
0.105067
0.18128
0.302409
9.36524
28.3019
0.0268949
0.0413643
2.73723
24.3243
0.839239
0.171612
2.16763
3.2656
0.0788644
11.4213
2.8222
0.162499
0.00957832
38.2979
0.831878
25.3165
0.213411
25.4453
0.582072
0.0400872
1.33369
0.308052
1.42511
0.0100917
27.8552
0.942951
0.746659
27.3973
25.4453
64.1026
35.7143
1.68011
7.05716
33.7838
0.106334
6.12745
29.5858
0.213138
26.455
0.0402599
0.108676
0.186181
0.335545
19.4384
29.703
0.0275373
0.041814
2.63466
29.5082
0.884173
0.167473
2.74558
2.32618
0.0685855
11.3924
3.20171
0.158537
0.00982776
27.8638
0.805088
20.4918
0.178253
28.9855
0.663878
0.037732
1.28189
0.32041
1.83722
0.0100575
24.9377
1.1422
0.787588
30.8642
17.5747
35.3357
28.0112
1.88182
6.66667
26.9542
0.109961
7.89889
29.2398
0.215211
34.2466
0.0403608
0.100002
0.208194
0.315934
16.7598
27.439
0.0273647
0.0420321
2.8481
39.1304
0.983822
0.174138
2.8463
3.68701
0.0717887
11.0565
4.40098
0.159776
0.00974972
50.5618
0.740924
13.4048
0.193203
23.4192
0.636578
0.0375271
1.01358
0.326488
1.2577
0.00997698
17.0068
1.0686
0.906536
30.03
15.2672
29.9401
34.7222
1.62364
5.67537
31.6456
0.112577
9.12409
30.581
0.239998
21.8341
0.0409011
0.0995245
0.193753
0.283581
11.658
27.6074
0.0286946
0.0414531
1.95397
22.7273
1.03377
0.188501
2.45767
4.01786
0.0739378
11.1801
3.96983
0.163522
0.00984741
26.0417
0.720981
10.6952
0.178808
32.6797
0.715154
0.0379635
1.27959
0.370865
1.8352
0.0100397
23.6967
0.965065
0.724533
40.3226
18.0832
25.3165
34.2466
2.06356
7.4239
27.3224
0.120056
5.06329
28.49
0.226413
34.0136
0.0380017
0.111767
0.210768
0.312717
8.21918
36.1446
0.0282258
0.0416443
2.74307
18.4049
0.813449
0.162308
2.10723
3.12935
0.0796199
11.2641
3.54108
0.161841
0.00961723
37.3134
0.837802
34.7222
0.21268
27.8552
0.654707
0.0396942
1.31787
0.336598
1.8031
0.00999068
21.4133
1.0898
0.775916
37.3134
12.0627
31.6456
37.4532
1.87582
7.48503
33.0033
0.105672
8.64304
24.57
0.220853
32.1543
0.039906
0.109886
0.171553
0.301457
13.9104
30.5085
0.0282179
0.0398391
2.19673
28.481
0.96743
0.164411
2.47866
2.72397
0.0697496
9.6463
3.99113
0.170178
0.00975428
40.3226
0.95039
32.6797
0.222861
18.3486
0.581159
0.03722
1.17069
0.333801
1.51217
0.00992697
20.7469
1.1534
0.794407
27.4725
12.1212
29.4118
33.4448
2.05044
7.18907
23.6407
0.11346
4.74158
25.5754
0.22522
44.6429
0.0416292
0.101665
0.189809
0.289361
8.99101
52.0231
0.027461
0.0403352
2.48825
34.749
1.0142
0.188092
2.673
2.72645
0.0711772
10.4651
3.12609
0.165248
0.00984313
47.1698
0.510022
26.5957
0.203616
34.2466
0.619809
0.0365493
1.37571
0.341682
1.90985
0.0101512
28.6533
1.2054
0.926698
25.3807
16.3132
27.1739
45.2489
2.18341
7.81861
43.8596
0.108076
9.58773
30.1205
0.243321
26.8817
0.0400231
0.105365
0.195673
0.321222
20.7373
27.2727
0.0291126
0.0423278
2.40616
22.9885
0.672766
0.119065
2.25428
2.97885
0.0725847
9.95025
3.20821
0.17304
0.00973828
27.3224
0.831601
32.6797
0.218198
19.1571
0.550055
0.0390258
1.45033
0.349113
1.66889
0.0100052
30.7692
1.08719
0.962927
51.2821
21.978
36.1011
37.1747
1.8457
7.35835
41.4938
0.101
9.66184
26.0417
0.215281
26.0417
0.043315
0.100606
0.187352
0.293936
7.49625
18.7266
0.0277519
0.0377564
2.69542
30.6122
0.645069
0.114771
2.47389
2.73889
0.0648177
10.2623
2.95761
0.147808
0.00974447
7.70548
0.774527
17.3745
0.19173
23.4375
0.572811
0.0357161
1.15148
0.260749
1.61406
0.00983528
22.0049
0.887662
0.634473
18.8679
15.1515
22.4439
29.703
1.68256
5.80645
26.7062
0.0947329
7.35895
33.2103
0.196954
28.5714
0.0376476
0.0993271
0.17727
0.280794
4.79233
15.6794
0.0284063
0.0414292
2.85714
26.738
1.04373
0.171583
2.85551
3.39905
0.0738067
7.52445
4.45434
0.163808
0.00968181
34.8432
0.781311
26.3158
0.235521
27.3224
0.581159
0.0401682
1.23793
0.334806
1.86672
0.00993158
24.1546
1.11894
0.859993
30.303
18.7266
24.4499
27.3224
1.47645
7.26216
21.978
0.112652
9.4518
36.7647
0.225266
29.2398
0.0409871
0.101032
0.200839
0.329104
16.9205
44.843
0.0277138
0.0406113
2.99133
14.4509
0.92584
0.159755
2.61301
3.20205
0.074168
10.4275
3.24359
0.165202
0.00972514
42.9185
0.786535
40
0.216882
27.3224
0.596801
0.0390854
1.66528
0.341367
1.90259
0.0101513
9.38086
1.02627
0.867453
41.3223
19.6464
31.1526
24.2131
1.58153
15.5763
39.6825
0.105108
5.69476
26.3158
0.228284
25
0.0402088
0.100216
0.19281
0.293121
11.2867
24.57
0.0302956
0.0443645
2.76167
36.63
0.787154
0.156382
2.32937
3.09502
0.0723385
11.655
3.54233
0.156226
0.00965899
43.1034
0.872905
26.6667
0.202959
17.0358
0.591436
0.040197
1.46951
0.319458
1.68464
0.00995078
17.7936
1.22956
0.73185
31.9489
11.4155
37.1747
25.7069
1.77494
8.38223
33.1126
0.0988826
10.0806
11.8483
0.215054
25.9067
0.0440048
0.0995183
0.185292
0.275194
13.3869
26.2467
0.0274693
0.0404369
2.81136
24.4499
0.877578
0.123742
2.70416
3.4662
0.0689299
7.02247
3.33667
0.161368
0.00983062
39.2157
0.81646
15.674
0.205475
29.6053
0.648041
0.0384185
1.00716
0.315402
1.38037
0.00999161
16.6976
1.05845
0.776197
32.1429
18.1087
33.0882
18.9474
2.25394
9.17431
31.25
0.103389
8.17439
37.8151
0.220788
28.2132
0.0407015
0.10169
0.195438
0.296745
14.43
19.084
0.028094
0.0398922
2.94464
34.0136
0.865426
0.151842
2.31428
3.06091
0.0663636
13.3869
3.13676
0.154629
0.00982288
44.6429
0.840124
21.8341
0.217562
25
0.647082
0.0380506
1.33472
0.308907
1.69141
0.00989598
17.7515
1.09223
0.814627
27.8638
12.1294
43.0622
7.43187
1.81525
8.3877
26.087
0.103141
10.5018
31.1419
0.229188
27.5229
0.0401032
0.103681
0.191084
0.24841
13.3156
20.284
0.028994
0.0432115
2.68456
27.3224
0.848033
0.161002
2.4728
2.97885
0.072785
10.2145
4.12712
0.161684
0.00949028
32.2581
0.756315
46.0829
0.212359
21.0526
0.651508
0.0415586
1.29349
0.315577
1.43184
0.0101502
14.6628
0.928591
0.822639
27.8552
16.9205
60.241
39.6825
1.5748
7.12758
41.4938
0.0988077
10.5708
20.0803
0.199637
10.02
0.0430136
0.102147
0.190328
0.242002
12.21
28.9855
0.0279668
0.040757
2.91545
19.0476
0.959325
0.164222
2.36911
3.03951
0.0733794
11.7233
2.54518
0.163271
0.0096665
32.1543
0.800961
41.3223
0.205432
13.7931
0.682687
0.0392095
1.33404
0.346909
1.81686
0.010142
8.58369
1.06247
0.839701
43.1034
16.5289
37.7358
43.8596
1.95925
10.0301
32.0513
0.113593
9.25069
32.6797
0.227588
29.9401
0.0406086
0.0973921
0.178958
0.316078
14.5867
33.4572
0.0291434
0.0400834
2.51397
38.7931
1.0322
0.183227
2.57069
2.82566
0.0684885
12.1065
3.34448
0.163522
0.00988005
32.6797
0.697301
22.6757
0.237074
17.0068
0.620463
0.0389581
1.48478
0.321409
1.76616
0.00997259
24.2131
1.16401
0.959693
38.1679
21.322
34.4828
35.461
1.65125
8.31947
20.202
0.120437
10.3842
30.6748
0.228807
38.3142
0.0399477
0.10392
0.198456
0.355759
14.975
36
0.0286523
0.0428357
3.22696
37.5
0.849329
0.167043
2.46609
3.38524
0.072338
11.4286
3.47705
0.167777
0.00962543
20.1613
0.771069
29.2398
0.216924
23.8663
0.566283
0.0395307
1.43041
0.339812
1.61525
0.009997
12.8535
1.09433
0.862292
31.348
20.3252
44.2478
43.8596
1.79372
7.0373
25.1256
0.102879
7.47384
31.6456
0.217103
21.645
0.0420492
0.0980435
0.187305
0.284333
15.1007
27.6074
0.0301837
0.0430356
2.54094
41.6667
0.78747
0.151628
2.23314
3.02115
0.0720233
6.72948
3.367
0.168444
0.00973087
18.8679
0.820277
44.0529
0.224361
25.1889
0.56802
0.037705
1.52602
0.375545
1.72058
0.00990407
21.097
1.05619
0.813206
28.9855
20.4918
33.67
19.6464
2.20167
9.99001
40.8163
0.096493
11.0619
27.1739
0.218341
27.8552
0.0422981
0.0969943
0.182615
0.281118
11.6732
12.2283
0.0298265
0.0422054
2.93341
25.5102
0.898634
0.121684
2.23564
2.88351
0.0676014
11.4679
3.51
0.161964
0.00984181
18.8324
0.822707
55.8659
0.213579
20.5761
0.592522
0.0397587
1.36388
0.335211
1.87758
0.00996353
16.2338
1.11062
0.82447
22.1729
22.2222
48.7805
31.25
1.76554
6.66223
39.3701
0.105006
11.6009
27.7778
0.233732
40.9836
0.0432825
0.0985232
0.19253
0.309321
16.6359
23.6967
0.0294415
0.0416193
2.82406
23.8663
0.874585
0.121692
2.05381
3.41647
0.0661022
11.4286
4.11184
0.149869
0.00979401
17.1821
0.799872
33.1126
0.198515
23.4742
0.622549
0.0392181
1.32626
0.34559
1.85977
0.00989741
25.0627
1.04351
0.813868
17.8253
14.9254
24.2718
26.6667
1.78508
10.6157
29.1545
0.101384
11.7509
42.1941
0.237496
23.8095
0.0430381
0.101108
0.198702
0.282273
9.90099
41.4747
0.0270722
0.0387898
2.86041
32.6797
0.912659
0.158912
2.21386
3.67918
0.0682636
10.0301
2.35405
0.159243
0.00977288
19.3798
0.807689
33.557
0.196816
21.645
0.596979
0.0381298
1.0274
0.290257
1.47832
0.0101036
21.5827
0.782881
0.672445
32.1429
12.8205
23.1362
31.0345
1.80868
6.87023
26.1628
0.102486
11.5385
31.8021
0.221904
28.2132
0.0402607
0.10318
0.196507
0.303183
11.0429
17.3077
0.0285054
0.0413457
3.03849
31.6456
1.02449
0.165453
2.28781
3.47826
0.0721714
9.25926
3.85356
0.161538
0.0097049
37.7358
0.785361
22.9885
0.21
29.7619
0.625978
0.038658
1.39237
0.367742
1.49142
0.00991273
20.8768
1.20453
0.85778
31.25
13.3156
21.9298
25.7732
1.88679
10.0301
35.3357
0.111798
8.92857
28.0899
0.227894
25.5102
0.0412925
0.0990262
0.205616
0.316723
11.0159
33.2103
9.49206369702604
