o
23.6439
0.152382
0.177566
6.5269
103.774
1.23609
0.28463
3.21324
10.1857
0.134007
8.99471
0.337208
0.0496433
132.812
1.73416
99.1254
0.504025
80.3783
3.27175
0.0865512
2.26485
0.774682
7.30241
0.052928
76.7494
5.84795
4.53757
109.325
98.5507
121.864
79.4393
6.33737
28.8136
97.4212
0.305711
32.6923
86.514
0.81904
78.1609
0.0844504
0.305796
0.447112
0.477749
39.6635
133.065
0.150017
0.178918
6.59472
101.227
1.33809
0.279818
3.60026
10.3281
0.130307
25.8752
10.2041
0.3426
0.0494994
107.256
1.68434
75.7238
0.532548
78.341
3.20483
0.0870166
2.38329
0.734547
9.57207
0.0522632
42.7136
5.55011
4.93971
121.864
68.5484
101.19
96.3173
5.70757
27.9835
97.9827
0.310197
33.2031
100
0.795024
65.764
0.0852457
0.309107
0.492743
0.587963
29.3333
106.796
0.14755
0.179116
6.5269
139.241
1.33695
0.278711
3.48254
10.2502
0.129452
22.5464
8.5213
0.339908
0.0500055
127.82
1.70366
82.9268
0.511848
71.73
3.24582
0.0861787
2.41769
0.719988
8.70233
0.0524177
37.694
5.08525
4.52669
86.0759
76.9231
76.2332
63.4328
5.94822
27.5304
130.268
0.308804
30.303
76.5766
0.800056
68.6869
0.0851507
0.307217
0.517006
0.559815
41.9847
108.911
0.150206
0.176731
5.89602
121.324
1.22932
0.286655
3.37068
9.48396
0.133505
22.4719
9.49455
0.338248
0.0497719
92.3913
1.69011
117.647
0.512627
85
3.3481
0.0867148
2.51498
0.811069
9.86365
0.0529989
56.8562
5.55374
4.46546
120.141
48.9209
106.25
83.3333
6.21118
29.2599
114.478
0.308885
24.8902
93.4066
0.772288
77.4487
0.0844188
0.307371
0.452495
0.457977
40.1949
50.6912
0.149603
0.179813
6.10207
105.096
1.43435
0.278789
3.354
10.3448
0.127056
25.7771
9.84081
0.341102
0.0492068
125.461
1.60264
113.712
0.525844
77.9817
3.10304
0.0880797
2.53315
0.731214
7.26341
0.0518956
68.4105
5.27214
4.64354
63.3147
75.8929
87.4036
61.8182
5.83891
24.7994
82.7251
0.306831
27.2654
67.7291
0.780174
63.197
0.0850678
0.308489
0.510307
0.595281
43.4211
133.603
0.147634
0.180395
6.60925
122.677
1.3568
0.278728
3.42253
9.4205
0.124514
25.9542
9.4235
0.343757
0.0496586
145.923
1.65337
85.6423
0.513169
53.125
3.19099
0.0878256
2.38647
0.724638
8.84725
0.052082
74.7253
5.27132
5.0348
98.2659
73.5931
97.4212
75.388
6.1897
27.846
119.298
0.30838
29.9296
73.5931
0.783338
69.9588
0.0851604
0.307687
0.563968
0.540319
41.1985
125.475
0.146446
0.182589
6.70051
120
1.3573
0.27027
3.83721
9.83607
0.122024
25.6604
9.68661
0.341681
0.0495141
94.9721
1.67405
89.9471
0.525974
77.4487
3.20664
0.0880396
2.32447
0.694033
7.96813
0.0514294
62.5
5.39854
4.77729
79.0698
69.2464
74.5614
57.8231
5.85904
24.0113
89.4737
0.310863
28.3806
73.7527
0.783121
54.9273
0.0853591
0.310454
0.637373
0.672714
41.6667
113.014
0.146092
0.179209
6.53077
123.134
1.32488
0.29153
3.60105
9.97883
0.130422
25.2039
10.7493
0.342984
0.0491501
96.0452
1.65749
122.744
0.495302
96.3173
3.24273
0.0879305
2.44148
0.728473
8.61196
0.0526411
77.2727
5.39169
4.45551
114.094
84.788
114.094
89.0052
6.07468
26.835
94.4444
0.308604
31.3943
88.5417
0.759301
57.5296
0.0855021
0.30936
0.507037
0.526274
44.1176
133.065
0.149499
0.178963
6.66263
125.475
1.2313
0.282851
3.53774
10.1227
0.134194
20.2827
9.75754
0.339541
0.0494592
143.46
1.71018
105.263
0.489892
84.5771
3.4188
0.0862946
2.56604
0.830098
9.7254
0.0529228
84.1584
5.6366
4.64417
100.295
91.1528
55.9211
50.6706
6.10523
25.2039
119.298
0.307583
32.1361
102.719
0.809813
65.6371
0.0832799
0.305298
0.439321
0.473961
36.9128
125.475
0.146798
0.182352
6.64251
46.6761
1.43678
0.27628
3.51325
10.3319
0.12836
23.913
9.29316
0.340571
0.0495449
160.976
1.64116
95.7746
0.519433
79.6253
3.22703
0.0868743
2.47922
0.704007
8.71125
0.0519126
81.5348
5.44174
4.87875
73.5931
78.8863
81.3397
74.8899
6.30564
27.4194
103.659
0.307787
32.3194
92.3913
0.791747
58.0205
0.0840223
0.307896
0.509189
0.533411
39.759
113.793
0.147593
0.179204
6.62651
122.677
1.27325
0.272145
3.55872
9.64067
0.132828
22.541
9.43936
0.338344
0.0495332
118.28
1.73567
109.325
0.50648
88.7728
3.32161
0.0864027
2.60596
0.782167
9.15209
0.0523062
50.3704
5.43913
4.36177
76.7494
66.6667
71.5789
72.8051
5.95551
27.7778
92.6431
0.308339
30.0353
78.8863
0.804924
62.8466
0.0847897
0.308279
0.443697
0.51699
38.2831
118.28
0.146284
0.18235
6.33033
110.738
1.46128
0.284534
3.41156
10.2708
0.124699
24.0175
9.80392
0.340466
0.04973
117.857
1.75944
104.615
0.514917
71.2788
3.17757
0.0880624
2.42407
0.716031
8.60977
0.0518899
67.3267
5.19639
4.7255
97.4212
43.0925
76.0626
77.0975
6.13608
27.7551
85.6423
0.310539
31.2213
97.4212
0.777001
65.2591
0.0842199
0.309754
0.549067
0.572907
43.0809
117.021
0.14639
0.181727
6.28093
113.793
1.32743
0.26928
3.56795
10.3254
0.130403
25.2294
10.4583
0.342524
0.0492141
103.343
1.60559
91.6442
0.506163
84.5771
3.10078
0.0869739
2.39825
0.707493
9.17679
0.0518159
63.4328
4.914
4.91685
55.6465
75.8929
80.1887
85.4271
6.00601
21.6975
94.9721
0.308097
29.6684
75.0552
0.763239
35.4536
0.0850272
0.307517
0.556061
0.590234
41.4573
130.952
0.147116
0.179294
6.68422
121.771
1.3061
0.277073
3.63797
8.69107
0.135405
20.4588
9.37672
0.340109
0.0496588
126.394
1.73346
111.842
0.49635
75.388
3.30965
0.086907
2.35865
0.751315
7.72201
0.0527818
41.0133
5.14061
4.76658
86.0759
77.4487
82.9268
85
6.10084
29.3863
94.1828
0.306506
20.9877
87.6289
0.810547
47.4198
0.0838381
0.307303
0.479359
0.472238
40
109.272
0.15022
0.177976
6.46805
117.021
1.41364
0.293707
3.26151
10.0579
0.13176
23.9826
9.30626
0.341612
0.0492526
107.256
1.7094
90.6667
0.489314
89.9471
3.28027
0.0878412
2.42114
0.77122
9.25422
0.0526395
75.8929
5.60316
4.56131
119.298
75.5556
107.595
103.03
5.86409
30.6583
110.39
0.310287
30.9372
97.9827
0.781807
49.5627
0.0844757
0.308017
0.422936
0.495213
39.0533
120.438
0.149212
0.179889
6.0197
113.402
1.29179
0.285942
3.5983
8.69107
0.131324
22.4796
9.09843
0.336737
0.0495376
108.28
1.69924
85.6423
0.486235
89.7098
3.31029
0.0863689
2.47093
0.758573
8.50425
0.0526463
75.5556
5.76858
4.27458
104.938
92.6431
106.918
78.8863
6.42601
30.4387
130.268
0.308103
32.8185
96.0452
0.821078
67.1937
0.0835708
0.308066
0.480545
0.494604
41.0448
125
0.150867
0.177567
6.59042
116.838
1.2806
0.277667
3.41434
10.2133
0.13588
22.7425
8.67568
0.340856
0.0496704
120.567
1.6786
73.2759
0.505246
81.9277
3.31384
0.0863777
2.66876
0.770835
8.28057
0.0532965
41.8719
5.64035
4.39276
76.4045
84.3672
82.7251
85.6423
5.55737
27.8005
125.926
0.308198
24.6555
76.9231
0.812853
48.6409
0.0840687
0.305372
0.430781
0.537346
38.5488
107.937
0.148602
0.176799
6.38738
107.256
1.30438
0.270167
3.31934
9.43658
0.13515
20.2985
9.80958
0.339993
0.049769
113.333
1.69424
98.2659
0.503816
80.9524
3.32616
0.0864803
2.54491
0.771763
8.62069
0.0534136
86.2944
4.94977
5.04901
106.25
86.9565
108.28
81.1456
6.04015
25.974
90.6667
0.307337
30.5206
76.9231
0.790753
45.6376
0.0850198
0.30738
0.472035
0.487602
38.1594
133.333
0.146626
0.179392
6.47989
111.111
1.28544
0.267949
4.09244
10.1281
0.133138
25.7576
10.5886
0.343102
0.0495905
127.341
1.68894
91.8919
0.503212
70.5394
3.20876
0.0877501
2.30368
0.713971
7.59437
0.0526016
50.5201
5.26723
4.81791
75.7238
77.9817
89.2388
70.9812
6.08883
25.4682
90.4255
0.307578
26.0936
72.3404
0.780318
36.7568
0.0862006
0.307555
0.528651
0.568172
39.0805
118.881
0.150919
0.178273
5.86409
114.865
1.30049
0.284826
3.37268
9.90099
0.132981
20.9489
8.82658
0.336098
0.0496829
128.302
1.7157
104.938
0.511232
71.2788
3.17876
0.0867579
2.57186
0.775265
9.18919
0.0530619
80.1887
5.55556
4.80633
112.957
94.1828
94.7075
83.9506
5.88847
24.8902
122.744
0.309021
32.4427
81.3397
0.804829
61.0413
0.0844768
0.306931
0.467926
0.472022
36.4026
113.712
0.146521
0.179166
6.36704
130.769
1.426
0.278997
3.86495
10.1493
0.131188
23.5457
10.388
0.34625
0.0495301
160.377
1.73178
86.9565
0.502179
85.4271
3.19549
0.0873688
2.50756
0.698625
8.81286
0.0529332
74.7253
4.89984
4.87665
92.6431
46.832
77.9817
41.8204
6.218
26.835
102.102
0.307271
25.4111
83.7438
0.767928
59.754
0.0858796
0.308342
0.48391
0.553755
41.2121
108.28
0.149234
0.177893
6.50593
100
1.33005
0.287543
3.52514
10.6416
0.128326
23.4807
9.79827
0.338895
0.049349
118.056
1.69373
105.263
0.493311
72.8051
3.26735
0.0879844
2.4508
0.752629
9.2947
0.0527102
75.0552
5.55465
4.6916
101.19
75.8929
79.0698
81.9277
5.99859
28.2627
96.3173
0.306911
32.2275
82.5243
0.7943
67.8643
0.0862389
0.308158
0.500177
0.541945
41.4634
101.19
0.152512
0.176346
6.52216
124.088
1.27762
0.277669
3.54906
10.098
0.135203
24.945
10.2968
0.338511
0.0493293
107.937
1.66056
97.4212
0.491216
80
3.30065
0.0872878
2.71197
0.789413
10.3312
0.0533345
87.8553
5.92128
4.65307
88.3117
92.1409
86.2944
90.4255
5.99225
28.7162
120.996
0.305819
33.5968
95.7746
0.81328
60.9319
0.0855516
0.307807
0.445114
0.524635
34.8361
107.256
0.149389
0.177978
6.63933
100.89
1.32244
0.282226
3.87376
9.47867
0.134082
22.0065
9.34323
0.341047
0.0492348
132.812
1.66121
86.0759
0.521568
62.5
3.21635
0.08809
2.28864
0.716967
9.04737
0.0520478
74.5614
5.66289
4.88365
104.294
71.4286
80.5687
64.0301
5.46097
23.1766
87.4036
0.309673
27.2654
73.4341
0.779673
39.261
0.0871819
0.305969
0.518799
0.527811
29.9033
112.957
0.146077
0.177963
5.74413
112.583
1.29096
0.269739
4.01749
10.0771
0.132047
24.6377
9.629
0.340306
0.0495374
115.254
1.73143
87.1795
0.512743
80.3783
3.28725
0.0872663
2.40555
0.71158
7.76433
0.0524937
72.1868
5.29348
4.79616
50.8982
78.341
81.9277
45.3333
5.72583
25.8555
106.583
0.308807
23.7264
68
0.784658
61.8182
0.0864288
0.308377
0.53443
0.523693
37.931
105.096
0.152006
0.175947
6.16822
105.431
1.34574
0.287274
3.69364
9.30997
0.135195
25.5639
9.3819
0.339969
0.0492686
114.865
1.68785
103.03
0.469737
63.4328
3.24026
0.086845
2.63382
0.787456
9.22159
0.0534428
81.3397
5.73259
4.93326
124.088
105.263
101.19
100.89
6.34802
29.0102
117.647
0.308576
31.107
105.919
0.814586
41.6667
0.0858959
0.308521
0.406209
0.53635
37.037
107.143
0.152237
0.175197
6.39535
120
1.38341
0.280528
3.51748
10.2317
0.138136
21.0396
9.65909
0.340938
0.0492109
145.923
1.72458
71.4286
0.514115
50.2216
3.21391
0.087222
2.56701
0.765662
9.27188
0.0532682
74.3982
5.3392
4.06699
95.7746
90.6667
98.5507
88.5417
6.18857
29.7203
103.343
0.306903
33.4646
89.7098
0.807313
73.4341
0.0844579
0.306931
0.401348
0.49
39.9033
112.245
0.152942
0.177571
6.53207
95.6522
1.31469
0.272205
3.43504
10.388
0.134922
23.1608
9.65361
0.34075
0.0496668
123.636
1.79818
85.213
0.502966
83.3333
3.28725
0.087734
2.43031
0.792448
9.00185
0.052823
81.1456
5.50518
4.7486
89.2388
88.7728
91.6442
89.7098
6.16165
21.3836
101.796
0.307816
29.5909
95.7746
0.819494
33.6634
0.0852158
0.308443
0.471833
0.479296
37.6712
107.492
0.152525
0.177294
6.51591
100.89
1.2892
0.278695
3.46797
8.6426
0.133453
24.5487
10.3849
0.340031
0.0497275
136
1.77955
87.4036
0.52014
87.4036
3.24955
0.0867274
2.583
0.773044
8.88192
0.0526317
67.3267
5.22916
4.66264
104.938
84.3672
101.796
92.1409
6.14717
29.5652
90.1857
0.309522
32.197
95.7746
0.804068
40.0943
0.0836856
0.307483
0.472603
0.484866
39.521
114.865
0.150943
0.179294
6.47989
121.864
1.3568
0.286145
3.57443
10.2471
0.1343
25.1293
9.96191
0.342828
0.0497395
122.744
1.77176
100
0.496619
93.6639
3.17668
0.0870422
2.56759
0.732932
8.36614
0.0533066
67.3267
5.39511
4.77126
101.19
80.5687
95.7746
83.9506
5.9503
26.7296
101.19
0.308454
30.7414
100.592
0.802208
66.6667
0.0848181
0.306714
0.463841
0.477832
40.3917
104.43
0.148267
0.178491
6.65492
137.652
1.26927
0.29268
3.53541
10.1371
0.130176
24.5487
10.198
0.337536
0.0494323
139.918
1.70341
105.919
0.526552
69.9588
3.17283
0.087198
2.38898
0.716016
8.13787
0.0523482
66.2768
5.50162
4.8009
92.3913
39.8593
40.1417
50.0736
6.19872
23.0978
60.7143
0.307343
29.4627
75.0552
0.822388
44.7958
0.0854586
0.307397
0.500432
0.544079
37.844
117.857
0.14629
0.180223
6.47694
120.141
1.28642
0.29302
4.21053
10.1614
0.126065
24.5842
9.80392
0.34239
0.0496319
123.188
1.70949
108.974
0.511778
84.5771
3.32096
0.0869356
2.40623
0.700872
9.1104
0.0517603
39.0805
4.87805
4.77461
89.9471
72.4947
64.5161
65.3846
5.98065
25.9344
82.5243
0.310232
29.4118
80.1887
0.789578
59.5447
0.0862682
0.307203
0.551803
0.570855
42.8571
118.705
30.2343812724306
