o
0.13167
0.120315
0.131974
0.144446
0.16001
0.168424
0.153662
0.156735
0.163999
0.139653
0.168543
0.0488892
0.150802
0.0627677
0.0554545
0.168367
0.165218
0.168731
0.15706
0.169538
0.158388
0.174022
0
0.132979
0.125455
0
0.126771
0.0556189
0.133806
0.12356
0.13071
0.131605
0.0791593
0.121333
0.132459
0.00290345
0.131679
0.101497
0.110008
0.111898
0.133058
0.135538
0.129504
0.137537
0.131627
0.0478515
0.137038
0.126815
0.131324
0.129546
0.120504
0.128845
0.113459
0.132798
0.1354
0.125597
0.132622
0.13187
0.126267
0.13574
0.0330907
0.123881
0.122459
0.0392484
0.133891
0.130094
0.135323
0.122553
0.129756
0.12721
0.131372
0
0.0677886
0.129647
0
0.0891822
0.0518547
0.100939
0.0941738
0.122193
0.140252
0.0886446
0.125624
0.132083
0
0.133743
0.100525
0.104406
0.109993
0.134739
0.127332
0.129938
0.126163
0.130052
0.116208
0.0398724
0.138222
0.137122
0.131774
0.131497
0.102952
0.132547
0.132289
0.163645
0.170928
0.158841
0.161933
0.161389
0.145433
0.163127
0.0472411
0.147562
0.0558184
0.0533954
0.157441
0.173046
0.165333
0.155024
0.153398
0.14104
0.163811
0.00131224
0.122557
0.128783
0
0.121194
0.0552425
0.138284
0.12809
0.131948
0.129723
0.0838258
0.124945
0.133994
0.00425922
0.135602
0.110914
0.111321
0.0980921
0.131852
0.137974
0.139441
0.136724
0.133333
0.137518
0.0451253
0.134269
0.13488
0.158619
0.15305
0.119821
0.127885
0.118399
0.135304
0.131165
0.127307
0.128086
0.131242
0.120952
0.131826
0.033248
0.126314
0.127775
0.046049
0.136152
0.131419
0.137537
0.120366
0.137019
0.122778
0.132148
0
0.0679429
0.127636
0
0.0864055
0.0486697
0.0982833
0.128123
0.129366
0.129488
0.0672529
0.131096
0.131139
0
0.128957
0.110081
0.108061
0.111
0.133302
0.128754
0.139465
0.131186
0.135727
0.125141
0.042527
0.131791
0.129752
0.128887
0.125956
0.121851
0.130959
0.122272
0.164609
0.160097
0.157724
0.162655
0.163865
0.151094
0.173232
0.0505551
0.152286
0.0641962
0.0564595
0.158328
0.158786
0.158977
0.15922
0.164344
0.158043
0.162941
0.00124557
0.127417
0.11604
0
0.116604
0.0577109
0.126446
0.120653
0.1287
0.130536
0.090629
0.130536
0.131165
0.0029535
0.128704
0.105438
0.108545
0.102912
0.13365
0.137523
0.134318
0.128082
0.137353
0.134197
0.0465484
0.138303
0.130753
0.120591
0.135405
0.122152
0.134026
0.108749
0.134224
0.137751
0.130967
0.131735
0.129437
0.113511
0.136916
0.0338954
0.124669
0.109586
0.0369553
0.132948
0.127934
0.127849
0.124583
0.128329
0.124576
0.13701
0
0.0689026
0.124805
0
0.0763767
0.0538474
0.0933852
0.0970811
0.101379
0.134875
0.0880398
0.12702
0.135437
0
0.134513
0.0991842
0.0931771
0.109577
0.136319
0.131566
0.134427
0.130429
0.136715
0.12751
0.0403181
0.134188
0.132057
0.123583
0.137485
0.0672194
0.0951475
0.0887915
0.102424
0.139475
0.131384
0.131311
0.140071
0.117523
0.111483
0.0350116
0.121573
0.0491392
0.0400384
0.126358
0.130064
0.136249
0.128086
0.123442
0.122617
0.139319
0
0.128037
0.0943189
0
0.0965779
0.0489077
0.100063
0.0941767
0.0971314
0.100742
0.0537076
0.095645
0.0977517
0.00175498
0.0958283
0.0826014
0.0767362
0.0811447
0.103427
0.102638
0.0964072
0.0974437
0.0988403
0.102414
0.035868
0.0983897
0.0968804
0.090231
0.100338
0.117761
0.124934
0.115754
0.137504
0.134242
0.128688
0.133284
0.133793
0.123248
0.135003
0.0368633
0.129061
0.116435
0.0442943
0.130715
0.131285
0.132022
0.129904
0.134354
0.129752
0.136888
0
0.0682734
0.12661
0
0.116438
0.0649182
0.132227
0.116915
0.122933
0.130031
0.0961705
0.153275
0.161296
0
0.160555
0.0795371
0.0977589
0.120605
0.140184
0.133538
0.135589
0.12694
0.130336
0.116843
0.0445261
0.135934
0.127097
0.123062
0.132022
0.122684
0.131238
0.115831
0.132402
0.132727
0.132688
0.133156
0.166428
0.152013
0.166378
0.0578041
0.144325
0.125396
0.0571357
0.164663
0.172105
0.173986
0.157386
0.152588
0.15746
0.167791
0.0013204
0.131761
0.123755
0
0.121407
0.0642467
0.136729
0.119421
0.125419
0.139019
0.0880146
0.127608
0.13421
0.00276633
0.130899
0.0920832
0.104578
0.109812
0.135108
0.137803
0.131765
0.127
0.131259
0.130997
0.0466097
0.132301
0.13267
0.132258
0.134021
0.123522
0.138074
0.111595
0.139816
0.135039
0.128119
0.133775
0.13316
0.116615
0.135953
0.0350496
0.125251
0.11202
0.0424556
0.130124
0.137278
0.139743
0.120228
0.129132
0.132363
0.131475
0
0.0715858
0.131367
0
0.0796538
0.0513224
0.0997241
0.0951988
0.0893682
0.102194
0.0699676
0.0984026
0.102003
0
0.0936096
0.101711
0.0995818
0.111142
0.133129
0.128535
0.136078
0.124432
0.140751
0.118399
0.041748
0.129857
0.134147
0.128353
0.129811
0.125023
0.136328
0.11223
0.12966
0.132153
0.125274
0.133019
0.128254
0.137397
0.168623
0.0566117
0.153233
0.124918
0.0546018
0.166744
0.160545
0.175003
0.154564
0.164783
0.149862
0.174259
0.00141513
0.122699
0.129824
0
0.1167
0.0551656
0.129182
0.122688
0.129517
0.128754
0.102472
0.130809
0.131019
0.00282231
0.136925
0.0965135
0.102491
0.106346
0.134107
0.133289
0.130357
0.122104
0.136068
0.140494
0.0474321
0.129571
0.131122
0.133231
0.135731
0.119367
0.133293
0.118434
0.130971
0.124926
0.127267
0.131406
0.131774
0.120001
0.137481
0.0397192
0.126111
0.120091
0.0414126
0.132525
0.128452
0.136677
0.126566
0.126107
0.125149
0.137537
0
0.0694613
0.121319
0
0.121212
0.0604842
0.132674
0.120999
0.127796
0.133054
0.0553557
0.0979688
0.100718
0
0.0975673
0.0757155
0.106471
0.11139
0.138475
0.13777
0.137278
0.12667
0.135985
0.116945
0.041327
0.131049
0.129232
0.124984
0.13836
0.12789
0.125743
0.115955
0.127804
0.140573
0.156981
0.168532
0.164968
0.151575
0.165733
0.0565848
0.153487
0.121481
0.0588152
0.159276
0.171762
0.165431
0.158599
0.152616
0.150789
0.162845
0.00128989
0.127502
0.13138
0
0.116397
0.0652422
0.131796
0.118424
0.133569
0.134608
0.0899281
0.125597
0.136542
0.00278877
0.130792
0.0966324
0.103373
0.116482
0.129731
0.130565
0.131865
0.130553
0.136598
0.136412
0.0460851
0.137311
0.123346
0.133271
0.134599
0.121124
0.12818
0.11931
0.137979
0.140208
0.130706
0.136463
0.134766
0.123183
0.136589
0.0380518
0.131441
0.118308
0.0450303
0.132157
0.130852
0.133076
0.127612
0.132135
0.120857
0.132679
0
0.0715039
0.123009
0
0.108764
0.044018
0.100234
0.0945984
0.0967367
0.0960369
0.0644773
0.128139
0.131328
0
0.129735
0.0911099
0.0909835
0.120901
0.128601
0.134935
0.136733
0.131822
0.140248
0.121658
0.0430533
0.133218
0.133116
0.127324
0.124243
0.120265
0.127751
0.120671
0.127934
0.128102
0.12299
0.168845
0.161015
0.154173
0.172123
0.0556483
0.145362
0.124977
0.0544645
0.161697
0.174624
0.166728
0.162824
0.160436
0.142122
0.169239
0.0013123
0.12782
0.127926
0
0.123923
0.0667011
0.13709
0.118701
0.124934
0.13498
0.0907173
0.132437
0.133182
0.0027582
0.130246
0.0961816
0.107793
0.114685
0.134336
0.134862
0.133932
0.127624
0.131514
0.129345
0.0512518
0.135149
0.128193
0.133864
0.130587
0.124541
0.128135
0.115691
0.14752
0.143323
0.128041
0.127898
0.137443
0.116381
0.130822
0.0380934
0.127796
0.118712
0.0444055
0.13563
0.133134
0.132789
0.129959
0.132113
0.12564
0.136598
0
0.0706115
0.125412
0
0.11539
0.0479632
0.0987167
0.0838364
0.0964568
0.0963236
0.0656886
0.0972952
0.132468
0
0.138164
0.0941176
0.0978282
0.120008
0.131402
0.129132
0.132657
0.132026
0.124883
0.131281
0.0431383
0.126602
0.136935
0.129303
0.13386
0.0929714
0.102631
0.115644
0.135833
0.13193
0.125415
0.138203
0.135167
0.114758
0.142806
0.0535267
0.126707
0.112692
0.0345838
0.13758
0.132639
0.127718
0.129186
0.132315
0.128995
0.123031
0.00142659
0.124965
0.129955
0
0.0847577
0.0536356
0.102491
0.09243
0.0973836
0.100408
0.0715444
0.0923446
0.0988533
0
0.103552
0.081237
0.0859008
0.0868608
0.101916
0.105119
0.100779
0.094509
0.0990786
0.0981515
0.042503
0.133632
0.124204
0.129955
0.139368
0.120562
0.131191
0.120052
0.138538
0.133717
0.123419
0.132389
0.129291
0.120402
0.13071
0.0696342
0.128704
0.119553
0.0743633
0.125353
0.134057
0.13468
0.129752
0.134626
0.128234
0.16116
0.00274769
0.150512
0.127049
0
0.13681
0.0717525
0.167718
0.155337
0.161088
0.171427
0.0707714
0.126088
0.132807
0
0.126743
0.0970709
0.0964622
0.119261
0.134336
0.142842
0.137282
0.136041
0.136963
0.127004
0.0474592
0.142806
0.138437
0.129504
0.131852
0.0948317
0.0961569
0.109803
0.132022
0.135561
0.128667
0.130459
0.130706
0.117782
0.135883
0.0457776
0.120366
0.0920556
0.0356862
0.133909
0.132626
0.138432
0.129509
0.136091
0.129178
0.132113
0.00169594
0.131596
0.121614
0
0.0923105
0.0466672
0.101051
0.0948677
0.0955901
0.0973015
0.069834
0.07206
0.0959969
0
0.10059
0.0829233
0.0430651
0.0817416
0.100631
0.102592
0.0985416
0.0972605
0.103986
0.0984575
0.040099
0.130047
0.132859
0.133125
0.13249
0.116649
0.131195
0.125192
0.133063
0.132683
0.12839
0.137746
0.133534
0.123583
0.135094
0.0756372
0.133476
0.119446
0.0808767
0.138706
0.132983
0.132829
0.131057
0.127996
0.115821
0.132231
0.00288674
0.146143
0.123369
0
0.151731
0.057291
0.134152
0.116693
0.129492
0.13301
0.0796384
0.127008
0.128617
0
0.133462
0.0956366
0.106641
0.109821
0.135561
0.138658
0.139899
0.130924
0.131359
0.126498
0.0472132
0.128655
0.132935
0.133476
0.131156
0.12715
0.137325
0.11084
0.137969
0.131234
0.130191
0.137396
0.139621
0.122669
0.132917
0.0446204
0.121814
0.111334
0.0347636
0.131062
0.123327
0.131952
0.123503
0.135387
0.123981
0.129249
0
0.066931
0.116795
0
0.0766401
0.0504092
0.0995058
0.097292
0.0945597
0.0983865
0.0680982
0.0952653
0.0980136
0
0.102435
0.0853849
0.0864952
0.0853874
0.104884
0.100553
0.100043
0.0973425
0.100577
0.0956145
0.0413886
0.128407
0.12979
0.134834
0.14581
0.124289
0.135639
0.124486
0.135717
0.132824
0.12253
0.133967
0.132031
0.121858
0.139358
0.0761528
0.127628
0.119154
0.0821355
0.129517
0.136226
0.1386
0.126251
0.159602
0.153875
0.162655
0.00273127
0.152309
0.128833
0
0.143029
0.0578503
0.12789
0.122703
0.129274
0.126135
0.0847529
0.130993
0.128209
0
0.128621
0.0989266
0.103648
0.117595
0.136263
0.13458
0.133276
0.127914
0.127881
0.131229
0.048889
0.137363
0.136249
0.133927
0.138793
0.0963608
0.130204
0.105583
0.134152
0.132218
0.12527
0.131709
0.134179
0.119782
0.130149
0.0531491
0.129007
0.119414
0.0357098
0.131739
0.131761
0.137301
0.127665
0.129689
0.123415
0.130314
0.00149834
0.129727
0.127971
0
0.098174
0.0504456
0.0955871
0.0960184
0.10021
0.099108
0.0719131
0.0985416
0.094038
0
0.09802
0.0868458
0.0893203
0.0913826
0.106
0.098422
0.104551
0.0955262
0.0968617
0.0970622
0.0405552
0.138562
0.133063
0.130501
0.133766
0.120934
0.130775
0.0658935
0.128025
0.133249
0.126952
0.132083
0.139782
0.121658
0.147422
0.0716628
0.122496
0.113324
0.0770075
0.137979
0.131861
0.135213
0.131376
0.13308
0.156912
0.171104
0.00335519
0.119303
0.125853
0
0.112619
0.0660578
0.12982
0.120941
0.123248
0.129664
0.0799424
0.131441
0.141945
0
0.128833
0.0896138
0.0958222
0.108328
0.12892
0.126302
0.134287
0.124316
0.12937
0.131475
0.0384941
0.13732
0.130412
0.134694
0.132477
0.123369
0.132895
0.136281
0.172271
0.16088
0.154727
0.17019
0.168623
0.141981
0.167213
0.0513131
0.15444
0.0521322
0.0572541
0.161676
0.159068
0.159124
0.154641
0.160318
0.149781
0.17407
0
0.134318
0.128403
0
0.1283
0.0556143
0.132886
0.127714
0.131917
0.132092
0.0836085
0.130753
0.136542
0.00286639
0.133338
0.104515
0.104899
0.100551
0.135515
0.12971
0.131744
0.133923
0.119378
0.131087
0.0467361
0.173732
0.16022
0.174052
0.1631
0.127024
0.132446
0.112982
0.135017
0.130086
0.126334
0.13873
0.130954
0.117994
0.130115
0.032329
0.125192
0.114132
0.0427991
0.137047
0.1318
0.132367
0.126606
0.129651
0.123107
0.138408
0
0.0677392
0.120428
0
0.0774273
0.0704139
0.135327
0.127885
0.124754
0.130916
0.0648372
0.130467
0.136426
0
0.127665
0.0958474
0.0918569
0.112401
0.134935
0.137604
0.13365
0.127466
0.133882
0.126534
0.040818
0.128916
0.131182
0.1318
0.134599
0.0913437
0.0989446
0.10898
0.128717
0.134048
0.121603
0.13224
0.131774
0.118008
0.129946
0.0331741
0.124386
0.0961415
0.0414297
0.133981
0.142131
0.124166
0.128333
0.13104
0.12232
0.135939
0
0.128659
0.0936593
0
0.0938057
0.0468779
0.0987849
0.0991408
0.0994728
0.101681
0.0606367
0.101368
0.0985837
0
0.101368
0.0847003
0.0355147
0.0838879
0.101082
0.0997606
0.101836
0.0948527
0.100577
0.0977231
0.0352158
0.101788
0.125545
0.126223
0.130014
0.118032
0.137637
0.119883
0.12147
0.130971
0.12789
0.131445
0.12865
0.124899
0.135708
0.0480371
0.120948
0.124336
0.0815711
0.139577
0.136468
0.137198
0.127243
0.132131
0.123464
0.138384
0
0.0687262
0.127543
0
0.113318
0.0483465
0.131891
0.121459
0.0434721
0.134093
0.0710252
0.135378
0.132807
0
0.130064
0.099985
0.106208
0.118828
0.135833
0.130839
0.131952
0.120974
0.130933
0.118071
0.044958
0.136254
0.133909
0.12958
0.132727
0.120315
0.139894
0.139059
0.175574
0.171963
0.156055
0.171104
0.167678
0.093201
0.128345
0.052815
0.117261
0.121102
0.035104
0.135478
0.134935
0.133703
0.12564
0.127506
0.126566
0.136328
0.00165742
0.130591
0.122929
0
0.122748
0.0554001
0.142258
0.12602
0.129191
0.134889
0.0895616
0.106989
0.138274
0.00224661
0.13249
0.100063
0.0699753
0.107709
0.144535
0.137452
0.131307
0.1278
0.132385
0.127649
0.0481274
0.169228
0.1604
0.163607
0.164989
0.116567
0.137736
0.119016
0.131216
0.141753
0.12602
0.137941
0.14081
0.118357
0.129421
0.0651307
0.120153
0.117374
0.0675231
0.13282
0.136696
0.13177
0.126155
0.129107
0.123904
0.135387
0.0014769
0.125251
0.118677
0
0.147916
0.064995
0.158053
0.1418
0.156035
0.172789
0.0710606
0.125396
0.140012
0
0.133147
0.0898553
0.100093
0.106883
0.136096
0.132039
0.135158
0.133752
0.133976
0.129066
0.0427355
0.137466
0.128924
0.126775
0.132066
0.120515
0.128642
0.144101
0.159104
0.168503
0.152989
0.168799
0.176572
0.147033
0.166058
0.0475986
0.147925
0.0494658
0.0555586
0.163393
0.167527
0.156937
0.143021
0.160818
0.155492
0.163913
0.00259057
0.125798
0.123678
0
0.120809
0.0567239
0.12387
0.12279
0.135108
0.129719
0.085942
0.132762
0.131978
0.00433721
0.131109
0.106423
0.114946
0.113695
0.134278
0.135245
0.136883
0.13301
0.135336
0.130727
0.0524417
0.168169
0.164804
0.161875
0.163399
0.119983
0.130149
0.119875
0.125778
0.138538
0.120624
0.127441
0.140771
0.123403
0.131376
0.0341834
0.130655
0.117502
0.0482015
0.134174
0.139193
0.135465
0.122639
0.131549
0.127612
0.13725
0
0.0692149
0.118413
0
0.101592
0.0696124
0.126235
0.122425
0.124116
0.133914
0.0618917
0.130553
0.128791
0
0.129984
0.101261
0.0946253
0.110162
0.131705
0.138653
0.140469
0.128357
0.132679
0.126123
0.04108
0.134798
0.131117
0.130663
0.131531
0.123358
0.13563
0.125604
0.135126
0.140994
0.129454
0.129224
0.131156
0.123415
0.135263
0.0905182
0.121806
0.115587
0.0869565
0.126394
0.130476
0.131883
0.128962
0.138036
0.126646
0.134685
0.0028715
0.115161
0.125392
0
0.110269
0.0651392
0.127689
0.120707
0.1287
0.134021
0.0889185
0.129241
0.132004
0
0.127616
0.0912721
0.101786
0.11442
0.139631
0.134161
0.129605
0.126634
0.1339
0.120671
0.0553159
0.137029
0.130976
0.130293
0.129099
0.101273
0.0997805
0.110886
0.130903
0.129773
0.119058
0.127975
0.134894
0.117737
0.12851
0.0467061
0.12262
0.0994365
0.0343436
0.130685
0.133107
0.133779
0.123009
0.13017
0.126378
0.134246
0.00163122
0.133587
0.102606
0
0.0944228
0.0463149
0.0998469
0.0926612
0.0974279
0.0991506
0.0634679
0.0765423
0.09999
0.00133971
0.0987232
0.0776297
0.0654365
0.0898876
0.0987004
0.0972889
0.101906
0.0954198
0.102951
0.0955079
0.0394096
0.133743
0.13009
0.126912
0.132507
0.117768
0.133784
0.118144
0.131156
0.137443
0.127008
0.133298
0.131713
0.117271
0.13581
0.0733703
0.130663
0.116296
0.0720448
0.135515
0.126984
0.130518
0.127502
0.141598
0.124797
0.136036
0.00150012
0.114553
0.119158
0
0.141439
0.0684126
0.155463
0.145964
0.158489
0.167915
0.0930475
0.15749
0.161249
0.00133689
0.166063
0.082573
0.0943775
0.118424
0.125656
0.127226
0.132297
0.127694
0.136198
0.132573
0.0453422
0.139198
0.131143
0.129883
0.13678
0.0941915
0.101581
0.116245
0.132118
0.139208
0.131787
0.127174
0.136939
0.125514
0.140203
0.033913
0.118189
0.0925126
0.0453124
0.126554
0.132551
0.130621
0.128469
0.134948
0.133001
0.139053
0
0.121146
0.101348
0
0.0925298
0.0444899
0.0983865
0.0924898
0.0988696
0.104435
0.0530579
0.101909
0.101105
0
0.104084
0.08615
0.0349203
0.0855969
0.0970246
0.10348
0.0955536
0.0945209
0.10144
0.0978665
0.0424079
0.130984
0.126904
0.12477
0.125715
0.118832
0.132109
0.124506
0.139315
0.140326
0.129224
0.137504
0.129488
0.123438
0.134562
0.0785222
0.129719
0.118973
0.0800096
0.134522
0.134215
0.129237
0.132732
0.133213
0.15528
0.16512
0.00273156
0.148522
0.124185
0
0.137167
0.0728279
0.165497
0.147349
0.157709
0.16518
0.0666489
0.128655
0.134386
0
0.131601
0.0960869
0.0974326
0.115851
0.134111
0.132306
0.138188
0.122399
0.12955
0.123088
0.0493303
0.137348
0.133775
0.127182
0.142572
0.0940999
0.101919
0.111025
0.133726
0.133209
0.125743
0.131462
0.1269
0.113947
0.141884
0.0474862
0.120399
0.125897
0.0350014
0.133467
0.133529
0.130425
0.129467
0.125419
0.119589
0.132652
0.00167734
0.123908
0.12484
0
0.0901876
0.0478187
0.098987
0.0948467
0.0996347
0.0999633
0.0662588
0.0748802
0.101262
0
0.0995256
0.0799765
0.0498662
0.0853242
0.098811
0.10017
0.101082
0.0993016
0.098655
0.100516
0.0409044
0.135856
0.131783
0.136523
0.13324
0.121223
0.129161
0.123282
0.136347
0.131328
0.122877
0.130929
0.130843
0.122399
0.130302
0.0735294
0.130873
0.117069
0.0750596
0.13328
0.133227
0.135465
0.129853
0.138341
0.124583
0.170039
0.00279636
0.15541
0.122643
0
0.1346
0.0553526
0.126972
0.116408
0.128263
0.133422
0.0863856
0.127344
0.132249
0
0.133316
0.0963972
0.0977111
0.113437
0.135607
0.138356
0.137898
0.130698
0.142374
0.133543
0.0481788
0.134567
0.13235
0.133793
0.134816
0.0863608
0.0987882
0.112492
0.139266
0.1318
0.131203
0.12732
0.125172
0.114394
0.134816
0.0463747
0.126638
0.0961477
0.0339426
0.136477
0.137936
0.138327
0.124653
0.13074
0.124988
0.134454
0.00156091
0.123663
0.124332
0
0.086886
0.0494854
0.103563
0.0941856
0.096846
0.0964754
0.0616282
0.0962248
0.100523
0
0.09838
0.0840784
0.0843573
0.0909366
0.102884
0.100341
0.0960338
0.0969368
0.1052
0.104131
0.0401994
0.13183
0.131735
0.134237
0.135213
0.112873
0.140027
0.126111
0.135768
0.138927
0.13207
0.127934
0.13282
0.124096
0.139349
0.0385086
0.137344
0.111966
0.0595353
0.130217
0.134458
0.132328
0.129224
0.136921
0.121925
0.126287
0
0.0695302
0.114302
0
0.0895763
0.0561998
0.13563
0.119585
0.124463
0.129929
0.0589883
0.131079
0.127853
0
0.125121
0.0967562
0.100058
0.118298
0.132666
0.132266
0.133076
0.128866
0.135428
0.114335
0.0505932
0.139077
0.132463
0.125337
0.133534
0.0978155
0.102386
0.112854
0.128742
0.134821
0.126163
0.130886
0.13135
0.107724
0.135085
0.0334499
0.116249
0.0922424
0.0412426
0.135391
0.135003
0.129053
0.125349
0.127514
0.122771
0.132087
0
0.132328
0.0988468
0
0.0899658
0.046807
0.095232
0.0945448
0.098174
0.0993838
0.0532964
0.0881187
0.102778
0
0.0985222
0.0860462
0.0352026
0.083956
0.106807
0.102705
0.107612
0.0981708
0.0979944
0.102344
0.0352195
0.102501
0.10011
0.132459
0.129471
0.124081
0.130719
0.114989
0.140519
0.133041
0.124743
0.131303
0.130775
0.119793
0.131122
0.0346584
0.119005
0.117747
0.042061
0.129145
0.133636
0.133623
0.127975
0.137282
0.117692
0.133418
0
0.0688966
0.126803
0
0.0771347
0.0542613
0.098464
0.128037
0.133378
0.129597
0.0673208
0.128345
0.127413
0
0.13716
0.107948
0.101051
0.117323
0.132886
0.137694
0.137533
0.122888
0.132271
0.114834
0.0426603
0.126362
0.132534
0.128312
0.133494
0.1221
0.140533
0.141824
0.157465
0.161316
0.153856
0.168464
0.165322
0.137779
0.168481
0.0503788
0.149557
0.0680411
0.0585131
0.161619
0.165728
0.16372
0.157347
0.163511
0.147284
0.168112
0.0012441
0.127016
0.120181
0
0.125055
0.0589518
0.138394
0.12377
0.128226
0.136147
0.0893775
0.12809
0.130899
0.00292718
0.134766
0.101199
0.103536
0.112401
0.138677
0.142404
0.132512
0.127235
0.133717
0.134143
0.0470328
0.129815
0.126791
0.13473
0.162232
0.115704
0.12538
0.121007
0.131657
0.136272
0.13352
0.131354
0.135327
0.120642
0.136054
0.0680064
0.129024
0.110415
0.0741661
0.132253
0.131791
0.137108
0.129874
0.130916
0.125153
0.135345
0.00145895
0.129224
0.127742
0
0.14071
0.0663702
0.164794
0.151213
0.164231
0.174077
0.0661266
0.125254
0.132503
0
0.130026
0.0907441
0.0946007
0.109093
0.132564
0.135967
0.136827
0.131722
0.136119
0.133032
0.0472428
0.142339
0.132341
0.128924
0.135236
0.0886499
0.100752
0.110558
0.127202
0.132564
0.128217
0.133116
0.134336
0.112644
0.128704
0.0333664
0.126279
0.0974817
0.0408142
0.139417
0.133592
0.128074
0.11919
0.128559
0.133382
0.13183
0
0.124973
0.0954472
0
0.091227
0.0462471
0.102194
0.0997307
0.0972195
0.097561
0.0554826
0.0975071
0.102452
0
0.0965034
0.0822323
0.0345141
0.085492
0.0975007
0.0988077
0.0980008
0.103181
0.100184
0.0974121
0.0353895
0.137363
0.129349
0.124926
0.122354
0.121903
0.133485
0.11914
0.137184
0.128131
0.131074
0.133797
0.134368
0.122167
0.135108
0.0318243
0.127898
0.116171
0.0434065
0.134233
0.135842
0.132776
0.124696
0.130297
0.122104
0.131191
0
0.0643521
0.122074
0
0.0773296
0.0712593
0.128102
0.119546
0.122227
0.131614
0.0612557
0.12863
0.136286
0
0.124089
0.096367
0.0959923
0.110647
0.128903
0.129925
0.136064
0.126374
0.13685
0.11985
0.0414147
0.134626
0.126482
0.133431
0.136421
0.124719
0.132393
0.132514
0.160359
0.166744
0.147828
0.161708
0.170509
0.137642
0.170317
0.048507
0.146696
0.0572418
0.0611995
0.159816
0.172093
0.162707
0.16176
0.166328
0.151851
0.162259
0
0.123606
0.125953
0
0.124879
0.0591287
0.131044
0.12324
0.13678
0.128862
0.0924962
0.130132
0.133418
0.00288857
0.133036
0.106459
0.113331
0.116638
0.131432
0.134522
0.127951
0.125412
0.134314
0.130736
0.0462235
0.137137
0.166478
0.169107
0.168793
0.121888
0.126791
0.118857
0.131195
0.133793
0.12659
0.137841
0.135561
0.11722
0.134716
0.0779226
0.148606
0.111976
0.0566694
0.162533
0.165475
0.167448
0.158534
0.162978
0.154947
0.167858
0.00130899
0.127673
0.127575
0
0.119407
0.0727855
0.127543
0.118375
0.12074
0.135396
0.0835701
0.129824
0.13717
0.00134147
0.136939
0.0913868
0.0968617
0.117886
0.137993
0.134314
0.140307
0.133049
0.137151
0.130587
0.0510269
0.14277
0.12518
0.131601
0.128824
0.118092
0.136996
0.109911
0.134345
0.130557
0.133659
0.140786
0.144217
0.120762
0.130268
0.0395327
0.125695
0.109149
0.0332986
0.130031
0.135823
0.132789
0.124595
0.131445
0.13089
0.135469
0
0.0669546
0.120359
0
0.0768521
0.05493
0.0988338
0.0935016
0.095761
0.0958865
0.0643473
0.0946313
0.0965406
0
0.0974469
0.076744
0.0790993
0.0842507
0.0972763
0.143446
0.129045
0.123119
0.126787
0.122294
0.0403344
0.131926
0.127073
0.122711
0.131865
0.120518
0.138942
0.121102
0.130357
0.133182
0.128845
0.13238
0.14087
0.124367
0.13557
0.0771531
0.127681
0.118476
0.0818649
0.17304
0.174058
0.16952
0.158363
0.14551
0.153709
0.162755
0.00125706
0.158897
0.125949
0
0.118469
0.0667724
0.12721
0.121655
0.12265
0.12606
0.0830824
0.128551
0.136514
0
0.121348
0.0975776
0.0997034
0.117602
0.134048
0.130989
0.138701
0.133218
0.130852
0.119399
0.0557002
0.134026
0.12583
0.130204
0.138107
0.123236
0.132057
0.111716
0.127787
0.1358
0.122861
0.136027
0.13693
0.117904
0.130749
0.0396244
0.123031
0.121566
0.0323706
0.130659
0.12458
0.132701
0.12912
0.137443
0.121194
0.133864
0.00135617
0.131983
0.125474
0
0.0918808
0.0470958
0.0968586
0.095706
0.0951414
0.103605
0.061806
0.0814907
0.101516
0
0.0987297
0.0783269
0.0611035
0.0882898
0.101847
0.103445
0.131791
0.137941
0.136832
0.134603
0.0397741
0.126458
0.130331
0.129136
0.138351
0.119314
0.138966
0.122392
0.138995
0.13708
0.12912
0.139548
0.126847
0.120573
0.171209
0.0576462
0.151012
0.125577
0.0565336
0.173497
0.169825
0.152077
0.147951
0.156436
0.147763
0.169096
0.00133568
0.122714
0.126891
0
0.120853
0.0666633
0.126028
0.125435
0.12721
0.13369
0.0873553
0.13274
0.133485
0.00273421
0.131359
0.0983357
0.103942
0.10856
0.126795
0.129693
0.125384
0.131415
0.136982
0.130064
0.0516649
0.137174
0.127263
0.135446
0.133498
0.128107
0.130348
0.112271
0.137155
0.137127
0.128551
0.136393
0.135768
0.121021
0.13678
0.0405322
0.121632
0.116724
0.0358012
0.130779
0.132022
0.131441
0.128808
0.133307
0.129883
0.135943
0
0.0664529
0.131944
0
0.0869666
0.0527742
0.100308
0.0984931
0.0902256
0.0957824
0.0668941
0.0984834
0.102309
0
0.0959325
0.0857927
0.0865152
0.111427
0.135566
0.127291
0.12798
0.129492
0.138102
0.122865
0.0408192
0.140607
0.129066
0.124856
0.134224
0.120145
0.139256
0.121821
0.139043
0.133578
0.133169
0.140385
0.136902
0.110473
0.128394
0.0630883
0.146066
0.118161
0.0569411
0.156104
0.169543
0.172903
0.160236
0.160005
0.149196
0.167476
0.00133993
0.125278
0.123701
0
0.115314
0.0656459
0.125364
0.122542
0.12397
0.136996
0.0928462
0.130804
0.134948
0.00135894
0.129366
0.0954198
0.109039
0.109769
0.135796
0.133205
0.128638
0.127547
0.136808
0.135621
0.0484937
0.137273
0.129655
0.127466
0.122579
0.12327
0.1375
0.114061
0.129841
0.131562
0.130115
0.128115
0.135167
0.121253
0.134522
0.0399477
0.125909
0.115443
0.0331433
0.134125
0.135851
0.136384
0.127222
0.132179
0.123267
0.137052
0
0.0655598
0.123206
0
0.0712048
0.0560947
0.102582
0.0925983
0.09993
0.100455
0.0664628
0.0999933
0.100348
0
0.0989838
0.0764994
0.0750826
0.0845404
0.13709
0.134894
0.130779
0.123732
0.13086
0.130689
0.0402317
0.129777
0.128477
0.132613
0.131839
0.122858
0.13493
0.127661
0.135039
0.131057
0.12661
0.13412
0.132674
0.114472
0.134612
0.0793556
0.123119
0.11712
0.082203
0.133551
0.138605
0.129921
0.153822
0.16284
0.153304
0.163522
0.00296192
0.126775
0.1205
0
0.118448
0.0606125
0.129693
0.12191
0.128263
0.131722
0.0965461
0.123835
0.133945
0.00136372
0.13183
0.100223
0.110785
0.115217
0.13679
0.137831
0.136921
0.126163
0.134291
0.129702
0.0521567
0.138179
0.126992
0.131393
0.137518
0.125589
0.130399
0.111433
0.133721
0.127081
0.130357
0.133471
0.13386
0.121847
0.137969
0.0450217
0.132877
0.116962
0.0356958
0.134803
0.135566
0.129655
0.124681
0.12265
0.120791
0.136244
0
0.0657343
0.128189
0
0.0879018
0.0549934
0.0954867
0.0957854
0.0971534
0.0996843
0.0653823
0.100627
0.104015
0
0.0994431
0.0699823
0.0777222
0.0873948
0.0972605
0.10269
0.102652
0.0942537
0.0977995
0.139014
0.0401836
0.138188
0.130242
0.128423
0.127894
0.123229
0.134404
0.0514403
0.132494
0.133941
0.123297
0.134255
0.128937
0.118522
0.12698
0.0660186
0.130399
0.114574
0.075749
0.135396
0.134161
0.135391
0.134553
0.165848
0.157104
0.166268
0.00295607
0.149732
0.10755
0
0.133733
0.0583226
0.139116
0.123423
0.129111
0.133712
0.0758366
0.127125
0.130693
0
0.137057
0.0871403
0.0949262
0.108076
0.132057
0.134821
0.137518
0.12732
0.136733
0.129011
0.049586
0.136147
0.135309
0.129412
0.131255
0.123327
0.139636
0.113045
0.134409
0.139797
0.116959
0.126976
0.135671
0.118793
0.139475
0.0397772
0.125964
0.119065
0.0320654
0.133378
0.13048
0.137061
0.131346
0.130715
0.127645
0.135176
0
0.134332
0.121825
0
0.0902229
0.0540638
0.101533
0.0931822
0.0910553
0.0964661
0.0574119
0.08254
0.100321
0
0.0978729
0.0797745
0.0857731
0.0912159
0.0981708
0.104822
0.0980168
0.102407
0.102951
0.091277
0.0389374
0.137104
0.132705
0.127073
0.133565
0.126936
0.132153
0.120438
0.130685
0.136738
0.130599
0.130069
0.136193
0.110834
0.135131
0.0743121
0.120777
0.12144
0.0792864
0.137254
0.1665
0.165937
0.143497
0.151713
0.148633
0.159826
0.00130729
0.128502
0.129488
0
0.115895
0.0725242
0.127049
0.123384
0.131891
0.128978
0.0910643
0.123636
0.135222
0
0.129697
0.0978641
0.104748
0.120337
0.133525
0.134903
0.133142
0.131731
0.137642
0.134476
0.0503043
0.136752
0.127755
0.128275
0.124448
0.155666
0.163223
0.112095
0.129525
0.132542
0.136221
0.13245
0.142526
0.120167
0.132965
0.0428858
0.127523
0.139214
0.036133
0.132793
0.135547
0.131952
0.128263
0.131536
0.130886
0.137841
0
0.0664143
0.145556
0
0.119621
0.0596516
0.133098
0.125305
0.129228
0.134671
0.0843846
0.118147
0.12982
0
0.126594
0.0898473
0.0969086
0.11259
0.137798
0.129605
0.132604
0.154474
0.151957
0.167622
0.0387184
0.12516
0.134939
0.138418
0.135511
0.118821
0.135685
0.124941
0.138744
0.133213
0.131423
0.125691
0.130706
0.121536
0.12887
0.0740947
0.126004
0.109072
0.0815145
0.136944
0.137424
0.163709
0.151717
0.158519
0.165821
0.158408
0.00261636
0.108947
0.120518
0
0.115962
0.0663889
0.125008
0.114929
0.11733
0.132481
0.0724441
0.131264
0.129559
0
0.128119
0.0944755
0.101616
0.107646
0.135277
0.141074
0.133873
0.124235
0.130886
0.129592
0.0497104
0.142242
0.132626
0.138164
0.13104
0.124747
0.132061
0.111059
0.137165
0.133373
0.131757
0.136491
0.134989
0.122956
0.13297
0.0456418
0.123785
0.113366
0.0342395
0.136152
0.131744
0.136659
0.122212
0.129099
0.123198
0.13592
0
0.066846
0.12089
0
0.069935
0.0539365
0.10082
0.0972164
0.0961508
0.101647
0.0685401
0.0989381
0.0931301
0
0.097229
0.0813824
0.0823927
0.0870954
0.101167
0.101592
0.0985772
0.0954229
0.129841
0.135823
0.0415304
0.131614
0.131614
0.133276
0.138831
0.114761
0.132952
0.120196
0.138971
0.132157
0.152369
0.16357
0.169906
0.138889
0.161671
0.0496096
0.151828
0.0541514
0.0553833
0.159256
0.170969
0.153158
0.151699
0.166152
0.157446
0.172759
0
0.12784
0.126992
0
0.122907
0.0559926
0.133565
0.12327
0.12305
0.135026
0.0736458
0.125747
0.135208
0.00292824
0.133936
0.10477
0.10906
0.10273
0.134612
0.134044
0.130022
0.131126
0.136472
0.128912
0.0467541
0.131251
0.127543
0.133413
0.129782
0.116802
0.13135
0.106667
0.130976
0.132652
0.126227
0.13605
0.137066
0.119282
0.133824
0.0336516
0.126932
0.115754
0.0374381
0.132258
0.141468
0.129588
0.130416
0.13758
0.125455
0.13395
0
0.0678403
0.124556
0
0.086061
0.0563253
0.100375
0.0912215
0.0989576
0.0997705
0.0718013
0.0901957
0.131735
0
0.124953
0.0987069
0.0904895
0.116222
0.127763
0.128547
0.128444
0.12715
0.131991
0.132044
0.0400416
0.141673
0.130217
0.127747
0.128762
0.122873
0.139344
0.113996
0.138788
0.133058
0.1321
0.140657
0.1587
0.144701
0.165684
0.0503763
0.153116
0.0727551
0.0586696
0.162443
0.166811
0.156951
0.153922
0.170771
0.151879
0.173992
0.0012364
0.125309
0.124185
0
0.122647
0.0573732
0.130869
0.121525
0.127154
0.132851
0.089668
0.134789
0.127722
0.00295009
0.13271
0.10141
0.10636
0.101828
0.139841
0.13113
0.13045
0.130719
0.132988
0.129853
0.0449065
0.138865
0.128283
0.126582
0.124112
0.127316
0.131536
0.110948
0.137386
0.134152
0.131096
0.134603
0.137344
0.123877
0.132144
0.0345122
0.12262
0.122332
0.0400168
0.131234
0.131904
0.131074
0.12649
0.135176
0.127653
0.131904
0
0.0689524
0.132079
0
0.0892804
0.0497512
0.099827
0.0905059
0.0957426
0.101054
0.0713878
0.090821
0.10202
0
0.126291
0.103359
0.0998203
0.112142
0.129003
0.132868
0.133815
0.12635
0.138298
0.124832
0.0413138
0.141148
0.126711
0.125755
0.134287
0.123221
0.132604
0.120682
0.161493
0.164074
0.162909
0.161129
0.171116
0.140936
0.158418
0.0490004
0.155982
0.115868
0.0603326
0.17001
0.156182
0.169067
0.157252
0.16072
0.150943
0.175021
0.00241785
0.124669
0.126402
0
0.126863
0.0603091
0.13086
0.122388
0.123522
0.132201
0.0834742
0.133076
0.138079
0.00438913
0.128242
0.103386
0.107397
0.0993567
0.136939
0.130663
0.134382
0.124953
0.141353
0.131311
0.0465441
0.129891
0.1241
0.137052
0.140494
0.123655
0.137651
0.112296
0.136091
0.144618
0.129333
0.127967
0.130634
0.120616
0.133846
0.0350358
0.128148
0.127433
0.0491703
0.137514
0.132481
0.131268
0.127951
0.132052
0.122726
0.133103
0
0.0717811
0.132371
0
0.117751
0.0571469
0.129362
0.117202
0.128078
0.139475
0.0783318
0.156084
0.170835
0
0.165739
0.117228
0.123594
0.0984688
0.131761
0.131531
0.128638
0.1199
0.122231
0.127685
0.0416584
0.137047
0.128176
0.131251
0.132705
0.124312
0.135833
0.121507
0.131298
0.160612
0.155885
0.16864
0.160318
0.141052
0.173016
0.0521366
0.153851
0.0683726
0.0559835
0.167476
0.162332
0.167864
0.152513
0.15353
0.155477
0.161166
0.00122661
0.124692
0.11827
0
0.123365
0.057107
0.127657
0.124452
0.127166
0.132935
0.0870265
0.130014
0.133427
0.00296849
0.131234
0.0990884
0.104718
0.107218
0.134757
0.130399
0.138284
0.133089
0.135204
0.128783
0.0491975
0.138461
0.130736
0.132066
0.138303
0.118874
0.136631
0.111393
0.134476
0.140351
0.134147
0.140469
0.134296
0.122545
0.139485
0.0359881
0.12696
0.1197
0.0385732
0.130826
0.136701
0.131303
0.12147
0.128758
0.121139
0.135355
0
0.0689893
0.128816
0
0.092033
0.0553271
0.0965748
0.0889785
0.0934376
0.0952895
0.0690687
0.122846
0.125889
0
0.127218
0.0995149
0.0980633
0.117261
0.134143
0.130565
0.132529
0.131627
0.128201
0.127988
0.0411904
0.133779
0.13129
0.128924
0.131996
0.120181
0.140032
0.119671
0.132886
0.134255
0.130459
0.133418
0.138884
0.121253
0.141433
0.0540149
0.147497
0.113698
0.0570581
0.162522
0.157257
0.16198
0.158952
0.142882
0.148947
0.166406
0.00125051
0.121117
0.124883
0
0.127231
0.0640697
0.140105
0.128053
0.131238
0.131783
0.0888514
0.126952
0.136129
0.0014163
0.13581
0.106326
0.109117
0.106832
0.133205
0.129153
0.13006
0.130217
0.132393
0.136804
0.0491364
0.128465
0.126498
0.129433
0.130612
0.124789
0.130297
0.108439
0.137363
0.134821
0.128078
0.133098
0.130276
0.121621
0.135121
0.0351034
0.126823
0.122669
0.0388561
0.135589
0.133196
0.137391
0.130775
0.127429
0.130069
0.130681
0
0.0676796
0.121374
0
0.0774573
0.0538938
0.0995421
0.0902446
0.101427
0.0977645
0.0665616
0.0963917
0.10184
0
0.101054
0.0755744
0.0735042
0.111452
0.136897
0.133445
0.132231
0.12235
0.12917
0.119578
0.0405006
0.135971
0.126815
0.132608
0.136968
0.120399
0.131328
0.125968
0.130323
0.129946
0.126634
0.135976
0.133258
0.117831
0.133882
0.0791938
0.150322
0.120286
0.0496801
0.170091
0.170561
0.161394
0.147141
0.14708
0.158128
0.171356
0.0013041
0.124293
0.128246
0
0.115771
0.0648508
0.126678
0.120044
0.121747
0.127787
0.0920704
0.126711
0.135478
0.00268634
0.134703
0.0977828
0.102751
0.117702
0.134309
0.132061
0.141378
0.12907
0.134282
0.127417
0.0509645
0.135465
0.1317
0.126406
0.135089
0.115148
0.126478
0.112851
0.133717
0.135181
0.12698
0.132692
0.130102
0.115594
0.131735
0.0379535
0.126338
0.117834
0.0350733
0.137424
0.134698
0.133605
0.122489
0.129697
0.127681
0.130506
0
0.070368
0.125889
0
0.0888284
0.0560245
0.100469
0.0938116
0.0972826
0.0963236
0.0682811
0.100442
0.0981611
0
0.10226
0.0807559
0.0797363
0.0878323
0.130757
0.129358
0.137604
0.126687
0.123354
0.114466
0.0412473
0.134219
0.134903
0.12692
0.130077
0.12282
0.136235
0.118294
0.133963
0.127951
0.122093
0.138567
0.131709
0.147649
0.16238
0.0517604
0.152756
0.123115
0.05807
0.167718
0.171297
0.167966
0.158474
0.171057
0.158123
0.160303
0.00129308
0.124836
0.122587
0
0.116717
0.0627225
0.134739
0.123384
0.129836
0.130911
0.0872715
0.129111
0.132595
0.00276517
0.132201
0.0976968
0.102036
0.109155
0.138337
0.133396
0.134889
0.124789
0.133543
0.13408
0.0485349
0.132529
0.126859
0.137788
0.137998
0.123305
0.131566
0.114387
0.128824
0.138141
0.126658
0.13356
0.125502
0.124634
0.127
0.0335104
0.134427
0.119108
0.0376701
0.13356
0.136142
0.134318
0.126996
0.134803
0.127393
0.129786
0
0.0632551
0.126398
0
0.0801453
0.0525523
0.0987719
0.093882
0.0986875
0.0991604
0.0659428
0.0946253
0.103121
0
0.0964599
0.0940468
0.0896901
0.111099
0.131122
0.128808
0.136096
0.126012
0.131428
0.124019
0.0400858
0.134427
0.129849
0.127255
0.13624
0.121866
0.138174
0.117038
0.137306
0.136878
0.125766
0.141748
0.129651
0.12551
0.171256
0.0494096
0.145811
0.122975
0.0577141
0.168577
0.167375
0.16469
0.164393
0.161744
0.151048
0.163655
0.00123713
0.116492
0.131032
0
0.11218
0.0615157
0.130047
0.128733
0.130374
0.136682
0.0832848
0.138715
0.124545
0.00142921
0.133249
0.0981089
0.107029
0.10751
0.130077
0.132446
0.131726
0.13508
0.127206
0.131092
0.0487977
0.135121
0.128916
0.126219
0.134571
0.113478
0.135837
0.112337
0.139198
0.141919
0.127734
0.139601
0.133431
0.116717
0.129257
0.0334753
0.123671
0.119886
0.0368219
0.1339
0.129782
0.139455
0.128593
0.133632
0.123797
0.136384
0
0.0696258
0.116286
0
0.0766812
0.0506483
0.0985351
0.0957121
0.0998104
0.0967087
0.0667735
0.098798
0.101595
0
0.0919653
0.0745731
0.0902873
0.10304
0.125687
0.131178
0.13931
0.125004
0.129383
0.12549
0.0393167
0.13141
0.13458
0.136333
0.134504
0.107181
0.13074
0.138148
0.160303
0.160999
0.14761
0.164134
0.17334
0.14643
0.165607
0.0362716
0.121459
0.0804004
0.0435654
0.13249
0.133249
0.131264
0.123028
0.133138
0.122884
0.122583
0
0.127926
0.129182
0
0.130191
0.0535676
0.134188
0.132231
0.128916
0.1318
0.0763709
0.128452
0.131627
0.00281381
0.136972
0.11281
0.0685859
0.108111
0.135067
0.131583
0.130056
0.129853
0.132736
0.133156
0.050004
0.164989
0.164777
0.162538
0.164468
0.117065
0.140791
0.122175
0.134251
0.129921
0.130141
0.139402
0.139831
0.118874
0.134463
0.0638305
0.130899
0.117004
0.0680538
0.13552
0.137571
0.133134
0.126318
0.130553
0.126964
0.138069
0.0014736
0.117727
0.114597
0
0.114269
0.0614883
0.134871
0.11879
0.121392
0.130259
0.0879469
0.132175
0.136138
0
0.134939
0.0918295
0.0965624
0.112423
0.130907
0.134576
0.130971
0.136888
0.133806
0.129938
0.0447522
0.134062
0.13132
0.125125
0.133815
0.128427
0.128259
0.135593
0.172313
0.163335
0.151681
0.159607
0.161005
0.145108
0.164214
0.0491603
0.157317
0.0710126
0.0574653
0.161088
0.169027
0.169958
0.156991
0.164409
0.153191
0.176224
0
0.118099
0.121692
0
0.120733
0.0546165
0.129546
0.128172
0.133058
0.130115
0.0831065
0.137779
0.13848
0.00291212
0.133227
0.0983139
0.108375
0.109914
0.141633
0.139465
0.137495
0.133909
0.136747
0.129341
0.0463838
0.160849
0.156235
0.161067
0.158208
0.115865
0.130659
0.11862
0.136897
0.133511
0.129735
0.134107
0.133169
0.115701
0.139626
0.0339415
0.121666
0.106872
0.0439899
0.133276
0.13089
0.135593
0.121131
0.13316
0.124208
0.130153
0
0.0673525
0.125039
0
0.0883236
0.0656804
0.138399
0.125719
0.124394
0.1386
0.0746143
0.128559
0.126666
0
0.135478
0.105202
0.0987216
0.107945
0.138879
0.137127
0.136286
0.131952
0.141069
0.116758
0.0434372
0.133111
0.132437
0.136687
0.144207
0.0915081
0.0974627
0.114893
0.129446
0.135483
0.128004
0.136384
0.124961
0.115337
0.130221
0.0441877
0.124405
0.123789
0.0316373
0.129681
0.132859
0.133413
0.124216
0.135967
0.129993
0.131935
0.00278739
0.127898
0.126831
0
0.0912159
0.0457624
0.107751
0.0997374
0.101795
0.101892
0.05712
0.0970089
0.102867
0
0.0938321
0.0827175
0.035041
0.0880359
0.11133
0.0948377
0.100769
0.100762
0.100385
0.0987849
0.0395534
0.133815
0.130399
0.128978
0.129672
0.123766
0.129358
0.120627
0.133837
0.130989
0.130989
0.132437
0.138074
0.12604
0.133985
0.06744
0.118371
0.116137
0.0744117
0.139276
0.132692
0.142648
0.131579
0.129879
0.12631
0.126088
0.0027492
0.155135
0.127453
0
0.145007
0.0741004
0.161431
0.153271
0.16318
0.170876
0.0665513
0.127579
0.131281
0
0.133427
0.0916317
0.103284
0.118733
0.137642
0.128107
0.133833
0.123164
0.137353
0.127057
0.0433637
0.137537
0.127085
0.130843
0.127182
0.0954775
0.098974
0.110668
0.127988
0.14038
0.128156
0.137429
0.135483
0.120084
0.12932
0.04866
0.125766
0.0925497
0.0342997
0.132455
0.134161
0.135722
0.122767
0.132837
0.120613
0.131277
0.00145486
0.129639
0.0925155
0
0.0754053
0.0532019
0.0978889
0.0883939
0.094518
0.10001
0.0663042
0.0949397
0.0988566
0
0.0971912
0.0668479
0.0729625
0.0888731
0.100529
0.0990917
0.0986518
0.0995619
0.10247
0.09942
0.0394462
0.135893
0.131423
0.12437
0.136855
0.11798
0.135575
0.124926
0.140356
0.127808
0.122253
0.133837
0.13541
0.127783
0.135616
0.0767961
0.124131
0.111979
0.0765814
0.13308
0.131195
0.137481
0.12498
0.136991
0.120124
0.134062
0.00147379
0.141084
0.114923
0
0.138011
0.0648593
0.168458
0.147323
0.162914
0.172741
0.0680538
0.125125
0.129841
0
0.125258
0.0937778
0.0964204
0.107622
0.135561
0.14082
0.133761
0.127045
0.137774
0.130869
0.0507447
0.137396
0.136008
0.129921
0.133945
0.0895837
0.133972
0.140308
0.153041
0.16238
0.150047
0.164506
0.163666
0.14334
0.170056
0.0465962
0.14188
0.111093
0.0518409
0.160668
0.170114
0.172658
0.154135
0.153681
0.147284
0.163212
0
0.127028
0.12749
0
0.11711
0.0502879
0.138942
0.128033
0.127506
0.133449
0.0806192
0.133614
0.133209
0.0028339
0.133601
0.108076
0.0586691
0.0994876
0.132411
0.137047
0.134816
0.129904
0.136626
0.129379
0.0448204
0.139816
0.12538
0.136519
0.166578
0.117381
0.135076
0.114969
0.132196
0.132873
0.12377
0.138889
0.133932
0.124043
0.132481
0.0347914
0.123762
0.120008
0.0491334
0.136491
0.133072
0.134989
0.130856
0.129191
0.1252
0.138389
0
0.0675915
0.124112
0
0.0920867
0.0546568
0.0971503
0.0888073
0.125711
0.136013
0.0619761
0.118994
0.132122
0
0.125141
0.0974849
0.107959
0.10753
0.128222
0.132718
0.130238
0.127992
0.138126
0.130702
0.0434461
0.135837
0.129492
0.132328
0.136579
0.0949262
0.134617
0.13388
0.166689
0.160586
0.140722
0.157788
0.169348
0.139852
0.167112
0.0468542
0.14108
0.0562185
0.0552596
0.174782
0.168158
0.167504
0.154622
0.164794
0.158776
0.174368
0.00131542
0.121363
0.127174
0
0.123989
0.0554116
0.138826
0.122309
0.126751
0.134531
0.0893455
0.130039
0.128804
0.00276048
0.127437
0.107455
0.114817
0.105527
0.13581
0.132105
0.12802
0.133307
0.134857
0.13678
0.0446145
0.134152
0.132284
0.1332
0.136407
0.121091
0.130064
0.113915
0.135713
0.137694
0.12917
0.137344
0.128564
0.109845
0.134057
0.0325622
0.134224
0.112388
0.0425795
0.133156
0.135796
0.137566
0.125616
0.124077
0.114548
0.132521
0
0.0680643
0.11722
0
0.0818621
0.052499
0.100594
0.0939438
0.101136
0.135488
0.0660818
0.13028
0.136268
0
0.130976
0.0975491
0.0980633
0.112407
0.12649
0.128357
0.127738
0.133191
0.132442
0.127828
0.0404776
0.140435
0.134612
0.129727
0.134757
0.0949848
0.102719
0.111991
0.13074
0.134161
0.110745
0.130582
0.132736
0.113562
0.130817
0.0331507
0.116452
0.0957671
0.0427762
0.129971
0.13498
0.125384
0.122059
0.130839
0.127336
0.128974
0
0.129748
0.0982511
0
0.0978889
0.0464519
0.10218
0.0970591
0.0990164
0.103146
0.0641026
0.101982
0.0993213
0
0.0948107
0.0845166
0.0354363
0.082615
0.0910249
0.0996413
0.0989446
0.0978346
0.103695
0.0995355
0.035935
0.10262
0.124649
0.134635
0.131778
0.129618
0.131566
0.122982
0.136412
0.135103
0.132231
0.135217
0.135254
0.123816
0.136426
0.0387665
0.129107
0.116408
0.0559245
0.137589
0.128291
0.12747
0.130014
0.128795
0.122907
0.138212
0
0.0666922
0.128411
0
0.114015
0.0804531
0.171703
0.149966
0.160524
0.166373
0.0760827
0.108044
0.12979
0
0.123403
0.101199
0.103956
0.11549
0.13263
0.134848
0.128357
0.125941
0.133489
0.121766
0.0475489
0.132886
0.125305
0.135327
0.137325
0.0993394
0.140459
0.128986
0.165328
0.165284
0.156333
0.166157
0.155778
0.141663
0.162559
0.0458737
0.142918
0.0542689
0.0541354
0.166484
0.177797
0.161933
0.154741
0.157035
0.15034
0.167898
0.00134398
0.125341
0.119246
0
0.123503
0.0529297
0.133107
0.120489
0.127037
0.136804
0.0901815
0.132231
0.133757
0.00278912
0.132363
0.109466
0.117144
0.105152
0.132022
0.141809
0.131674
0.132437
0.135126
0.135483
0.0462674
0.12974
0.128737
0.158178
0.162211
0.121348
0.132262
0.118116
0.133032
0.132157
0.126283
0.136347
0.132148
0.124448
0.131752
0.0348462
0.124185
0.12058
0.0467875
0.132824
0.129354
0.130289
0.124444
0.137353
0.125873
0.137708
0
0.0669008
0.121814
0
0.0907194
0.0518081
0.130531
0.120366
0.124293
0.129061
0.0663108
0.132131
0.128708
0
0.134224
0.110053
0.107991
0.114643
0.133218
0.129467
0.133413
0.123388
0.12902
0.11827
0.0428821
0.126614
0.123369
0.130864
0.1332
0.118459
0.122941
0.117942
0.134612
0.130536
0.1343
0.127307
0.130796
0.11909
0.139227
0.0529143
0.135396
0.113029
0.0396656
0.128329
0.130157
0.129777
0.125632
0.133107
0.129693
0.136129
0
0.0657117
0.122895
0
0.118864
0.061297
0.138289
0.127393
0.126678
0.140105
0.054334
0.0967836
0.101685
0
0.0936154
0.0800299
0.0786927
0.0909753
0.107147
0.0981451
0.131614
0.127421
0.123923
0.133222
0.0468708
0.139997
0.133391
0.136668
0.12887
0.117045
0.1354
0.11687
0.133067
0.138797
0.126374
0.129664
0.127482
0.120835
0.133041
0.0782656
0.127857
0.114616
0.081808
0.16518
0.166861
0.169113
0.155226
0.156152
0.14596
0.15747
0.00126673
0.155802
0.128312
0
0.113733
0.0638865
0.133596
0.121047
0.119186
0.132323
0.084665
0.127828
0.13301
0
0.132385
0.0945157
0.104959
0.121485
0.140523
0.134111
0.137528
0.129387
0.138298
0.129773
0.0535074
0.129976
0.13271
0.133072
0.134134
0.116516
0.134206
0.114443
0.141278
0.131588
0.126044
0.133378
0.131372
0.110546
0.125873
0.0413467
0.124413
0.113231
0.032288
0.130098
0.129178
0.136673
0.129111
0.131229
0.132358
0.13749
0
0.0657408
0.124116
0
0.0827449
0.0500334
0.0921942
0.0919709
0.0950962
0.0980681
0.070932
0.102585
0.0965282
0
0.0947119
0.0803105
0.0804139
0.0860141
0.101578
0.106659
0.101895
0.137033
0.132837
0.134197
0.0402917
0.134562
0.125176
0.129228
0.132639
0.126751
0.135906
0.121025
0.126912
0.133445
0.129257
0.132983
0.135579
0.123293
0.12738
0.0761021
0.123175
0.121194
0.0726705
0.130766
0.158343
0.167314
0.151671
0.152546
0.158967
0.165997
0.00259444
0.121488
0.129883
0
0.113504
0.068816
0.136668
0.124766
0.129341
0.130348
0.0890195
0.131285
0.138942
0
0.132196
0.0927085
0.0971345
0.112985
0.134925
0.130783
0.132745
0.129412
0.143802
0.133752
0.0515258
0.134771
0.134116
0.126871
0.128366
0.123111
0.132463
0.117633
0.137679
0.134201
0.122632
0.129538
0.139621
0.123854
0.126602
0.0436224
0.127433
0.119428
0.0425509
0.133752
0.135236
0.130625
0.129186
0.136738
0.125996
0.135842
0
0.0660349
0.117907
0
0.120388
0.0634921
0.127632
0.126908
0.125972
0.136244
0.0574526
0.0964041
0.10011
0
0.0956389
0.0748895
0.0835794
0.0862788
0.125074
0.131135
0.133735
0.1319
0.133262
0.122041
0.0452668
0.142455
0.135355
0.137297
0.13701
0.1221
0.134857
0.119775
0.134698
0.134585
0.126418
0.12484
0.134269
0.118273
0.130698
0.0764658
0.160617
0.113598
0.0546144
0.17155
0.169428
0.16267
0.154388
0.165865
0.160488
0.170794
0.0013186
0.123092
0.12463
0
0.111411
0.0658469
0.131909
0.121655
0.131255
0.135254
0.0865726
0.126558
0.132811
0
0.126731
0.0914056
0.101174
0.119268
0.137268
0.132904
0.129091
0.130745
0.138255
0.131354
0.0499401
0.125372
0.126386
0.127796
0.132979
0.140596
0.166678
0.119285
0.140533
0.131492
0.122197
0.138308
0.139728
0.122074
0.13586
0.0423473
0.129141
0.140154
0.0357657
0.128626
0.132192
0.134753
0.131178
0.137589
0.122869
0.134197
0
0.0673321
0.149285
0
0.11342
0.0606235
0.129312
0.1178
0.125933
0.129228
0.0845112
0.131074
0.130489
0
0.131978
0.0926569
0.10123
0.114603
0.133972
0.162888
0.163031
0.162075
0.161436
0.159332
0.0398446
0.130886
0.127861
0.134735
0.138744
0.119033
0.13611
0.118635
0.133191
0.133547
0.127738
0.131268
0.135584
0.113042
0.134134
0.0731636
0.120587
0.11885
0.059942
0.161734
0.169877
0.167325
0.165017
0.163063
0.15321
0.173617
0.00133554
0.125486
0.119378
0
0.113141
0.0682338
0.134287
0.118599
0.13054
0.130425
0.0921468
0.131122
0.130221
0
0.128804
0.0884467
0.110117
0.120788
0.132749
0.137315
0.13092
0.123851
0.135039
0.130685
0.0487698
0.135953
0.125644
0.122737
0.132113
0.111355
0.12922
0.111794
0.136161
0.132882
0.125211
0.132877
0.132393
0.120999
0.130162
0.0431165
0.127166
0.111872
0.0355942
0.137798
0.133887
0.13071
0.132148
0.128845
0.127445
0.136598
0
0.0655029
0.119289
0
0.0841468
0.0557227
0.0970183
0.0956114
0.102898
0.103377
0.0720911
0.0981932
0.10777
0
0.100134
0.0749138
0.0818264
0.0897908
0.101509
0.0991998
0.102169
0.096918
0.103545
0.103806
0.0408134
0.131199
0.128982
0.133721
0.131666
0.127669
0.132227
0.122508
0.133534
0.13057
0.127787
0.142811
0.1386
0.122737
0.132131
0.0854318
0.128837
0.112429
0.0780031
0.129011
0.139072
0.132701
0.124719
0.135437
0.156882
0.159479
0.00257457
0.154207
0.121124
0
0.111567
0.0636041
0.126566
0.118231
0.12484
0.133045
0.0805121
0.128222
0.134314
0
0.124467
0.0995991
0.101048
0.117398
0.134599
0.127251
0.127963
0.129441
0.13454
0.1288
0.056338
0.130014
0.128874
0.13644
0.133766
0.0919738
0.135163
0.110278
0.129045
0.129207
0.129041
0.133507
0.131337
0.121466
0.133516
0.0391478
0.128518
0.113636
0.0340527
0.138619
0.133972
0.130026
0.128866
0.131609
0.125129
0.132035
0
0.0657019
0.124879
0
0.0800512
0.0508233
0.0998835
0.0896432
0.0983768
0.101024
0.0704176
0.0982511
0.0997738
0
0.102515
0.0763223
0.070368
0.0890313
0.0986907
0.101647
0.101228
0.0964475
0.102494
0.0981643
0.0399457
0.134971
0.131255
0.133138
0.13129
0.121569
0.139562
0.0984082
0.129681
0.135446
0.124239
0.134206
0.135906
0.124626
0.13733
0.0677014
0.122115
0.121352
0.0800945
0.136268
0.141869
0.134771
0.128502
0.133116
0.126831
0.169906
0.00305844
0.121341
0.127016
0
0.112905
0.0756515
0.12798
0.109505
0.129706
0.130204
0.0890611
0.120809
0.135511
0
0.127458
0.0896419
0.103114
0.116107
0.134251
0.137504
0.138947
0.127702
0.135722
0.129128
0.0339288
0.12802
0.123407
0.130115
0.127714
0.129157
0.125905
0.109016
0.134264
0.129249
0.13037
0.13806
0.134948
0.125822
0.134219
0.0398629
0.125467
0.120569
0.0350392
0.135653
0.129496
0.135538
0.127661
0.133298
0.1198
0.129622
0
0.0710606
0.122111
0
0.0767322
0.0539996
0.0965748
0.0966557
0.0951445
0.0923049
0.0682951
0.0936417
0.102831
0
0.0992786
0.0790056
0.0763884
0.090465
0.104679
0.09942
0.105315
0.10054
0.129689
0.124969
0.040467
0.131562
0.131367
0.126199
0.129282
0.122553
0.138442
0.120555
0.133896
0.128874
0.126032
0.137202
0.134314
0.117062
0.127673
0.080826
0.127649
0.118364
0.0723497
0.132196
0.128833
0.127718
0.139915
0.155415
0.149741
0.162888
0.00140641
0.116986
0.12279
0
0.118137
0.0666522
0.132218
0.122126
0.125853
0.14081
0.0828483
0.125443
0.137033
0.00134715
0.13282
0.0979984
0.105211
0.109099
0.13435
0.132262
0.133427
0.132666
0.134116
0.133954
0.0534131
0.131544
0.130213
0.135561
0.135722
0.113343
0.132868
0.116171
0.135231
0.138093
0.127311
0.128671
0.123111
0.119818
0.142985
0.0424976
0.128908
0.120685
0.0359295
0.136291
0.140741
0.139455
0.127873
0.134125
0.118828
0.127356
0
0.0649129
0.119581
0
0.0903614
0.0574889
0.0994168
0.0960184
0.097634
0.101781
0.0668986
0.0960553
0.10059
0
0.0931099
0.0753712
0.0776177
0.0887548
0.100762
0.0973836
0.10175
0.0931128
0.104657
0.127004
0.0402686
0.13796
0.13113
0.127584
0.134147
0.119836
0.137014
0.125388
0.129521
0.126735
0.124774
0.129971
0.138552
0.121135
0.132789
0.0690548
0.13138
0.114699
0.0813653
0.129849
0.128456
0.137297
0.123682
0.171374
0.155463
0.160911
0.00285386
0.160792
0.1213
0
0.145467
0.0562469
0.137514
0.120598
0.133142
0.134071
0.0793116
0.127543
0.1299
0
0.129099
0.0950119
0.0945582
0.113398
0.130651
0.133846
0.138322
0.129095
0.136421
0.130306
0.0354437
0.13365
0.135745
0.128152
0.126642
0.122444
0.133413
0.116496
0.137903
0.13454
0.129191
0.120595
0.132948
0.116949
0.131826
0.035361
0.129576
0.110132
0.0518612
0.138499
0.134513
0.132921
0.129387
0.133445
0.120344
0.133404
0
0.0687912
0.1247
0
0.119721
0.0603291
0.136078
0.119055
0.125353
0.135971
0.0775482
0.154856
0.161702
0
0.149795
0.0927773
0.104346
0.119019
0.134485
0.125305
0.134012
0.12104
0.137212
0.112148
0.0435782
0.141283
0.13519
0.130455
0.135158
0.0922233
0.129908
0.117038
0.139655
0.131019
0.153577
0.168868
0.165876
0.120062
0.16967
0.047473
0.147628
0.0566604
0.050903
0.167639
0.160586
0.16541
0.15152
0.160979
0.152054
0.165815
0
0.126598
0.126916
0
0.124363
0.0543744
0.13444
0.129588
0.132315
0.130723
0.079436
0.12773
0.133382
0.00423417
0.127303
0.108793
0.114028
0.0982704
0.138903
0.134508
0.137798
0.128675
0.134188
0.131397
0.0452453
0.133565
0.128874
0.133369
0.131718
0.124926
0.134794
0.117581
0.121851
0.13412
0.13101
0.134318
0.131709
0.131454
0.141064
0.0424872
0.123312
0.110053
0.0446085
0.145874
0.136617
0.138466
0.132328
0.132245
0.125739
0.130804
0
0.0660131
0.117512
0
0.0865751
0.0609372
0.0997473
0.0922396
0.0994728
0.0978953
0.0626148
0.129664
0.128667
0
0.122945
0.0944354
0.0942152
0.109123
0.128617
0.132904
0.136374
0.129441
0.135856
0.120163
0.0490376
0.138927
0.130157
0.125196
0.13679
0.120631
0.135336
0.121632
0.137287
0.141935
0.12663
0.17048
0.153894
0.143168
0.156475
0.0514149
0.148052
0.0690763
0.0556489
0.165733
0.172046
0.167202
0.159816
0.157228
0.151112
0.167442
0.00124195
0.124305
0.120507
0
0.121242
0.058067
0.13816
0.120595
0.127069
0.130251
0.0828363
0.125901
0.13135
0.00296643
0.127779
0.102638
0.111346
0.0998851
0.135053
0.137005
0.139256
0.1294
0.132179
0.137495
0.0454711
0.136468
0.133985
0.130086
0.137922
0.12518
0.133609
0.117171
0.134422
0.133932
0.131212
0.131285
0.133547
0.118533
0.133271
0.0346485
0.122643
0.126908
0.048849
0.131169
0.132921
0.139728
0.124587
0.128394
0.123278
0.132411
0
0.067643
0.121751
0
0.0904323
0.0565568
0.100732
0.0911439
0.128605
0.126024
0.0691181
0.126932
0.127584
0
0.13693
0.101317
0.106073
0.118095
0.135076
0.130642
0.130285
0.127722
0.132904
0.121858
0.0424904
0.127162
0.132974
0.129299
0.131996
0.103568
0.140125
0.140288
0.174648
0.161228
0.156799
0.16342
0.162882
0.143406
0.165931
0.0458977
0.146216
0.0532808
0.0501595
0.15977
0.17378
0.169033
0.155429
0.165071
0.15539
0.172682
0
0.123789
0.127563
0
0.124832
0.0542977
0.13575
0.123881
0.120297
0.131083
0.0804683
0.121411
0.134962
0.00282046
0.132135
0.104913
0.109733
0.0949713
0.13154
0.131952
0.138629
0.136551
0.140262
0.136198
0.0436629
0.133187
0.124821
0.129592
0.133107
0.115227
0.132358
0.121729
0.138807
0.133623
0.13352
0.136785
0.142903
0.124844
0.130621
0.0398164
0.126446
0.117768
0.0537981
0.127959
0.13077
0.135598
0.131402
0.130153
0.123789
0.133476
0
0.0653969
0.120605
0
0.115221
0.0649035
0.1311
0.126458
0.131152
0.160077
0.0548825
0.129053
0.135768
0
0.133896
0.0958819
0.105868
0.115614
0.129228
0.132877
0.134549
0.134287
0.133227
0.126231
0.0479766
0.130903
0.13098
0.127073
0.130997
0.125798
0.136444
0.12108
0.175266
0.169866
0.157599
0.158534
0.161755
0.144563
0.168674
0.0524153
0.15748
0.122305
0.056385
0.167785
0.169607
0.159908
0.157243
0.165618
0.15627
0.169451
0.00123774
0.118934
0.121227
0
0.123164
0.0646736
0.134935
0.121918
0.126088
0.131242
0.0899948
0.13141
0.135204
0.00140874
0.1339
0.103135
0.107472
0.114834
0.137419
0.129946
0.13344
0.131044
0.131441
0.128966
0.0500138
0.130081
0.130582
0.132525
0.130187
0.122268
0.130817
0.113511
0.137561
0.126318
0.129735
0.137306
0.128246
0.119517
0.139494
0.032882
0.125412
0.11032
0.0389003
0.124782
0.133941
0.136514
0.125471
0.12927
0.123594
0.125415
0
0.0658957
0.12516
0
0.0866151
0.0547535
0.0967867
0.0905934
0.0983574
0.103896
0.0704672
0.100827
0.098642
0
0.103853
0.0928462
0.0912367
0.107409
0.13157
0.134125
0.134431
0.12463
0.137325
0.121223
0.0395993
0.135217
0.133735
0.133227
0.132196
0.117429
0.133981
0.114636
0.131402
0.130179
0.127996
0.135099
0.131948
0.114784
0.161938
0.0474545
0.154641
0.117519
0.0583009
0.16409
0.168379
0.165158
0.159291
0.165804
0.153196
0.168697
0
0.122624
0.127421
0
0.121533
0.0565243
0.134215
0.125012
0.133076
0.132736
0.0821625
0.126099
0.129664
0.00441375
0.129727
0.104226
0.110378
0.0940269
0.133445
0.13386
0.133994
0.1302
0.137118
0.140944
0.0478149
0.134008
0.129786
0.137485
0.13611
0.149696
0.160581
0.113788
0.136668
0.134766
0.128205
0.134129
0.131648
0.127267
0.135474
0.0400308
0.133583
0.143484
0.0373361
0.133142
0.139909
0.133302
0.12963
0.136991
0.125937
0.12437
0
0.0668014
0.155763
0
0.11344
0.0622413
0.128617
0.120649
0.133556
0.135249
0.0815345
0.129866
0.129157
0
0.129529
0.0916212
0.0968546
0.137977
0.18091
0.161342
0.167819
0.154521
0.167949
0.153799
0.0427282
0.138643
0.13107
0.129626
0.133605
0.118273
0.12907
0.120446
0.130459
0.140262
0.122688
0.133494
0.13312
0.123327
0.134571
0.0485743
0.148342
0.114097
0.0576488
0.168725
0.162766
0.173647
0.161985
0.155661
0.148584
0.167471
0
0.124278
0.12348
0
0.113821
0.0594451
0.134201
0.127441
0.138293
0.135268
0.0842602
0.126362
0.133019
0.00292213
0.130404
0.0999276
0.10436
0.0943174
0.139899
0.139592
0.136663
0.129291
0.134639
0.133851
0.0484373
0.136207
0.132367
0.128283
0.131748
0.12356
0.124062
0.116734
0.130501
0.127742
0.130582
0.132271
0.13177
0.116353
0.136818
0.0401079
0.131679
0.109126
0.048169
0.132846
0.13187
0.141188
0.134138
0.134057
0.128543
0.135566
0
0.0471936
0.123874
0
0.0882924
0.055789
0.0998203
0.0935279
0.0943396
0.0987752
0.0591518
0.102424
0.128123
0
0.130327
0.0949194
0.0975277
0.106199
0.126016
0.131143
0.129291
0.134585
0.137094
0.129702
0.0482614
0.13426
0.137708
0.137566
0.136374
0.123324
0.136468
0.118085
0.13271
0.135414
0.131203
0.14272
0.163335
0.149535
0.167628
0.0489774
0.156597
0.119782
0.0584836
0.1727
0.163736
0.158448
0.16541
0.154612
0.143242
0.159785
0.0012141
0.119158
0.119657
0
0.1252
0.0622558
0.129542
0.125203
0.126879
0.136593
0.0907771
0.131523
0.128721
0.00143833
0.128816
0.0984979
0.111595
0.102407
0.133356
0.129955
0.134834
0.128053
0.136621
0.130621
0.0471187
0.132824
0.125251
0.135501
0.130128
0.122007
0.135341
0.111863
0.133605
0.13498
0.126004
0.12247
0.131852
0.12782
0.141889
0.032972
0.126803
0.117872
0.0378383
0.13786
0.128123
0.134431
0.124089
0.137005
0.122134
0.139349
0
0.0705729
0.126024
0
0.0693963
0.0551836
0.102277
0.0903125
0.0931995
0.0967087
0.0679502
0.0930637
0.101523
0
0.131057
0.0889166
0.0920154
0.109179
0.133147
0.132411
0.137174
0.12405
0.136004
0.125794
0.0389662
0.13308
0.13308
0.124146
0.12882
0.122737
0.134107
0.121267
0.136668
0.139709
0.130455
0.142653
0.129824
0.146559
0.163425
0.0527743
0.158078
0.114966
0.0562449
0.173943
0.17711
0.156676
0.158927
0.165848
0.145421
0.165536
0.0012162
0.117931
0.122854
0
0.120525
0.0657257
0.132789
0.129387
0.137822
0.128057
0.0956114
0.127775
0.140051
0.00140175
0.129446
0.105918
0.10502
0.113446
0.132556
0.132345
0.13637
0.12655
0.133147
0.126426
0.0521825
0.132201
0.132657
0.12979
0.126462
0.11201896645
