o
156.522
7.9929
66.1765
3.1746
163.793
97.4359
7.1888
195.876
70.8955
4.05204
179.245
0.437435
8.87436
3.47088
0.450653
61.0932
246.753
345.455
5.61964
41.2148
7.7551
90.4762
0.0876614
5.96359
6.08519
0.0104376
4.42804
0.902346
37.2671
4.02414
10.4712
33.2717
2.85261
7.5662
156.522
0.0142354
17.2911
1.08089
1.47917
5.14433
64.2857
281.25
11.992
30.7167
11.4358
0.218571
189.474
10.0953
14.3655
96.7742
7.74878
60.8974
2.84136
163.636
40.4494
8.00712
206.897
66.4207
3.9156
174.757
0.431458
7.11181
3.30607
0.42648
20.8092
240
315.789
6.75929
42.2535
7.84656
86.5385
0.0646046
6.04636
5.06532
0.0103936
5.14727
1.25865
40.8163
4.66442
12.0025
36.965
5.93009
9.47159
165.217
0.0145138
16.4645
1.14279
1.43245
5.93565
171.171
74.2188
283.582
10.1768
64.8464
30.5958
0.203096
160.714
18.6722
12.8755
96.2567
7.64981
14.3312
2.9572
186.275
139.706
6.75435
195.876
68.5921
4.12505
172.727
0.443811
8.42946
3.45158
0.439957
55.7185
218.391
311.475
5.30134
42.2222
7.89037
85.5856
0.0711328
5.55881
4.1256
0.0104645
4.59535
0.920622
36.5112
3.24032
10.5018
33.9623
2.49515
9.375
151.261
0.0143672
17.3745
1.11132
1.57041
5.29879
162.162
64.0569
285.714
11.8655
62.7178
32.9068
0.21988
185.567
18.2927
13.0048
95
6.20509
70.3704
3.07745
176.471
62.2837
7.9929
206.897
67.1642
4.10678
169.811
0.419199
8.00712
3.61698
0.443929
58.6319
250
321.429
6.91244
40.9091
8.10811
90.9091
0.0629714
5.26162
6.23155
0.0103346
5.50122
1.08788
40.5405
4.19056
12.2898
35.5805
3.4296
9.77869
166.667
0.0144187
11.8159
1.13331
1.60487
5.6263
161.017
71.4286
279.412
13.0048
68.3453
32.5342
0.216284
173.077
19.9336
14.1956
100
8.19299
67.6692
3.09544
132.867
42.7928
8.05768
200
67.3759
3.97822
186.275
0.431436
6.74716
3.62465
0.450429
53.6723
220.93
296.875
7.26022
42.5056
8.84132
90.9091
0.0755572
6.63408
3.95778
0.0104008
5.16203
0.963185
36.8098
3.12012
10.9489
38.2166
2.82619
8.94632
153.846
0.0143408
17.0132
1.10981
1.59476
5.20231
165.138
63.6042
290.323
11.3852
62.5
33.6449
0.214273
181.818
17.3745
13.9535
109.756
4.76429
66.6667
3.14301
176.471
68.9655
7.60456
204.545
69.2308
3.92756
183.673
0.429441
7.89474
3.53752
0.428286
56.25
250
327.273
6.72646
41.1899
8.18182
89.1089
0.0741348
6.45393
5.85156
0.010318
4.44774
1.12212
39.4737
3.88853
11.5533
33.0435
3.3009
4.86307
165.217
0.0144572
18.1125
1.07521
1.53622
5.35664
162.393
68.8406
287.879
12.3617
63.5452
30.8943
0.208994
191.489
18.2556
12.8755
99.4475
7.00332
65.5172
3.1864
178.218
74.5098
5.69374
191.919
65.9722
3.8563
177.57
0.429991
7.52475
3.40258
0.426679
54.1311
228.916
240.506
7.05271
37.7734
8.0135
87.5576
0.0856933
6.13497
5.60142
0.0103889
5.21978
0.983844
38.5396
4.0633
11.4183
35.9848
3.38319
9.30916
168.142
0.0144827
17.9754
1.14375
1.39726
5.37178
165.217
65.2921
271.429
11.7939
65.5172
34.7349
0.22197
187.5
17.561
12.6404
94.7368
8.24295
65.7439
2.71207
157.895
131.387
7.78884
200
66.4207
3.82572
174.757
0.411391
6.54545
3.55805
0.432235
55.9006
222.222
305.085
6.62008
40
7.57895
90
0.0681062
6.00801
6.0375
0.0103315
5.24934
1.19008
38.6266
4.12655
11.2782
36
4.66029
9.14341
159.664
0.0143412
16.6229
1.05322
1.46809
5.23416
157.025
69.8529
283.582
8.16853
65.5172
33.7478
0.224095
181.818
18.2002
12.9683
95.7447
8.66635
70.5882
2.90698
166.667
112.5
8.57551
219.512
68.5921
3.90144
197.917
0.44104
8.45572
3.5921
0.43543
61.0932
31.9328
322.034
7.09485
40.4255
8.15451
91.7874
0.0689255
5.64133
6.22191
0.0103215
5.43314
1.09776
39.823
4.17633
11.6883
37.7358
5.2879
9.97783
168.224
0.0142625
17.2414
1.1274
1.65365
6.25217
173.077
64.9819
310.345
12.1951
65.2174
32.2004
0.235753
191.489
19.1083
13.5237
103.448
6.31229
65.0685
3.10184
160.714
64.0569
8.05009
202.247
63.3803
3.0843
152.542
0.433244
7.41656
3.23956
0.427746
56.4263
233.766
315.789
6.73401
39.9113
7.64981
84.9057
0.0734244
4.65357
5.9098
0.0103956
5.20382
0.987221
37.9747
3.70752
9.83607
34.9515
2.80724
9.41423
156.522
0.0144017
18.5759
1.15684
1.51142
5.54583
149.606
64.4068
260.274
11.1765
60.7029
30.6452
0.212784
181.818
17.9104
13.1675
97.2973
8.64138
69.2308
3.17069
185.567
122.449
6.91244
202.247
72
3.62388
180.952
0.408207
8.2358
3.47088
0.418677
56.7164
250
292.308
6.49351
39.4191
7.9698
91.7874
0.0816313
6.33545
5.80271
0.0104339
4.71204
0.894188
36.5112
3.77596
10.4287
36
2.532
8.15956
156.522
0.0142899
17.2745
1.08886
1.49365
5.84605
165.138
70.8661
310.345
12.6493
68.9655
35.8566
0.227169
169.811
17.5097
13.1195
104.046
7.95645
61.8893
2.8667
180
45.9184
6.43547
216.867
71.7131
3.84205
174.757
0.443142
7.81929
3.05417
0.426237
61.0169
243.243
268.657
5.84416
41.1899
8.47059
92.7835
0.0798832
5.17241
5.53774
0.0102266
4.1919
0.999223
13.3432
3.8063
11.1732
35.1562
3.5524
9.71398
162.162
0.0143105
17.4927
1.18265
1.49689
4.27447
165.217
67.3759
292.308
12.266
60.8974
30.4
0.207761
180
17.8042
12.8388
102.857
8.06813
39.0456
2.88369
166.667
138.462
7.60608
208.791
70.8955
4.18042
180.952
0.426286
7.88709
3.50536
0.432565
60.1266
231.707
279.412
7.263
42.9864
8.68373
90.9091
0.0780002
5.59152
5.96026
0.0104213
4.51581
0.88218
37.3444
4.00891
10.6257
15.6794
2.7414
9.54401
159.292
0.0143009
17.2745
1.06408
1.53531
5.26624
181.818
68.1818
321.429
11.9601
63.3803
34.0265
0.230814
173.077
19.088
13.3531
96.2567
3.8038
62.9139
3.24786
182.692
66.4336
6.66901
200
18.1818
4.29864
182.692
0.458516
8.06109
3.24564
0.417992
57.3248
230.769
290.323
7.20576
44.8878
8.9955
95.7447
0.0831639
5.02934
4.34484
0.010324
4.95322
0.984144
38.2979
4.11241
11.2219
35.0877
3.49718
9.18762
163.793
0.0143409
16.565
1.06455
1.4989
5.48499
159.664
66.4336
301.587
12.2186
62.2951
32.1489
0.203544
165.217
18.3398
13.3333
96.4467
8.31409
59.4059
3.07587
173.077
138.462
7.6661
163.793
62.5
3.80609
180.952
0.433365
7.42768
3.34635
0.427312
57.4018
223.529
292.308
7.15631
43.8799
8.37743
87.963
0.065328
6.22339
6.1287
0.010345
5.20231
1.10715
37.5783
4.0937
10.6888
38.4615
3.77596
9.89555
163.636
0.0143378
17.8571
1.16009
1.60085
5.43314
156.522
63.6042
290.323
6.19621
62.9371
32.3741
0.21481
162.162
19.9115
13.5237
94.7368
5.12821
66.9014
2.56776
168.224
67.6692
8.22293
174.757
70.0389
3.95691
183.673
0.416744
8.13743
3.29061
0.457038
59.8007
253.521
339.623
7.57257
42.654
6.98216
88.67
0.0624248
5.54358
5.56369
0.01033
4.85568
0.867052
37.3444
3.84944
10.9622
34.0909
2.88277
9.45875
147.287
0.0144157
18.1125
1.04161
1.44421
5.55393
168.142
66.6667
287.879
9.45744
61.4887
29.321
0.217607
168.224
18.1452
12.894
100.559
55.167738235375
