o
206.25
12.4811
92.9577
4.03513
182.796
120.141
14.5735
213.836
89.9471
6.38258
179.894
0.678575
12.1646
4.92684
0.664517
74.8899
261.538
314.815
9.11528
60.6061
12.6535
126.394
0.128573
7.98838
6.85074
0.019785
5.24976
2.34675
53.8336
5.25227
14.9796
53.1401
11.922
16.4261
190.751
0.0249441
7.4542
1.48964
2.12301
10.0733
91.6667
26.733
22.5102
89.1892
51.2422
0.328139
181.319
23.7924
19.7368
118.705
12.5833
71.1297
4.06004
165.829
21.7966
12.8405
12.903
83.1234
6.10772
182.32
0.678426
7.64774
4.93111
0.667719
71.1207
257.812
314.286
9.40707
61.9137
12.8755
11.705
0.128865
7.69949
7.15187
0.0189415
7.98645
2.28279
6.6038
4.88527
11.4555
52.3077
12.2214
17.017
198.83
0.0271447
19.3072
1.47871
2.14119
9.92121
187.845
86.2944
311.927
22.942
40.9565
10.7504
0.334611
177.419
20.5224
19.0311
108.911
56.911529803
