o
79.4702
5.56328
37.037
2.2356
81.761
16.1491
4.44141
103.175
10.8063
1.96731
78.7879
0.280905
4.00616
2.21852
0.28013
32.9949
154.762
115.044
5.36746
29.6128
6.10329
53.719
0.0786183
3.00162
3.88475
0.00676854
2.07469
0.846501
22.8571
3.1463
7.43494
25.1046
3.09598
6.69269
72.2892
0.00894615
12.3967
0.756764
1.14624
3.65965
34.8837
108.108
8.04829
9.08403
23.2108
0.143816
59.1133
10.8597
9.51626
55.0459
5.8309
44.6097
2.29402
68.9655
52.8634
4.89197
98.3607
41.2371
2.02703
97.561
0.253716
5.21739
2.38901
0.289708
31.25
89.5522
155.844
5.23104
26.3736
6.18557
47.0588
0.0716046
4.56447
4.16956
0.00655436
3.68139
0.618568
21.8254
3.00055
4.16522
24.2424
1.66667
4.2343
60.6061
0.00911075
12.6984
0.749344
1.08147
3.7325
100
39.7351
131.868
8.54093
38.5852
23.0769
0.146581
84.507
12.0968
8.88231
50
5.49199
46.1538
1.85586
88.8889
41.2371
5.05263
66.6667
35.7143
2.23297
83.3333
0.27674
4.80192
2.17037
0.272201
32
73.1707
13.5593
3.43151
25
5.55813
48.583
0.0688638
3.80228
4.15656
0.00668916
3.55661
0.696338
23.2108
3.02572
7.59494
21.978
1.65746
5.95829
77.4194
0.00890885
6.53951
0.744094
1.06195
3.23974
76.4331
32.2581
97.561
7.70218
37.9747
21.164
0.139677
70.9677
10.1946
8.37404
35.3982
4.88202
26.2582
2.23547
90.2256
60.6061
4.92207
106.195
35.503
1.9838
115.385
0.265751
3.25468
2.50627
0.279785
29.3399
69.7674
120
5.05051
23.5756
5.79151
55.814
0.0692517
4.69667
3.28048
0.00657612
3.48322
0.638014
22.2222
3.02725
7.89474
24.1935
1.9084
6.34249
75.4717
0.00910325
11.7073
0.734214
1.04121
3.28497
83.3333
36.036
120
8.0591
38.0952
22.1402
0.14232
84.507
11.5496
9.03614
55.2995
4.33683
40.1338
1.8436
75.1445
59.9078
5.09804
71.0383
35.5191
2.2799
86.6667
0.287502
4.93921
2.58844
0.276349
32.5815
115.044
151.163
4.84894
21.5232
5.64481
61.6114
0.0853242
3.28864
3.87097
0.00675451
3.22148
0.637925
10.7431
3.0888
8.13559
26.2009
2.29973
6.08828
75.4717
0.00898126
11.2782
0.745388
1.1217
3.35477
80
32.2581
11.3101
7.74194
34.4828
22.3048
0.142901
68.5714
5.81959
8.49858
40.678
5.42571
18.3616
2.26972
76.9231
61.5385
5.17911
85.1064
37.7358
1.99435
69.3642
0.274154
5.19481
2.37443
0.292654
36.8098
105.263
106.195
5.38358
24.0481
5.7554
50
0.0711554
4.99168
4.18275
0.00661596
3.74532
0.686813
10.3896
2.93112
4.45104
23.6364
2.36364
6.64622
73.4463
0.00915155
13.2114
0.711588
1.0297
2.69207
46.7626
34.3915
141.304
8.11993
36.6197
21.2072
0.14857
19.4805
12.024
8.9153
47.4308
6.25
43.1655
1.90204
86.3309
52.4194
4.87988
6.96304
36.9318
2.51353
100.775
0.280094
5.45989
2.49688
0.279084
32.9114
91.5493
123.81
5.06823
28.3843
3.97797
39.5137
0.0906069
4.82733
4.29953
0.00677806
3.61991
0.669157
22.2222
2.66963
8.01068
23.166
2.37014
2.72294
67.4157
0.00901814
4.78278
0.698731
0.986518
4.30416
93.0233
35.2941
88.8889
7.55668
43.6364
24.6407
0.145366
100
12.3711
9.1047
47.619
4.24421
37.2493
2.2779
109.091
58.8235
5.40054
107.143
35.7143
1.95503
82.1918
0.296971
4.92005
2.47525
0.268061
32.0856
10.2041
181.818
5.06971
25.2101
6.02107
5.68451
0.0964537
4.884
3.96704
0.00659247
3.42955
0.618302
22.9885
2.77393
5.21286
21.0896
1.25
5.67438
55.0847
0.00915985
11.4841
0.686922
1.10319
2.77067
87.8378
34.4828
113.043
7.50144
35.2304
20
0.141358
77.9221
11.5163
8.9153
3.698
5.57362
38.961
1.77936
90.2256
57.4163
5.00835
96.7742
31.401
2.53313
112.069
0.26351
4.53594
2.58398
0.284988
33.9426
10.7705
110.169
5.0135
27.8373
3.21226
46.9314
0.0715867
4.82897
3.16706
0.00675862
2.42277
0.642983
21.9378
3.02039
7.88955
25
1.999
6.40683
71.8563
0.00892457
12.2449
0.700689
1.14569
3.62647
88.2353
39.2157
120
8.13559
41.5225
24.948
0.146549
47.8088
6.79117
8.62069
47.0588
5.51081
37.5723
2.18898
98.3607
9.98336
5.03356
81.0811
42.2535
2.41206
79.4702
0.277868
4.83481
2.18231
0.277002
10.5914
86.9565
166.667
2.92826
24.3902
5.40784
50.4202
0.0800678
4.76002
3.78678
0.00659963
3.66412
0.68646
22.9008
2.45851
7.18133
24.2915
2.20507
6.65188
88.2353
0.0091543
6.20155
0.755068
1.07216
3.6061
104.839
40.625
131.313
8.50785
37.3563
20.4082
0.146649
102.564
12.2574
8.81705
46.332
5.50711
37.3832
2.17234
72.7273
58.2524
5.2356
70.1754
37.5
2.39985
98.4848
0.28144
5.01543
2.10342
0.282228
32.2581
88.4354
104
5.29101
27.3684
4.82196
57.0175
0.0846288
4.54545
4.18994
0.00676403
3.65742
0.729217
23.166
3.04956
7.62873
25.5319
2.41206
6.42742
89.5522
0.00900472
12.959
0.742207
1.02494
3.54191
96.7742
41.8118
150
7.99467
39.7351
22.5141
0.143019
104.348
11.2888
8.92193
42.8571
5.36304
40
2.22222
72.2892
44.7761
4.75624
85.7143
37.037
2.35294
81.6327
0.267941
5.15685
2.54902
0.273929
17.094
133.333
141.176
5.17464
27.3973
6.05144
57.6923
0.0789417
3.57675
4.36095
0.00661428
3.06592
0.624772
19.3237
1.93175
7.29927
24.7934
2.30459
4.25532
80
0.00909344
10.8303
0.728288
1.01167
3.18237
94.2029
11.1972
134.021
5.92255
41.0095
22.807
0.145546
59.4059
9.21659
8.9153
41.3793
5.39084
39.604
2.29446
93.75
105.263
4.92798
97.0149
41.0095
2.08701
93.5252
0.282738
4.62469
2.24006
0.279438
31.6302
89.6552
147.727
5.26742
28.5088
5.05443
55.3191
0.0789573
4.07651
2.67857
0.00680102
3.46921
0.624252
21.978
2.6455
7.89993
26.3158
1.93767
6.22407
76.4331
0.00899095
3.73599
0.764672
1.06572
3.81073
94.4882
36.9231
127.66
8.31025
40.678
23.5294
0.144964
74.5342
12.6984
5.6872
59.4059
5.22928
35.3261
1.78598
94.4882
53.0973
4.81734
82.1918
36.6972
2.55537
83.3333
0.260129
3.05188
2.11485
0.278287
33.9943
162.162
200
4.24178
28.7081
5.98205
51.7241
0.0812777
4.86618
4.164
0.00661386
3.14795
0.729794
20.1005
1.76757
5.96125
20.5479
2.365
5.88502
73.0337
0.00913977
6.89655
0.754279
1.01065
2.37443
14.0086
36.1111
120.37
8.03958
6.12341
6.85654
0.141804
83.9161
11.8577
4.7866
46.332
2.86328
3.663
2.22717
88.8889
33.7079
5.02934
84.9673
37.3563
2.48329
94.8905
0.281483
2.60156
2.56959
0.280547
32.6633
86.6667
152.941
4.59526
28.1996
5.54608
55.0847
0.0795569
4.79174
3.96694
0.00681363
3.40909
0.744555
21.6606
3.07456
6.27615
9.03614
2.3976
6.37959
21.1268
0.0089972
12.2075
0.745712
1.04112
2.87356
67.7966
30.303
100.84
7.89993
38.5852
24.3902
0.142342
82.7586
12.5261
5.93472
54.7945
4.87607
44.4444
1.71086
77.9221
67.0391
3.8835
117.647
40.404
2.06221
97.561
0.27521
5.27241
2.63505
0.280302
29.0557
100
90.2256
3.97614
28.3688
5.90551
48.583
0.0671453
4.58015
3.94997
0.00659235
3.47771
0.66914
12.3874
2.59556
7.77935
26.9608
2.32903
6.84932
61.5385
0.00905064
7.5188
0.746872
1.06809
2.98805
69.7674
44.6097
98.3607
8.18554
40.9556
22.0183
0.143491
64.5161
2.52154
8.82353
39.2157
5.20382
41.0959
2.19579
100.84
46.332
3.98142
103.448
9.97506
1.96496
118.812
0.303115
4.81541
2.57324
0.27411
34.384
73.6196
103.448
4.97925
26.087
4.39883
48.3871
0.0905496
4.98132
3.73671
0.00666568
3.80711
0.649597
21.3523
2.7688
5.71429
23.5756
1.77672
6.10998
99.1736
0.00914561
11.9284
0.734259
1.1141
2.74662
68.9655
14.7059
95.2381
5.22193
44.1176
20.7972
0.145453
81.0811
6.73401
8.9955
49.7925
4.6225
42.8571
1.85787
86.9565
90.9091
5.21739
94.4882
37.7358
2.28484
82.7586
0.30018
3.26442
1.40795
0.292676
31.8302
111.111
203.39
3.79387
28.103
5.83374
57.0175
0.122685
4.85437
4.29185
0.0067223
3.39655
0.596481
22.2222
2.45952
7.64331
26.3158
1.5625
6.77201
77.9221
0.00915738
12.8068
0.788384
1.14482
3.09278
60.6061
37.2671
169.014
8.17439
41.8118
22.5989
0.146588
106.195
11.3744
5.92885
45.4545
5.75816
36.8098
1.55019
63.8298
7.32154
5.32387
8.48656
38.0952
2.25098
75.9494
0.291191
3.59281
2.60586
0.290733
30.2267
82.7586
160
5.11073
24.1449
5.89681
52.8634
0.122815
4.88798
4.2153
0.00667743
3.22494
0.751033
22.1811
3.07692
7.60456
11.194
2.96296
6.39659
65.9341
0.00906545
7.242
0.671892
1.13026
3.79627
86.9565
47.2441
98.3607
5.07829
37.1517
8.67679
0.141006
68.1818
11.194
8.98876
50
5.26547
40.404
2.24551
89.5522
67.0391
4.16522
100
39.0879
1.67364
81.0811
0.29163
5.12601
2.56355
0.29853
26.9663
68.1818
105.263
4.97925
27.2109
5.5788
49.3827
0.11462
4.88355
4.15369
0.00676936
3.70828
0.617888
25.5319
3.08087
8.42105
24.7934
1.80424
5.32151
96
0.00912739
12.024
0.645925
1.12952
2.94985
81.6327
36.5854
78.9474
6.34921
29.1262
22.8137
0.14537
100
13.0719
6.01805
59.4059
4.92051
39.1566
1.96046
66.2983
36.2538
5.03356
70.1754
7.05467
2.03631
86.3309
0.296648
3.99202
2.5
0.301492
30.6122
85.7143
166.667
4.82121
26.5487
4.30571
45.283
0.0995041
4.99376
4.24144
0.00667497
3.32963
0.634853
22.3464
2.886
3.39175
26.087
2.44549
6.12557
82.7586
0.00906836
11.2676
0.781861
1.08923
2.47321
10.9489
40.404
144.578
4.05132
34.8837
20.979
0.140187
67.4157
7.63845
5.90842
56.6038
5.5918
39.2157
2.2309
71.8563
33.1492
4.92813
114.286
43.6364
2.41352
105.263
0.296905
3.5098
2.60078
0.294233
32.345
79.4702
122.449
5.17688
25.2918
6.1553
60.4651
0.113063
4.87988
4.22386
0.00675829
3.44234
0.579878
22.4719
2.57511
7.68246
23.8095
1.94458
6.47598
61.2245
0.0090451
11.8694
0.774144
1.06167
3.45523
76.4331
37.8549
100
6.58617
34.384
9.02256
0.145897
93.0233
10.7914
8.17439
41.8118
5.76923
35.1351
2.27273
86.9565
81.6327
4.73
106.195
39.0879
2.44399
90.9091
0.291404
4.61361
2.55704
0.2542
35.503
115.385
133.333
2.72975
24.8447
5.82807
46.1538
0.0865663
2.74537
4.2153
0.00663906
3.5982
0.560407
22.6843
3.0722
7.39372
24.8447
1.97077
6.40342
92.3077
0.00912721
12.1827
0.718004
1.04013
3.517
86.3309
37.8549
115.385
7.66284
35.1906
23.5756
0.14784
93.0233
12.6582
9.21659
71.0059
3.37743
4.9896
2.24006
84.507
8.83002
3.52216
102.564
35.9281
2.11715
78.4314
0.293938
2.87632
2.4326
0.286253
8.73362
77.9221
123.711
4.0282
25.974
5.50847
56.7686
0.106351
4.77415
3.83754
0.00674355
2.94913
0.551953
21.3904
2.60756
5.82242
25.641
1.69276
3.53878
63.1579
0.00903017
6.04839
0.747245
1.04895
2.22305
88.8889
33.241
95.2381
7.49064
32
21.7786
0.146534
95.2381
11.5607
5.35475
51.9481
5.19931
40.5405
1.7246
105.691
57.5221
5.07218
90.9091
38.9222
1.88351
114.035
0.28116
5.08607
2.52685
0.275651
31.1005
82.8025
146.067
5.12618
26.5306
5.98251
59.3607
0.0764913
2.8584
4.10678
0.00675369
3.19234
0.646726
20.7254
2.35849
7.70713
22.8571
1.56965
5.74163
70.5882
0.00896432
11.6167
0.755144
0.861017
3.22061
65.2174
37.8549
11.0092
8.19113
37.037
22.2635
0.144998
96.2963
12.0482
9.14849
50.3876
5.55793
44.9827
2.026
21.9378
45.6274
4.28266
88.2353
32.6087
2.09351
90.9091
0.262824
3.33519
1.84214
0.279362
31.8302
141.176
142.857
5.19931
24.1935
5.75816
60
0.0767916
4.87409
4.16934
0.00662196
3.89484
0.674974
20.934
2.95253
5.66202
25.641
2.56765
4.54864
85.5263
0.00915561
11.5761
0.692299
1.08297
2.78432
75.1445
42.623
99.2366
5.41216
40.625
20.6349
0.143205
75.4717
11.9522
8.96861
48.583
6.11621
35.9281
2.1904
73.0337
77.381
3.56067
104.839
41.6667
2.42221
84.9673
0.282912
3.64409
2.50156
0.275799
36.1446
105.263
106.195
4.89396
27.3349
3.03721
51.5021
0.076555
3.1679
4.15656
0.00670643
3.26087
0.55394
19.6399
2.49896
6.77966
9.90917
2.34101
6.23053
81.6327
0.00892746
11.6845
0.740969
0.869502
4.09836
98.3607
39.3443
146.341
8.49257
41.0959
21.978
0.144476
61.2245
10.8333
7.82661
39.039
5.04658
43.9189
1.84928
75.4717
66.6667
5.08259
62.8272
37.037
2.58176
77.9221
0.270331
4.76002
2.3285
0.272405
27.027
83.3333
136.364
3.32779
25.1046
5.82524
52.1739
0.0766577
3.5016
4.1868
0.00661231
3.85356
0.655594
22.6087
3.02607
7.59346
23.0906
1.83746
6.19343
76.4706
0.0091387
7.21021
0.762195
1.11924
3.12275
106.557
43.771
118.182
7.94621
35.9116
19.7269
0.147131
92.3077
11.893
8.68936
51.0638
5.61798
38.7097
2.29051
97.561
28.103
5.02092
101.695
33.3333
2.21076
97.561
0.294363
4.66019
2.00033
0.259426
30
75.9494
110.092
4.92005
26.9663
4.14794
47.2441
0.0891133
4.72441
4.2523
0.0066359
3.76648
0.714116
21.6998
3.02496
8.0591
23.4834
1.99534
6.18557
87.5912
0.00913643
11.8343
0.77695
1.11514
3.41297
83.9161
33.241
111.111
8.92857
39.8671
20.9059
0.145659
102.564
12.4481
9.28793
57.971
5.47695
36.2538
1.98282
79.4702
64.5161
4.20315
86.3309
35.503
2.32964
75.4717
0.285633
4.35572
2.67201
0.282034
32.6975
86.3309
190.476
4.91803
24.2424
5.27241
48.3871
0.16204
4.94845
4.03226
0.00669777
3.58209
0.603652
23.1214
3.08087
7.88955
26.7261
2.37577
6.86499
93.75
0.00912303
12.8205
0.746547
1.10274
2.89366
96
39.3443
133.333
8.12458
41.6667
22.5141
0.144561
60
11.3314
8.94855
48.1928
4.06091
39.8671
1.56945
95.2381
69.7674
4.90396
73.6196
34.8837
2.27402
81.0811
0.270252
3.09358
2.2363
0.306506
31.25
93.75
101.695
4.16522
26.087
5.20833
50
0.0678388
3.14465
3.02191
0.00671798
3.58959
0.740147
23.4375
2.66016
7.80742
22.6415
3.05966
3.58209
75.9494
0.00895587
12.3967
0.765599
1.05088
3.77477
113.208
36.5854
102.564
7.93651
36.6972
21.5827
0.144068
74.0741
12.3457
8.74636
52.6316
5.55556
38.9222
2.18301
74.5342
38.7097
3.13725
95.2381
36.5854
2.10268
64.5161
0.286834
4.47261
2.30129
0.286082
32.7869
99.1736
218.182
4.12939
29.0557
5.90551
61.5385
0.0995801
3.77715
3.43008
0.00671591
3.47594
0.753667
21.7755
2.68262
7.91236
24.4821
1.89394
6.0437
75.5814
0.00915176
12.2066
0.76873
1.10535
2.84277
71.0383
35.8127
103.175
3.27704
36.2117
11.9926
0.14178
62.8272
11.6054
8.52273
41.958
26.9484778581437
