o
194.631
11.5538
87.0871
3.99779
193.333
120.833
12.5541
223.077
85.7988
5.73009
185.897
0.673338
10.5263
4.63185
0.668711
74.359
284.314
315.217
9.20343
60.5428
12.0783
120.833
0.120803
7.71277
6.59991
0.0162758
5.49451
1.63233
49.8282
5.13274
14.3281
50.6108
6.01535
14.6984
197.279
0.0229385
25.0216
1.41761
1.91394
8.59005
87.8788
27.9923
19.0915
92.0635
50.173
0.320704
201.439
23.1405
18.7166
118.644
11.9934
26.9266
3.85587
195.946
84.058
12.0033
224.806
86.5672
5.70641
183.544
0.600302
10.4467
4.49473
0.601535
72.5
261.261
333.333
6.8364
56.5302
11.1453
118.367
0.10498
8.32377
6.92785
0.0163925
6.42202
1.72744
59.7015
5.03235
17.6614
50.0864
8.28098
16.183
187.097
0.0234026
30.0518
1.3733
1.93695
8.83608
192.053
96.99
322.222
19.1293
93.5484
50.8772
0.304232
192.053
28.6561
18.2275
122.881
12.3773
90.0621
4.07934
205.674
64.877
12.2777
223.077
88.1459
5.77114
185.897
0.654938
8.74811
4.84869
0.651554
75.718
278.846
302.083
9.02302
58.7045
11.6888
121.849
0.110553
8.39606
7.61755
0.0161909
7.7748
1.99615
55.3435
5.35747
16.3472
51.6014
10.1683
15.9516
202.797
0.0232345
27.9653
1.51412
2.13141
9.47712
210.145
95.7096
341.176
17.491
96.6667
52.8233
0.316846
202.899
28.3976
18.8557
122.363
10.6735
87.8788
4.15771
181.25
40.9027
11.8416
208.633
85.2941
4.93785
152.632
0.669468
6.72854
3.89105
0.679157
37.6623
266.055
325.843
9.38208
60.166
12.4038
120.833
0.112773
7.32693
6.66513
0.0161798
7.18501
1.73708
53.6398
4.79815
16.9096
49.236
6.47321
15.3358
190.789
0.0235194
26.8022
1.33807
1.9802
8.20136
155.08
84.058
281.553
18.9295
86.8263
26.4117
0.323986
184.713
22.1713
17.2619
114.625
63.55606042
