o
43.0108
2.31281
20.7792
1.07933
37.037
35.8744
2.6738
36.036
20.4082
1.32472
28.8809
0.165201
2.67023
1.90703
0.194297
22.0386
6.97472
13.3111
3.71747
19.0024
3.47373
32.6531
0.0159858
3.26931
2.13276
0
1.86393
0.328718
13.4228
2.16392
4.06091
17.1674
0.872791
3.48129
32.7869
0.000804259
6.70017
0.561916
0.791452
1.63399
18.8679
71.4286
3.87597
22.8571
15.0094
0.106535
39.548
6.54206
5.94732
25.641
3.35821
26.7062
1.45006
23.3918
17.4292
2.53405
38.6473
21.6802
1.38337
25.5591
0.150668
2.71003
1.9802
0.160914
16.1943
50.6329
76.9231
3.38553
13.8169
2.9985
23.1884
0.0199309
2.8975
2.85171
0
1.94979
0.301773
12.2324
2.19962
3.22581
17.5097
0.814848
3.80228
43.4783
0.00141927
6.56455
0.585632
0.853728
1.95482
51.7241
20.4545
56.6038
4.10397
22.2772
12.2951
0.104594
27.1186
7.5188
5.66572
19.656
3.00752
20.8333
1.07512
50.3145
36.8664
2.53165
34.9345
5.78035
1.38074
48.1928
0.178154
3.17209
1.69492
0.189506
17.4292
36.5297
21.6216
3.62647
16.0966
3.76117
34.188
0.0162415
2.50627
2.2309
0
2.15575
0.29843
14.0598
2.53646
5.01253
14.733
0.912409
3.35008
54.0541
0.00160416
6.92042
0.59515
0.667334
1.98413
48.4848
26.936
43.4783
4.3956
25.0784
13.0081
0.106184
30.7018
3.37187
3.89105
24.1692
3.09119
19.1847
1.49617
24.4648
36.8664
2.70179
42.7807
19.7044
1.16431
31.3725
0.134576
2.95203
1.99104
0.166517
19.2308
49.3827
51.2821
3.54296
14.1093
3.83142
33.7553
0.0135717
2.84192
3.26531
0
1.84648
0.322313
13.2827
1.20828
2.72201
13.7931
0.608273
3.6036
54.7945
0.00211111
7.17489
0.598534
0.8
1.68492
39.0244
23.5294
64
4.22833
19.3705
11.1576
0.111788
28.2686
5.8309
5.34759
30.5344
3.03145
30.303
1.7735
47.619
25.89
2.68727
38.0952
17.8971
1.32714
42.5532
0.193545
2.60841
1.67015
0.187886
16.5975
55.9441
5.40541
2.48679
17.2414
3.53201
35.3982
0.0174644
2.53485
2.77489
0
1.97824
0.310668
14.1844
2.08986
4.41258
17.4672
0.906721
3.21802
54.7945
0.00209399
6.72269
0.591017
0.821693
1.92077
43.4783
21.5633
58.3942
4.0201
23.3236
13.0506
0.120592
42.6829
6.42792
6.38686
25.5474
3.01003
25.788
1.61714
24.3161
41.0256
2.7248
35.7143
16.9851
1.37575
33.195
0.142331
2.42204
1.80759
0.168011
19.0476
8.95857
53.6913
3.59228
16.7715
3.18345
34.188
0.0182958
3.125
2.78035
0
1.86741
0.347887
12.1766
2.49922
3.76117
10.5018
0.706769
3.67948
39.1304
0.00213876
6.70141
0.450902
0.759814
1.75029
31.4685
6.29371
58.4416
4.21941
21.7391
9.59488
0.108494
37.3832
7.09849
5.5325
23.1884
2.40529
23.5988
1.62526
56
24.024
2.72758
38.6473
20
1.35939
43.4783
0.197668
1.78891
1.2432
0.181575
14.3627
41.8848
41.6667
3.73657
19.7044
3.18852
38.0952
0.017523
2.50941
2.72572
0
1.95551
0.352345
12.7592
2.05181
4.158
16.129
0.768713
3.4617
47.0588
0.000796229
5.92593
0.570695
0.842726
1.81406
43.7158
20.9974
58.8235
4.38596
20.1511
13.0081
0.115718
38.674
6.43382
5.37634
21.8069
3.07482
20.6422
1.34026
34.4828
26.8456
2.14075
33.7553
20.2532
1.24012
41.4508
0.169069
2.63852
1.6813
0.147661
21.6216
47.0588
59.2593
3.85356
12.7389
3.41151
32
0.0224017
3.39271
3.11203
0
1.87485
0.326717
12.1029
1.66771
3.61174
17.66
0.88845
3.44696
6.35145
0.00142171
7.49376
0.594099
0.793091
1.9202
60.8108
19.6937
49.7238
4.57317
21.4797
13.3333
0.102187
36.5297
6.21601
6.24512
32.9218
2.39163
21.6216
1.2011
36.2694
56
2.57732
48.2759
14.8148
1.05904
47.0588
0.185486
2.65164
1.76367
0.196016
14.4665
43.7158
61.0687
3.65297
4.87211
3.08523
36.1991
0.0170668
1.88501
2.56575
0
1.75901
0.356554
12.3267
2.26822
3.75763
15.4143
0.874317
3.26931
39.2157
0.00159543
6.08365
0.586725
0.84665
1.58103
35.0877
23.0548
66.1157
2.92505
21.8579
12.6984
0.112325
53.4351
6.93069
6.18375
23.9726
2.46002
25.5591
1.51315
28.3688
21.5633
1.77148
49.3827
23.4604
1.04466
30.888
0.140142
2.65957
1.95312
0.169097
15.7791
45.1977
36.036
2.44051
14.0845
3.29218
27.5862
0.0181389
3.46921
2.25797
0
1.6129
0.293169
13.2325
1.78344
4.2042
14.4628
1.00865
3.87597
46.6667
0.00140171
7.07786
0.504891
0.853971
1.99203
42.7807
16.6667
58.3942
5.00626
20.3562
10.4031
0.111394
38.4615
6.29921
4.39802
19.2308
2.30481
29.0909
1.64745
46.3576
53.4351
2.9511
41.4201
25.4545
1.26924
58.3942
0.196807
3.04414
1.7234
0.199486
16.2933
27.3973
4.34546
3.94672
18.0995
3.48129
28.777
0.0169052
3.02572
2.81096
0
1.91893
0.375147
12.5984
2.46078
2.9401
15.1803
1.04302
3.24281
44.4444
0.0023945
5.80131
0.591497
0.791531
1.76134
48.4848
23.7389
39.604
3.89294
20.3562
12.6382
0.114499
47.9452
6.48749
6.69856
23.1023
2.63765
25.7235
1.63666
28.169
28.2686
2.6534
32.1285
20.4604
1.14318
36.3636
0.14028
2.80112
1.65153
0.163506
18.018
33.195
88.8889
4.01204
18.648
3.30989
26.936
0.0171959
3.38839
3.09119
0
1.26537
0.32454
13.0841
2.19092
4.20168
16.5877
0.785899
3.88242
35.8974
0.00139072
6.67302
0.573582
0.668114
2.02686
61.5385
20.6718
51.9481
4.53258
18.3908
9.30233
0.115686
29.4118
6.24512
4.72534
5.82242
3.02115
23.3236
1.46751
47.9452
58.8235
2.45248
48.4848
24.8447
0.989242
42.1053
0.181246
2.9985
1.62569
0.202112
18.7354
53.3333
44.1989
2.25162
17.094
3.276
32.7869
0.0171061
1.90024
2.73879
0
1.63399
0.326544
11.4449
1.94979
4.02617
15.2381
0.804343
3.22971
24.6914
0.00159304
6.18716
0.526697
0.821018
2.02224
36.8664
23.5294
45.1977
4.26894
22.5989
15.2964
0.113803
45.7516
6.32911
6.2724
4.53662
3.28467
22.5564
1.58479
27.4914
13.3779
3.03375
52.2876
19.802
1.5625
33.6134
0.141864
2.58649
1.5859
0.156049
16.2272
40.404
43.0108
3.41443
15.9046
2.15692
31.0078
0.0191582
3.72266
2.67539
0
1.41418
0.340788
10.6667
2.11361
4.16017
15.873
0.904568
3.45224
32.491
0.0021612
6.08931
0.543183
0.779153
1.83974
45.4545
25.1397
65.2174
4.62487
20.6422
11.6129
0.109054
50.6329
6.03318
4.42478
18.648
2.8975
22.8571
1.02624
34.1463
25.0896
2.55474
33.3333
17.9372
1.18064
47.619
0.179743
2.99513
1.86176
0.194695
23.5988
39.2157
44.9438
3.66468
15.8416
2.63158
35.2423
0.0167013
2.06718
2.83587
0
1.93845
0.323167
10.989
2.35018
4.05268
15.2381
0.944064
3.41006
25.3165
0.000794923
7.19424
0.568505
0.880088
1.76874
35.8744
8.54701
76.9231
4.17319
16.2933
15.3846
0.109324
37.4332
5.70962
5.29101
28.2258
3.00865
21.7984
1.62272
34.4828
40.6091
2.88913
34.3348
18.9573
1.54024
34.632
0.145584
2.67917
1.76484
0.168684
17.3913
47.619
70.7965
3.4662
13.5823
3.28947
31.6206
0.0186702
2.9873
2.74725
0
2.06879
0.309645
12.2324
2.07577
3.79327
12.8205
0.821524
3.85914
35.1562
0.00140329
5.42169
0.514205
0.866739
1.92308
44.4444
16.129
64
4.5977
16.9492
7.82014
0.108077
27.1186
6.31413
5.42741
25.1572
3.02001
17.3536
1.45587
63.4921
24.4648
1.87838
29.9625
16.632
1.38576
30.0752
0.144129
2.7482
1.19729
0.154601
16.4271
28.5714
51.6129
3.58905
13.6286
3.69004
32.3887
0.0217972
3.53045
1.8649
0
1.7625
0.31794
12.5196
2.22655
4.54545
13.7457
0.880475
3.27869
52.2876
0.00142424
6.48824
0.542226
0.790358
1.77344
49.3827
20.4082
66.1157
3.97417
18.018
13.5364
0.104122
29.8507
5.04414
3.44086
39.801
3.00978
26.2295
1.70104
56.338
26.8456
2.04761
62.5
22.2841
1.42781
41.0256
0.238713
3.01773
1.8648
0.243955
14.1093
42.328
62.5
3.36134
17.9775
3.29489
30.303
0.0200764
3.39367
2.32221
0
1.93283
0.361975
12.9032
2.2409
4.15153
16.9851
1.07325
3.53982
35.8744
0.00142727
6.85518
0.573271
0.795071
1.92077
48.7805
21.3333
47.3373
4.28495
18.4332
13.1148
0.106601
42.328
6.43087
5.43478
28.5714
2.58983
21.2202
1.55249
38.835
45.977
2.58398
41.2371
23.4604
1.45059
31.6206
0.137663
2.81195
1.84162
0.159267
15.0659
39.0244
52.6316
3.23887
14.1593
3.64465
21.978
0.0200766
3.06748
1.49204
0
1.80261
0.340064
14.1093
2.20507
3.70199
14.8976
0.867021
3.62483
38.835
0.00215884
6.81431
0.638417
0.851879
1.89036
48.7805
24.7678
47.9042
4.13437
20.1005
12.7389
0.100379
31.746
5.33689
3.39127
24.7678
3.34868
22.0386
1.6632
38.4615
53.6913
2.57649
66.1157
22.4719
1.22175
55.1724
0.252414
2.3088
2.01258
0.243769
19.3705
50.6329
57.554
3.36559
15.9363
2.95421
29.7398
0.0205513
2.12565
2.75387
0
2.10194
0.377234
14.9813
2.38521
4.5977
18.1818
0.907956
3.39559
42.328
0.00141946
6.68896
0.565771
0.853698
2.09809
35.5556
19.3705
55.9441
3.96825
16.9133
10.6242
0.112511
36.3636
5.44959
5.78035
31.6206
1.96764
6.03217
1.4752
26.7559
33.8983
2.98619
26.936
13.245
1.42146
38.835
0.147495
2.51414
1.21017
0.150872
18.5615
54.7945
54.7945
3.70714
13.4454
2.7482
37.7358
0.0198975
3.52889
2.67618
0
1.67856
0.323821
12.1766
2.25797
4.53001
17.3913
0.888593
1.80628
43.956
0.00215401
6.94444
0.576992
0.866739
1.89529
40
16.9492
62.9921
3.85914
23.4604
13.6519
0.111345
22.0386
3.56824
4.40529
20.6186
2.76625
25.1572
1.76056
44.4444
37.2093
2.85816
34.188
18.6047
1.33356
41.8848
0.24058
2.6534
1.69312
0.240428
14.8976
48.1928
55.9441
3.08285
10.7914
3.46955
5.29412
0.0184162
3.47222
2.80014
0.000699465
1.71932
0.33629
10.5263
1.52847
4.10046
16.7015
0.859753
3.3195
36.3636
0.000715107
7.64818
0.626566
0.885642
1.79332
48.1928
20.4082
54.0541
3.59228
24.6914
11.5274
0.111518
37.9147
6.0241
3.70199
29.6296
2.83861
24.0964
1.56219
24.2424
35.8744
2.7972
57.554
21.5054
1.40919
38.4615
0.142093
2.14592
1.14531
0.169671
18.7793
27.5862
69.5652
2.82386
14.4404
2.94877
25.3968
0.0182313
3.58423
2.96846
0
1.94081
0.316642
12.0482
2.12895
4.26309
17.8571
0.817375
3.9019
34.4828
0.00140537
7.15746
0.626679
0.843678
1.53812
37.6344
18.3727
58.8235
3.67069
20.0573
13.4357
0.108685
27.4914
5.33689
5.50206
18.3066
3.03951
32.6531
1.6601
57.554
44.1989
2.62295
50.6329
17.5439
1.38002
47.3373
0.24167
2.71095
1.97628
0.235135
15.5945
48.4848
53.3333
3.4617
14.3885
2.98013
26.7857
0.0185564
3.60721
2.98174
0
1.80302
0.314428
11.7994
2.02788
4.83092
16.2602
0.968289
3.70028
49.6894
0.00145374
6.19675
0.581522
0.83091
1.91893
70.1754
20.4604
52.9801
4.01405
22.5989
16.5289
0.108241
45.7143
6.07903
5.60224
22.5352
3.45572
24.3161
1.17699
33.0579
35.7143
2.92184
36.3636
26.4901
1.14811
48.4848
0.17441
2.50235
1.85014
0.199581
18.0587
56.7376
42.328
3.95257
16.9133
3.95648
30.0752
0.0153153
2.67023
2.66845
0
1.9536
0.306455
12.3267
2.4368
2.30216
14.5719
0.741084
2.8551
33.7553
0.000792299
6.9025
0.612182
0.838311
1.83908
43.4783
20.8877
7.64088
4.02212
30.5344
13.0293
0.10736
39.2157
4.79904
5.97015
23.1214
2.12427
24.2424
1.58165
57.1429
47.0588
2.63418
39.0244
19.4175
1.3767
47.0588
0.14203
2.78746
1.76874
0.169291
18.1406
39.2157
58.3942
3.46921
14.5455
3.34029
29.7398
0.0176597
3.23625
2.96187
0
2.1021
0.330756
4.55581
2.18341
4.21053
16.7715
0.608041
3.67647
54.7945
0.00211123
7.09849
0.607672
0.8279
1.8583
36.036
23.3918
70.1754
4.94743
20.202
8.93855
0.11108
30.888
5.10856
5.02828
22.2841
2.22346
23.1884
1.1713
43.2432
27.027
2.23901
38.835
18.018
1.36776
52.6316
0.178492
3.22321
1.80628
0.200622
18.9125
47.3373
13.8408
4.08163
15.9363
3.46921
35.8744
0.0152158
3.4188
2.75577
0
2.10139
0.32305
13.0933
2.07093
4.62695
15.2964
0.8831
3.58584
39.801
0.00079929
6.68896
0.58707
0.83022
1.58384
47.619
17.9372
84.2105
4.37876
19.0476
14.1093
0.107666
41.9162
2.95203
3.38409
33.0579
2.93794
18.6916
1.554
37.7358
56.7376
2.64463
49.3827
14.5985
1.25098
40.6091
0.133438
3.01545
1.92725
0.167095
20.0501
48.7805
51.6129
3.38983
14.1343
3.16456
25.7235
0.0163576
2.58816
2.92505
0
1.64861
0.311194
9.92556
1.33467
3.90625
15.9046
0.67929
3.69686
34.9345
0.00284405
4.36443
0.614487
0.786318
1.81529
48.1928
21.978
59.7015
4.21496
21.6216
3.53201
0.112219
31.0078
5.94796
4.69759
23.5294
2.49554
24.911
1.58541
35.3982
31.3725
2.79135
36.6972
17.316
1.19564
30.6513
0.139268
2.57069
1.89445
0.162029
14.4404
54.7945
61.0687
3.32088
15.3551
3.34308
25.7235
0.0173732
3.19107
2.75482
0
2.04798
0.31355
13.41
2.15916
4.06504
13.0112
0.820056
3.88242
42.9448
0.00209804
7.12106
0.545426
0.770925
1.49701
47.619
22.293
42.4242
4.66045
22.0126
13.4357
0.107756
28.8809
5.98802
5.50585
27.972
3.08048
21.6802
1.54024
50.3145
37.5587
1.64982
48.4848
22.5352
1.31062
41.4508
0.251525
2.59151
2.01664
0.235004
17.6211
53.3333
67.7966
3.17712
18.1818
2.59151
32.9218
0.0192636
3.29083
2.75672
0
1.52439
0.339616
10.5263
2.20568
4.24178
16.3265
0.853698
3.79687
23.9521
0.00214
5.47945
0.58326
0.786164
1.94837
34.7826
19.5122
49.6894
4.45186
18.5615
12.945
0.115838
64.5161
6.639
3.03836
24.6154
3.19361
23.7389
1.33846
51.9481
46.2428
3.18598
45.7143
20.0501
1.41618
34.0426
0.189358
2.67827
2.032
0.214425
17.3913
40.6091
25.5591
3.25866
16.5975
3.77358
9.30233
0.0147375
2.22099
2.32897
0
2.33713
0.315134
10.989
2.23651
2.99177
14.4404
0.798802
3.69174
32.7869
0.00161568
6.6778
0.622665
0.814001
1.72973
40.6091
20.7792
49.6894
4.67017
21.164
13.8169
0.108037
34.3348
6.30915
5.44588
25.974
2.95179
22.0049
1.66424
19.8511
32.1285
2.76339
37.2093
26.7559
1.11188
46.7836
0.151504
2.30747
1.85452
0.163375
18.2232
39.0244
56.7376
3.52268
15.9046
3.26531
30.6513
0.0186597
2.31951
2.69784
0
1.78998
0.312761
10.8565
1.49651
3.78629
13.8037
0.746888
2.28484
28.9389
0.0021664
7.5
0.624436
0.816697
1.55333
22.7273
15.873
35.1562
4.38596
20.5479
9.16497
0.107367
29.4118
5.5905
5.22193
24.3902
3.28272
21.5054
1.83739
65.0407
61.5385
2.42131
50
19.9501
1.38504
50
0.255722
2.67917
1.97726
0.24241
16.2272
38.6473
50.6329
3.52268
16.1616
3.42173
34.188
0.0199959
3.27154
2.82586
0
1.44352
0.341355
11.3314
2.19901
4.23729
16.3599
0.902222
3.66468
29.7398
0.0021669
6.70578
0.59356
0.863931
1.48395
31.3725
16.5975
48.4848
3.88538
24.3161
11.0345
0.115247
37.5587
6.18716
6.03318
27.7778
2.9252
25.0896
1.5776
42.7807
52.9801
2.97841
45.1977
19.9005
1.04781
44.9438
0.134583
2.66756
1.86617
0.172343
16.0643
39.2157
52.6316
3.07338
12.1212
3.28272
26.3158
0.0139517
3.73832
2.87356
0
1.3804
0.320586
13.9721
2.05218
4.1791
16.129
0.750188
3.32226
30.5677
0.00280023
7.16479
0.593421
0.8626
1.81394
54.6875
19.774
61.9469
4.29711
19.3906
13.6719
0.11073
34.0426
6.29921
5.34759
19.9005
3.02801
25.974
1.54113
39.4089
32.7869
2.73504
41.6667
19.0931
1.36612
54.0541
0.248772
3.09478
1.90522
0.240688
19.1388
65.5738
64.5161
3.38553
15.5642
2.56739
31.25
0.0198297
1.64144
2.71003
0
1.68421
0.336913
13.1579
2.46002
4.36681
16.8776
0.893855
3.52268
40
0.00215549
7.21371
0.638519
0.676647
1.87529
43.4783
14.7601
67.7966
4.14938
21.0526
10.4849
0.109322
34.9345
5.76369
5.64573
23.7389
2.4837
23.1884
1.66424
50.9554
26.2295
2.81492
37.5587
18.9573
1.43138
73.3945
0.173649
2.31147
1.64305
0.211366
19.6078
55.5556
61.0687
2.38877
15.0659
3.35149
35.5556
0.0153885
3.25866
2.79916
0
2.02634
0.325786
14.7601
2.02532
3.33611
15.534
0.843526
3.78609
38.6473
0.00162496
8.02407
0.577617
0.762268
1.79332
59.2593
27.7778
51.2821
4.18191
26.8456
13.5135
0.104563
44.1989
6.53061
5.26662
26.2295
2.97508
22.8571
1.62933
45.977
26.2295
2.82686
44.1989
19.8511
1.3947
52.6316
0.250039
2.31616
1.62404
0.241992
17.8971
62.9921
60.1504
3.12256
10.0883
3.0654
36.2903
0.0184426
3.1881
2.87666
0.000700907
1.76445
0.317385
14.4928
2.04918
4.33604
18.7354
0.979312
3.68324
37.9147
0.00217058
7.8125
0.598041
0.821862
1.92678
59.2593
18.4758
51.9481
4.34546
24.5399
12.7592
0.11148
45.4545
6.56814
5.84368
32.7869
2.8135
20.5279
1.70285
29.9625
33.8983
3.03836
51.2821
21.3333
1.41143
6.04686
0.141225
2.49532
1.12549
0.166677
14.1844
49.3827
52.9801
3.49192
16.5631
3.24018
39.2157
0.0160063
3.30852
2.70453
0
1.96629
0.318182
11.5321
2.06246
4.29448
16.5485
0.810748
3.38328
39.1061
0.000694652
6.81597
0.568643
0.853242
1.66548
47.9452
23.8095
74.4681
3.68421
21.6718
12.7042
0.111737
30.5344
6.06061
5.32623
35.2423
2.86636
21.5054
1.38026
50.9554
36.5297
2.8169
40.201
16.8421
1.37599
51.6129
0.256295
2.1488
1.95695
0.24205
16.129
51.9481
67.7966
3.68834
17.3536
3.74532
26.0116
0.0191223
3.05707
2.78358
0
1.79937
0.337567
12.1396
2.09096
4.158
14.3113
0.917536
3.72439
40.201
0.00142881
6.72834
0.598444
0.824572
1.92308
40.8163
19.4647
85.1064
4.23729
22.9885
6.56814
0.109008
44.9438
6.24025
6.13497
21.6216
2.83487
23.7389
1.64813
33.195
4.77327
2.87047
41.8848
19.2308
1.47411
44.1989
0.146065
2.59151
1.23381
0.159366
18.9573
37.037
57.971
3.62483
16.632
3.40136
36.8664
0.0180984
2.98285
1.37573
0
1.30506
0.31015
11.5774
1.94458
2.78649
17.4672
0.849979
3.55872
42.1053
0.0014368
7.14924
0.568464
0.753438
1.64541
35.0877
21.164
54.0541
2.60926
19.2771
13.5364
0.106906
23.1214
5.83942
3.78072
24.0964
3.06044
22.9885
1.50546
30.4183
36.036
2.8715
43.2432
24.2424
1.37812
38.2775
0.136391
2.60078
1.7094
0.173067
15.1229
50
57.971
3.30989
18.3908
3.4662
34.632
0.0136032
3.4828
2.23152
0
1.91676
0.317072
9.90099
1.33378
4.09417
14.652
0.705405
2.38308
41.6667
0.00139522
6.62252
0.570532
0.789422
1.84459
37.2093
19.0931
67.7966
4.80769
19.7531
7.14286
0.110065
30.6513
5.27704
4.49944
23.8095
2.98285
27.1186
1.16822
52.2876
48.1928
2.96956
32.7869
18.3486
1.11328
38.0952
0.169215
2.67648
1.94363
0.202634
19.0476
66.6667
68.9655
3.25203
9.01917
3.04183
24.0964
0.0155747
2.80702
3.19489
0
2.01309
0.32236
11.236
2.18221
3.96432
20.5656
0.94284
3.35008
50.6329
0.000800616
6.49878
0.557258
0.811359
2.02891
44.4444
24.9221
62.9921
4.45682
21.5633
15.0376
0.105931
42.6829
3.49301
4.45434
29.0909
3.3264
19.0024
1.60901
33.3333
31.1284
3.44679
38.6473
23.1214
1.43652
30.303
0.141927
2.75009
1.94316
0.168371
14.9813
60.1504
48.7805
3.37268
13.0933
3.27735
32.6531
0.0169695
3.6513
2.66134
0
2.09958
0.346226
12.7273
1.23191
3.98208
16.5631
0.599161
3.94672
37.5587
0.00141483
6.75676
0.618095
0.778513
1.78731
48.7805
20.5656
52.9801
4.61894
19.0476
5.6338
0.114014
41.4508
3.81497
5.86941
21.3904
2.68097
22.6629
1.07933
30.0752
32.3887
2.35571
37.2093
18.8679
1.36752
55.9441
0.172265
2.95203
1.81488
0.195637
17.2786
45.7143
65.0407
3.09478
15.0659
3.32226
43.956
0.0157308
2.97508
2.7027
0
2.00702
0.330251
13.5593
1.96657
4.57666
13.5135
0.823299
3.26397
33.0579
0.000792436
7.44186
0.616903
0.826361
1.56801
43.4783
18.6916
46.2428
5.07292
18.7354
11.2518
0.109616
48.2759
5.2592
5.8873
18.5615
3.40136
20.9424
1.638
62.9921
49.0798
2.56328
45.1977
15.4739
1.40302
44.1989
0.23696
2.36686
1.83444
0.243287
20.5656
47.619
85.1064
3.36276
14.9533
3.06396
31.4961
0.0189856
2.84698
2.66667
0
1.44928
0.371695
12.6382
1.92585
3.76117
14.8699
1.01807
3.24939
28.6738
0.00142464
5.32623
0.658924
0.780716
1.34499
41.2371
20.6186
49.0798
4.42478
16.3599
5.07614
0.109896
46.7836
5.35834
5.92593
28.777
2.78067
20.7254
1.1976
41.0256
44.4444
2.61523
43.0108
22.7273
1.36495
41.6667
0.184132
3.19489
2.01309
0.20756
19.4647
45.7143
57.1429
3.56506
16.3265
3.29489
27.3973
0.0164541
2.28964
2.29885
0
1.72973
0.326451
12.5392
1.98857
3.81862
15.3846
0.958199
2.63331
34.632
0.000794472
6.6335
0.58984
0.81666
1.83402
37.037
20.7254
47.3373
3.86287
18.4332
14.5455
0.112716
45.7143
4.74496
6.18238
20.0501
3.16011
20.5011
1.3741
6.91443
37.7358
2.51969
43.2432
15.0094
1.39592
45.4545
0.14568
2.67201
1.71168
0.162552
13.9373
39.801
56.338
3.47373
14.6789
3.66133
32.7869
0.0194275
3.40861
3.14685
0
1.88413
0.337774
4.84131
1.35237
4.33317
15.9858
0.75232
3.64816
42.654
0.00144169
6.96056
0.549249
0.864553
1.83262
41.2844
24.5902
31.4685
4.90998
21.9512
7.72532
0.113477
7.63359
5.89102
4.93523
18.9573
2.94551
25.3968
1.20301
32.9218
27.027
2.87356
33.3333
19.1388
1.40499
40.201
0.174008
3.05694
1.88235
0.206063
19.656
60.6061
36.1991
3.47072
13.7457
4.05474
33.6134
0.0160334
2.77393
2.77104
0
1.86872
0.314552
11.4123
1.96415
3.9801
13.913
0.875848
2.93686
30.7692
0.00162321
6.13027
0.545331
0.787712
1.83824
60.1504
21.9178
50.3145
3.84061
21.3904
13.245
0.111281
39.3258
4.17537
5.96125
30.7692
2.69815
27.3973
1.42781
34.4828
28.3688
2.58314
57.554
21.7984
1.36519
46.7836
0.239997
2.29819
1.72414
0.199154
23.0548
43.2432
47.3373
3.54453
16.2602
3.37695
37.7358
0.0168953
3.47675
2.86123
0
2.06558
0.351494
11.976
2.06718
2.90909
16.129
0.907132
3.13725
35.5556
0.000706274
7.22022
0.584027
0.846292
1.73423
36.6972
20.202
59.7015
3.67309
19.1847
13.3556
0.105278
40.6091
4.37876
5.41272
32.3887
2.66845
2.85816
1.69599
33.195
30.6513
2.98174
34.4828
19.8511
1.21029
41.0256
0.136759
2.73131
1.6444
0.168627
14.9254
47.3373
72.0721
3.37981
14.2857
3.16957
29.5203
0.016476
3.25336
2.8996
0
2.21519
0.329133
12.5
2.05158
3.85675
16.1663
0.759219
3.60268
36.4583
0.00209561
6.85602
0.565109
0.785193
1.5748
58.3333
11.8519
45.7143
3.53982
25.3968
11.8871
0.107888
45.4545
6.25
5.37273
23.5988
2.60078
22.792
1.57573
52.9801
38.0952
2.45098
55.9441
22.2222
1.14449
50.9554
0.238429
2.62381
1.78851
0.240783
13.1195
36.7347
62.069
2.40577
5.10783
3.25733
30.303
0.0180533
3.22465
2.63158
0.000696467
1.81777
0.324267
13.7931
2.29489
4.16233
5.92154
0.904466
3.55714
42.5532
0.00143491
7.33272
0.601413
0.824487
1.90476
38.6473
24.024
72.7273
3.87973
25.1572
13.8889
0.111369
55.9441
6.07903
6.31413
27.027
2.42571
5.42373
1.514
6.82012
50
2.60501
47.3373
18.6916
1.47357
24.1692
0.13922
2.58649
1.83866
0.164504
13.8648
45.1977
49.0798
3.06396
15.3846
3.04762
33.0579
0.0180976
3.06984
2.5102
0
1.98751
0.307422
12.2807
2.11289
4.08401
15.2838
0.967519
3.60825
51.8519
0.00140643
3.53893
0.568413
0.843475
1.61738
40.2299
16.7464
38.835
3.108
19.0024
4.83092
0.109016
38.0952
6.29426
4.40529
29.9625
3.19872
25.3165
1.73837
53.3333
10.1523
2.58565
55.1724
20.3562
1.42071
61.2245
0.221566
2.48002
2.0005
0.188644
20.8877
43.956
55.1724
3.861
19.1388
3.77893
32.5203
0.0170972
3.52734
3.05227
0
1.63633
0.354673
12.1581
2.33781
4.914
15.9363
0.927429
3.5057
37.9147
0.00141191
7.01139
0.589971
0.883392
1.92446
58.8235
24.2424
54.4218
4.21053
24.3161
14.1593
0.113065
37.2093
7.25953
6.81431
30.1887
2.64395
5.89391
1.32604
29.9625
30.4183
1.95934
43.7158
17.6211
1.1763
21.4477
0.16247
2.92398
1.92637
0.1514
18.2232
74.0741
57.554
4.16884
13.4907
3.43348
32.7869
0.0215543
2.91545
3.43643
0
1.97971
0.323311
12.4224
2.35849
4.43951
19.2771
0.994406
3.25733
34.9345
0.00143985
6.86695
0.581776
0.848987
1.73678
43.4783
19.6078
67.1642
4.08163
29.2208
14.827
0.10432
25.3165
2.23028
6.54664
26.4026
2.69633
20.6186
1.69697
56.9106
43.4783
2.7451
54.2636
19.4444
1.29798
36.6492
0.216967
2.44873
1.84544
0.184069
18.7793
42.1053
59.7015
2.74066
16.2933
3.49803
31.6206
0.0167709
3.13357
2.13789
0
1.68138
0.335542
13.7694
1.50348
4.27807
17.6211
0.875369
3.63306
34.4828
0.00141747
7.5188
0.55544
0.876616
1.91847
41.6667
20.7792
64
4.07955
19.802
16
0.116993
46.5116
5.91716
5.98802
31.8182
2.56575
5.34045
1.73423
45.4545
41.2371
3.08523
33.6134
19.3705
1.43395
55.1724
0.13674
2.2818
1.86611
0.158523
14.8699
42.5532
47.9042
2.91651
15.7171
3.45572
31.8725
0.0161439
3.13357
2.85919
0
2.20057
0.306869
15.1515
2.26537
4.32633
14.3149
0.730765
3.43811
41.1765
0.00212461
3.62506
0.531148
0.820826
1.69
29.7398
15.8103
50
3.75411
23.5294
11.4943
0.107949
25.2366
6.15385
4.59506
22.9885
3.25998
21.2202
1.64372
41.6667
34.632
2.67917
58.8235
22.8571
1.17699
48.4848
0.237241
2.40674
2.04918
0.23663
18.9125
41.8848
49.6894
1.64024
9.75081
3.31126
38.2979
0.0170461
3.42027
2.8975
0
2.09369
0.333723
12.0846
2.14765
4.22164
17.094
0.995396
3.58423
34.9345
0.00140993
5.72246
0.596659
0.876232
1.93283
45.4545
21.6216
52.2876
3.88538
22.9885
14.4928
0.107914
58.8235
7.59013
5.90406
24.3161
2.1526
5.58659
1.18046
7.89733
35.2423
2.47066
55.9441
25.3165
1.22418
47.9042
0.149298
2.73973
1.84502
0.154982
19.2771
63.4921
59.7015
3.72613
12.4224
3.57143
29.304
0.0217777
3.28542
3.14575
0
1.78651
0.327225
12.2699
2.19901
4.60035
15.5039
0.822707
3.18725
50.9554
0.00213697
7.69231
0.584753
0.91859
1.70249
56.7376
23.3918
51.6129
4.36205
19.802
9.96678
0.105321
44.9438
5.48697
3.48584
34.3348
3.08523
22.6629
1.70358
48.7805
37.3832
2.83386
59.7015
22.8571
1.11857
38.835
0.241342
2.57898
1.83866
0.240645
6.38978
48.4848
44.9438
3.19872
9.71922
3.1348
36.4372
0.0183241
2.93542
3.10078
0
1.91479
0.348432
11.782
2.51335
3.63636
15.6556
0.972053
3.22451
42.5532
0.0014363
6.54664
0.594442
0.843704
1.89888
48.1928
23.8806
74.0741
4.20168
21.5633
13.267
0.109923
27.4914
6.92641
5.93032
28.8809
1.44532
5.64263
1.51659
40.8163
17.8174
2.27015
19.3705
12.8205
1.52178
30.7692
0.144519
2.90803
1.75131
0.159261
18.2232
40.404
48.4848
3.36984
13.3556
3.28407
34.7826
0.0198294
2.34329
2.68256
0
1.95122
0.348705
13.0081
2.25989
3.60685
12.966
0.756573
3.28542
40.404
0.00141147
6.15858
0.542042
0.815162
1.81324
51.2821
20.7792
58.8235
4.54804
22.3464
15.5039
0.108974
36.6972
2.13106
4.54287
17.5439
3.09598
25.3165
1.58416
42.5532
29.0909
2.81195
51.9481
19.4175
1.37457
60.6061
0.2307
2.6534
1.94932
0.239313
17.5439
36.2903
53.2544
1.50981
14.0625
3.07903
23.8727
0.0170988
3.56347
2.82386
0
1.93237
0.325839
12.6382
2.04918
4.46678
15.7171
0.984737
3.66636
59.7015
0.00141959
7.16846
0.596214
0.862348
1.88147
43.2432
21.5633
52.6316
3.82775
22.3464
14.8976
0.107264
46.7836
5.84795
5.95681
25.4777
2.85987
5.81395
1.32035
37.9147
6.21118
2.6729
9.29152
21.2202
1.12013
7.72201
0.148036
2.52366
1.52517
0.147743
14.0598
48.1928
34.0426
2.92612
14.8699
2.97177
33.4728
0.0193312
2.93902
2.11069
0
1.36565
0.323206
11.8694
2.13961
4.25985
13.6752
0.790358
2.8715
7.16204
0.00213619
6.68338
0.593824
0.73658
1.56464
39.801
20
46.7836
1.78678
17.3077
10.7015
0.106008
44.4444
3.95452
5.20833
23.1884
2.9985
23.8095
1.48893
44.1989
35.5556
2.46078
34.9345
22.6629
1.40499
48.7805
0.237375
2.94659
1.76289
0.228337
16.7364
39.604
58.8235
1.72117
15.3584
3.47222
28.2132
0.0171605
3.70885
2.75767
0
1.97433
0.31039
13.7694
1.82774
4.16017
15.5945
0.82203
3.47675
32.5203
0.00142112
6.73968
0.525693
0.860123
1.87178
44.1989
18.8679
67.2269
3.85542
20.5656
14.9533
0.106237
47.3373
5.95681
6.07903
33.0579
1.69396
5.6926
1.25648
37.3832
6.15858
2.75103
8.42105
21.7391
1.40081
33.3333
0.146716
2.63852
1.6679
0.150838
17.5439
47.619
61.5385
3.34169
12.7186
3.54296
33.4728
0.0209906
3.16581
3.05188
0
1.77187
0.317826
10.6101
2.3015
3.87973
8.07265
0.867115
3.57462
43.4783
0.00143061
6.0423
0.59961
0.823384
1.69312
48.1928
23.9521
65.0407
4.34783
19.4384
10.3567
0.106372
64
5.7971
3.75587
23.4604
14.1290068058581
