o
183.206
10.8745
84.507
3.72689
189.394
105.485
11.1458
208.333
82.2368
4.9613
176.056
0.563444
8.31393
4.39239
0.566791
68.4932
268.817
316.456
7.26956
52.4109
10.6428
110.619
0.101264
8.3612
7.27934
0.0137156
6.97067
1.38114
47.0588
4.89297
14.6341
45.283
5.46573
13.1291
188.976
0.0194315
24.0964
1.39705
1.98183
7.8637
85.1064
333.333
17.2662
82.1918
45.7143
0.277002
186.047
24.3902
16.7131
112.15
11.3276
82.5083
3.72151
193.548
65.0407
10.8059
200
79.4702
4.98857
173.913
0.550572
9.25212
4.51753
0.562074
67.2269
240
300
8.25026
54.2986
6.86106
105.263
0.0941213
8.01603
7.34862
0.0136875
7.68246
1.9889
50.74
5.23218
15.328
46.5549
10.1833
13.7212
174.825
0.0192522
25.8264
1.42833
1.9984
8.50629
179.856
88.968
328.947
19.0694
60.5327
45.5373
0.262201
181.818
22.3881
15.8311
111.111
8.89996
79.6178
3.8503
187.97
41.7362
10.4297
196.85
81.6993
4.13976
177.305
0.58965
9.4697
3.98153
0.584317
65.2742
265.957
320.513
8.62962
53.8793
10.8413
111.607
0.109065
7.81983
6.56814
0.013703
6.06796
1.316
47.3485
4.93876
13.8351
44.0917
5.04948
8.56458
177.305
0.019349
16.0668
1.32317
1.94054
6.93097
186.567
85.6164
333.333
16.7112
83.0565
45.208
0.289338
190.476
22.8137
16.7898
114.155
10.6247
80.1282
3.72671
179.104
39.7351
8.84304
195.122
81.0811
5.11945
181.818
0.563156
8.74954
4.35161
0.574575
66.482
247.423
266.667
8.32755
53.2151
9.44138
107.623
0.105881
7.99733
7.03829
0.0135834
6.86892
1.70177
49.7925
4.996
15.7729
46.729
7.61499
13.2556
190.84
0.0192373
24.558
1.37946
1.92767
7.60341
178.571
84.1751
297.619
16.8691
79.8722
43.0293
0.259014
195.122
21.978
11.1836
113.744
10.7619
81.1688
3.88853
160.256
88.0282
10.5619
208.333
75.7576
4.94756
182.482
0.587323
9.05797
4.19041
0.600803
67.2043
252.525
304.878
8.58811
53.7634
11.0132
109.17
0.10517
4.92902
6.70961
0.01395
6.46329
1.38504
25.3036
4.70455
14.7232
45.5373
4.50857
12.9132
178.571
0.0195424
24.5821
1.34192
1.89365
7.26533
190.84
84.4595
342.466
15.2532
86.8056
46.2963
0.272594
188.976
22.5989
16.8185
114.286
10.7759
80.3859
3.60907
178.571
61.2745
10.3135
210.084
78.125
5.24109
192.308
0.552547
9.22509
4.27716
0.539549
71.4286
274.725
324.675
7.44048
50.7099
10.2291
110.619
0.085614
7.77454
7.21917
0.0137717
7.53296
1.57295
50.5263
5.13259
15.7895
44.6429
6.33392
12.8601
195.312
0.0198444
25.0501
1.4071
1.95465
7.58725
177.305
36.8189
308.642
18.615
86.2069
45.1264
0.273643
200
26.2881
16.4366
120.773
9.30406
81.6993
3.8579
180.451
66.8449
10.7852
211.864
83.612
5.37288
177.305
0.586868
10.9409
4.3929
0.573026
70.028
257.732
324.675
8.78735
54.9451
10.7204
35.7143
0.103508
8.45166
5.96659
0.0139197
7.1347
1.78063
49.4071
5.18565
14.4844
46.2107
7.39864
13.4626
56.8182
0.0194714
24.3427
1.39447
1.94054
6.93481
178.571
84.4595
297.619
17.1703
83.0565
45.9559
0.272792
180.451
23.4604
16.8067
110.599
11.2108
80.1282
3.83318
165.563
35.8166
6.59109
211.864
82.7815
5.31011
181.159
0.577407
8.29738
4.5438
0.581085
70.8215
277.778
333.333
8.55578
53.9957
10.9987
110.132
0.103824
7.27802
7.31208
0.0135443
6.30087
1.83402
49.4845
5.16685
12.6917
46.9667
8.80592
13.4553
179.856
0.0195867
24.9252
1.44142
1.92961
8.23723
24.3902
84.4595
328.947
18.2482
83.0565
46.9043
0.282578
186.567
22.4215
13.5722
112.613
61.012608216
