"o"
2.33221
9.27835
11.0837
18.8679
15.9292
18.1087
7.92254
0.439324
11.2994
5.74713
6.34115
10.7181
7.03235
5.21437
21.7865
2.331
0.107898
0.252793
1.53257
14.6413
0.0
1.03699
0.36917
5.25088
4.64157
10.5386
6.25
12.1457
19.5228
7.89474
13.7195
11.984
12.0968
2.19352
10.9223
5.40541
5.64972
1.73544
22.0049
0.0
15.5172
3.93701
3.27511
8.31793
19.9557
5.51471
5.76923
15.0502
15.873
24.9307
12.0968
0.742452
12.4844
6.05694
15.0602
15.7233
6.68896
4.81541
20.1613
2.17391
0.130594
0.221366
2.68384
23.0415
0.0
0.633223
0.420639
3.89442
4.62725
9.61538
18.0723
5.54529
10.453
30.2013
29.703
20.8817
23.622
28.9389
3.99645
19.0678
1.90355
12.0482
1.68445
13.4731
0.0
10.2506
10.989
2.80811
16.1871
24.4565
8.94632
9.2688
9.72973
29.703
13.7405
13.2802
0.674582
21.0084
4.34216
17.1233
5.34759
9.77517
4.85961
6.21504
1.89036
0.0845037
0.333667
2.09468
6.80272
0.0
1.1201
0.466926
2.6262
2.83643
2.54022
12.4481
3.77042
13.9319
5.58313
8.13008
4.31655
10.8434
4.1686
2.19512
8.00712
4.90196
6.12662
1.48539
10.9091
0.0
10.8434
24.3902
5.56586
12.7298
18.9873
7.20576
4.70465
8.52273
12.4309
20.979
7.9929
0.655738
8.53971
5.48847
7.60456
14.245
3.85208
4.12844
9.65251
1.92641
0.0847637
0.318776
1.46606
10.5485
0.0
0.979858
0.468092
3.06853
4.2898
5.18433
4.36258
4.84914
5.50459
6.49351
5.17837
6.40114
12.0643
5.96421
2.85442
7.39523
3.49108
7.16561
1.69173
10.2157
0.0
7.65306
9.9889
2.47457
8.47458
15.9292
6.10583
13.6364
10.7656
8.23422
11.9681
7.08661
0.725163
30.2013
7.4129
20.284
20.7039
6.96864
5.42495
43.6681
1.20135
0.106023
0.320072
1.40115
2.58131
0.0
0.510493
0.282326
3.5447
5.39568
5.53165
8.35655
2.66351
5.75816
25.7143
6.76183
11.335
6.90184
15.625
2.83554
13.3531
3.77517
5.4678
1.46915
10.7143
0.0
9.90099
14.5867
5.37313
11.6883
11.25
7.70548
10.5263
17.7515
13.9969
26.087
10.9622
0.596105
14.975
9.5511
12.8041
15.1745
10.0806
4.73934
9.54198
1.96002
0.110283
0.233552
1.65481
12.2399
0.0
0.586931
0.48528
2.57511
5.73614
7.53769
16.8856
6.55499
22.9008
20.4545
20.316
11.9205
18.8679
30.0
4.71945
17.1756
8.82353
20.979
1.79784
13.6986
0.0
8.20419
16.1002
3.5447
13.6778
14.5867
5.996
12.8023
9.45378
13.9104
31.6901
7.69231
0.708885
26.087
9.32642
24.1546
26.3852
10.7411
5.39568
27.8552
2.6001
0.106305
0.210686
1.76616
16.0772
0.0
0.710171
0.438084
2.80112
4.69729
6.42398
9.58466
5.35077
9.41423
10.9489
11.4943
10.551
13.373
14.4928
4.26136
19.2719
6.03622
18.1087
1.69205
23.3766
0.0
17.3745
23.3161
3.29308
15.0754
14.4
8.65385
10.2975
23.4987
30.6122
27.6923
11.6429
0.524567
15.1771
11.3065
25.3807
31.1526
11.5207
3.15126
19.1939
2.30362
0.127712
0.332082
2.76549
21.3675
0.0
1.21017
0.347276
3.03439
5.10493
3.26087
6.886
2.33584
5.31601
17.4419
7.60135
24.3243
10.4895
20.5479
4.31655
10.2273
5.55899
23.3161
1.09649
25.0696
0.0
29.703
4.71945
3.38092
11.4504
31.4685
5.66394
10.989
16.158
14.4695
21.1268
8.81489
0.751127
6.21547
3.82166
29.4118
4.39239
6.28931
3.11958
4.61042
0.995025
0.120051
0.190589
1.77873
10.7527
0.0
0.561132
0.497788
2.81162
3.8055
4.14938
6.11829
4.63201
4.21941
4.35624
9.43396
15.3846
6.90184
5.25088
3.09066
9.82533
5.42495
5.96026
1.32646
8.82353
0.0
9.56429
17.0778
3.54331
8.60421
5.43807
7.8329
9.54401
15.8451
13.373
12.5348
10.3687
0.465839
11.811
5.74346
12.1131
15.9292
5.69981
4.1841
17.5097
2.03707
0.0972706
0.349614
1.64204
5.20021
0.0
0.554563
0.272628
3.002
4.00178
4.91803
6.68151
4.68262
13.3929
6.09756
9.80392
12.0968
6.58376
9.08174
3.67497
12.2783
4.42043
6.84932
1.17218
18.0
0.0
10.3926
19.8675
3.12609
23.5602
7.51252
2.67857
4.13413
4.52489
3.91475
4.1744
3.65854
0.543511
12.4827
3.24207
6.04839
6.36492
5.56931
1.84087
12.1786
0.704077
0.100902
0.261904
2.69107
31.6456
0.0
0.420521
0.303633
2.30769
2.43243
4.23928
8.78906
4.80256
5.34125
9.47368
6.36042
7.40741
9.40439
8.4507
3.30275
3.4965
7.63359
13.0814
1.83337
14.1509
0.0
3.99645
4.01248
2.07517
5.05334
2.74977
8.41121
6.52174
11.6429
17.5781
12.1786
10.989
0.772068
10.0111
6.39205
43.9024
12.6761
8.52273
4.25935
21.4797
1.92843
0.113943
0.276403
1.45307
14.9031
0.0
0.481283
0.30018
3.67948
3.49379
9.01804
23.2558
4.89396
40.5405
26.1628
32.491
31.5789
2.35664
24.5232
4.64876
8.06452
6.21977
18.4426
1.58702
10.5018
0.0
14.6341
10.1124
3.6855
6.28931
23.9362
3.38855
5.90164
3.45224
10.7656
3.05188
7.9929
0.6004
5.39245
2.24663
5.18135
7.92393
4.00481
4.00712
5.22739
1.84843
0.0990109
0.201001
2.25785
33.4448
0.0
0.553948
0.330275
2.42718
2.83554
4.05223
6.90714
3.3137
3.54331
7.35294
3.1746
8.80626
6.82853
12.1622
3.53357
5.42823
5.63557
11.1801
1.35176
13.7405
0.0
3.30275
4.90998
2.80374
10.5018
11.9205
1.84995
2.70351
6.74663
5.86319
5.48446
3.30396
0.549484
6.45161
4.30005
6.50759
7.91139
4.57247
2.71985
9.85222
0.695314
0.104776
0.168449
3.02297
34.2466
0.0
0.844832
0.350905
2.31481
2.89948
4.22535
9.18367
2.75566
10.1124
8.03571
6.69145
6.08931
8.13008
6.85976
4.39239
3.42988
7.49376
16.4534
1.80433
23.5602
0.0
4.28776
5.89005
2.20264
5.51809
3.90286
4.88599
9.49367
3.88266
3.20513
10.9223
5.85556
0.765892
11.1111
3.57427
5.73248
6.5312
6.25782
4.1686
12.7877
1.40845
0.113475
0.282518
1.64582
6.47668
0.0
0.508733
0.236307
2.43572
3.71134
4.23928
8.5389
3.76727
7.67263
6.73149
7.06991
3.99645
3.08854
6.84932
2.62085
9.30714
4.21941
6.48415
1.38547
6.08108
0.0
7.58214
9.41423
2.60417
5.01952
9.90099
4.45104
6.08108
6.05653
7.3831
5.32544
6.47017
0.671241
12.5
4.55235
4.49775
2.27503
4.83325
3.90456
8.31255
0.716076
0.11714
0.326509
1.15194
20.2429
0.0
0.54093
0.314158
1.93009
5.50796
4.21546
7.8534
5.24781
11.2923
7.17703
12.4481
2.28949
8.05009
6.74157
3.28467
6.67161
3.57001
3.49379
1.42993
2.34497
0.0
7.13719
11.0294
3.50331
9.14634
10.8827
5.41842
6.82335
8.94454
10.9051
11.5207
9.00901
0.493852
13.089
6.2383
8.91266
12.987
7.44048
3.31981
14.556
1.72087
0.0986787
0.309972
2.34687
11.5741
0.0
1.25278
0.553506
2.849
6.41483
7.40741
36.5854
5.48112
20.5479
27.1084
20.4082
27.027
29.703
28.9389
4.10023
11.9522
5.40865
24.5232
1.79104
30.303
0.0
23.1959
7.80572
3.79219
14.245
23.31
10.7271
16.2455
6.52742
8.44595
7.00771
5.88235
0.679302
7.0922
5.58971
17.4825
10.6157
3.02755
4.95322
11.9048
1.16185
0.115974
0.337223
2.15424
6.48929
0.0
1.05957
0.245539
2.95664
5.38922
6.10169
10.9756
6.08931
10.0334
6.70641
21.4286
15.7068
11.3208
17.2084
4.69974
8.4507
8.5796
17.5781
1.7561
23.4375
0.0
10.274
14.377
5.32481
8.30565
15.1976
9.55414
7.4565
11.1483
11.1857
7.55858
5.66251
0.713114
5.50964
4.16667
7.89266
8.01925
3.84911
2.99302
4.55166
1.25313
0.0917717
0.320533
2.07857
7.02247
0.0
0.615343
0.252129
2.11914
4.13983
6.75169
4.95595
2.90323
14.876
4.30416
8.11542
3.89273
5.37313
4.65598
3.03849
3.70523
5.07042
5.6005
1.65289
17.8218
0.0
5.74713
6.80272
2.93542
7.16332
6.52742
6.55022
14.7059
21.1864
22.3714
14.6628
14.1243
0.683761
15.4321
3.55366
7.91139
9.25926
4.79846
5.98007
8.01282
0.612783
0.0986222
0.33653
1.89717
5.59284
0.0
0.962464
0.454133
3.04054
3.61446
7.5
19.6507
5.49786
14.377
11.1801
12.6761
26.087
11.25
8.18926
4.70711
9.54401
6.08519
12.7479
1.33274
12.6761
0.0
16.8539
13.1387
6.37845
14.9701
41.3223
5.31601
4.79233
12.8041
6.7981
10.2669
4.53721
0.664055
6.25782
3.21958
5.73394
3.61141
3.09981
5.16944
5.8548
0.617856
0.0920488
0.317965
2.15703
18.8679
0.0
0.613204
0.401087
2.21457
3.08008
4.86486
5.14874
4.4096
5.85938
9.02708
8.23422
8.77193
7.78547
11.9205
2.72975
2.30592
4.54545
3.50195
1.20064
9.39457
0.0
5.44366
6.49773
4.0032
5.12033
8.02568
5.47112
5.6391
6.27746
5.47645
5.29661
4.38596
0.659587
6.7659
2.34632
6.43501
5.46448
4.72813
3.16233
7.16846
0.712454
0.0882418
0.349296
2.28206
27.027
0.0
0.830335
0.298805
2.7735
2.36158
5.2879
4.73435
3.96651
10.5386
7.9858
6.77201
13.5747
8.73786
5.56586
4.08905
4.78723
2.89948
15.1515
1.49056
14.0187
0.0
4.4964
2.57334
3.26797
4.41112
7.12758
8.60421
10.9756
10.3842
11.6414
7.87402
6.88231
0.795039
21.1864
5.82751
11.655
24.2718
6.30915
5.50796
4.27716
2.01369
0.115431
0.231782
1.7191
14.2045
0.0
0.730579
0.326406
3.45224
4.12844
3.11311
23.3766
7.14853
14.5396
16.791
14.975
12.7841
13.9535
11.5533
2.331
2.66904
8.85827
10.1466
1.886
9.85761
0.0
14.8026
19.4553
4.44247
10.7875
25.5102
7.33496
11.658
5.38793
5.32765
6.62252
4.03226
0.770297
4.90918
5.4407
18.6567
5.06073
8.31947
4.32277
14.9701
1.77085
0.098867
0.330251
2.30574
12.4069
0.0
1.16716
0.224405
2.93542
4.29185
5.42823
7.43187
4.28367
6.56934
11.7801
4.71451
8.09353
6.85976
6.37394
3.49515
11.5681
5.24476
5.69981
1.82223
7.56939
0.0
13.2159
11.4155
3.47464
2.5227
4.96524
7.52508
6.01604
4.10023
14.9925
13.3511
4.7081
0.75706
4.7619
6.09756
6.34921
10.7411
3.89864
3.46955
17.9533
1.38812
0.0825369
0.278218
1.6247
5.40833
0.0
1.05758
0.404986
2.30179
4.63679
3.68249
5.92105
3.71287
6.21977
9.69828
6.79245
8.71249
5.92105
4.59653
2.68176
6.05653
4.75185
7.25222
1.36013
5.60399
0.0
6.53595
18.1087
4.93421
9.00901
11.6429
11.1386
9.375
23.3161
15.9574
13.4048
5.45852
0.5712
7.15308
4.7619
9.38086
5.64016
4.97265
4.85437
21.692
1.81225
0.139169
0.187063
1.89251
5.84795
0.0
0.549082
0.333915
3.25027
3.57995
9.46372
6.61765
2.15827
10.0
7.32899
11.3208
6.36042
9.78261
13.5542
2.76074
7.8534
4.00178
4.68019
1.78465
7.69889
0.0
9.20245
7.06991
2.71411
7.64007
23.3766
4.90731
10.2041
18.4049
8.74636
13.9665
13.3156
0.658545
7.94281
5.97729
6.90131
10.2354
5.17063
3.9929
6.75219
1.81884
0.083485
0.314288
1.93949
4.7259
0.0
1.06977
0.343393
2.95469
4.94234
6.04433
13.1579
4.2654
7.87402
6.51702
5.43807
10.4651
6.25434
5.73614
2.67062
16.0714
5.2356
6.5123
1.38696
9.05433
0.0
15.411
7.46888
4.45765
8.49057
9.16497
4.76443
5.48446
2.85261
5.25701
3.13152
2.56082
0.579005
3.09119
2.75179
5.14668
10.4822
2.63574
1.86606
3.96668
1.72176
0.0987596
0.216207
2.40732
25.4453
0.0
0.93711
0.33665
2.47389
2.87081
4.57085
3.88937
3.96825
9.34579
5.51471
8.79765
5.78778
9.5037
7.95756
3.12826
3.69458
4.58015
5.3066
1.48368
6.29371
0.0
3.73599
6.87023
2.14695
4.23928
6.36042
5.11073
7.55034
15.015
12.6582
4.58085
5.67215
0.698422
6.55738
2.2748
6.43915
8.74891
3.4904
3.25615
10.5042
1.74886
0.084076
0.317622
1.8498
16.2602
0.0
1.09476
0.435624
3.3137
4.95868
5.996
11.5533
4.35414
7.93651
5.82524
8.13008
4.88599
18.0
5.16944
2.48482
13.7825
5.21437
8.94632
1.61667
9.1001
0.0
14.658
17.6471
1.74317
12.7298
16.0772
3.31858
11.984
16.6389
27.3224
13.459
8.35422
0.715461
6.035
3.52113
8.1103
8.88889
7.35294
2.60417
8.84956
1.96425
0.0828315
0.333968
1.79308
4.54959
0.0
0.912131
0.474859
3.74688
5.89005
5.00835
8.49858
4.85437
5.71792
11.2219
5.49451
9.36524
3.45489
9.42408
3.47356
18.8679
4.59888
6.23269
1.5456
8.26446
0.0
11.1663
12.6582
4.23529
9.76139
28.125
5.29723
4.94777
9.09091
6.13121
4.62749
6.89655
0.600962
4.72813
3.34225
4.34405
6.08273
2.92826
3.01003
6.94444
1.1485
0.0824987
0.334415
2.53036
25.2525
0.0
0.799077
0.36229
2.92873
3.27392
3.78947
6.99844
4.88334
5.21739
6.55022
8.34879
5.83658
9.83607
6.60793
3.52388
3.76412
6.91776
21.2766
1.15503
19.7802
0.0
5.06187
8.61244
2.67618
10.0446
6.004
4.51354
13.5952
19.0275
40.8163
39.3701
14.7059
0.747887
11.6414
5.61798
10.3199
16.6389
8.56898
3.05707
21.4133
1.92271
0.114793
0.32532
1.93125
23.2558
0.0
0.541647
0.309949
3.82166
3.57285
8.56327
20.2703
7.8125
12.3626
11.9363
15.6522
8.10811
9.40439
17.1103
4.78469
17.4757
6.27615
16.3043
1.91002
21.2264
0.0
16.3043
26.5487
4.80513
11.8265
20.7852
4.0107
3.84123
9.63597
16.5138
15.3322
6.02007
0.393116
27.7778
3.18359
11.9205
6.98758
5.26008
4.07793
15.5979
2.19619
0.101662
0.365482
2.39234
16.8539
0.0
0.817884
0.464181
3.69914
4.39453
7.69889
10.7784
5.87467
10.2459
11.6414
5.71102
7.92393
7.71605
13.1406
2.6617
5.59354
5.38793
5.00501
1.41824
5.47345
0.0
13.3929
2.66667
3.01407
10.8434
13.7615
3.56154
12.1951
7.0922
42.8571
21.6867
8.53081
0.391884
36.5854
5.60399
31.8021
36.8852
5.67823
4.69484
23.0179
1.2215
0.11836
0.333296
2.31065
21.7391
0.0
1.15607
0.600641
3.75783
3.61301
9.35551
29.5082
6.12245
36.2903
29.3255
30.6748
25.0627
22.9885
14.8588
4.73709
7.32303
6.31313
17.7936
1.7507
10.0806
0.0
27.1084
4.50225
2.47253
17.5097
62.9371
1.75473
15.5172
12.3119
9.09091
14.7059
3.51562
0.385241
6.27178
3.71901
14.1287
4.85699
4.55927
4.38596
13.0246
1.17524
0.0994651
0.33284
1.65746
14.4
0.0
1.01055
0.345821
1.95185
3.47893
5.50459
6.62739
2.77521
3.86764
8.88099
3.61402
10.352
5.03018
10.3413
2.77008
11.8265
5.04796
5.21648
1.48633
5.37057
0.0
6.39659
6.65188
3.23625
4.64876
9.38478
2.77094
5.31915
4.99722
10.8959
4.80256
3.5461
0.356789
12.016
4.70465
11.208
13.8889
5.78778
1.77026
11.4213
1.71298
0.0861731
0.343393
2.17339
10.3093
0.0
0.80928
0.252596
1.86877
4.02145
3.23508
3.47759
2.58028
7.83972
6.87023
4.89237
11.7371
4.43853
7.32601
3.04599
3.28467
3.88199
7.24113
1.60979
6.77966
0.0
6.6568
2.69865
2.6643
3.25027
11.3924
7.40132
6.09343
17.9283
35.0195
24.0642
6.01202
0.395118
21.3777
3.20285
24.0
29.316
4.58015
3.02623
27.5229
2.34681
0.111479
0.333161
2.68097
28.125
0.0
1.22084
0.433526
4.12088
4.18994
9.80392
13.5318
4.41891
28.6533
32.5733
20.1613
28.169
14.771
11.655
4.59137
7.02576
7.44602
15.7978
1.92864
4.63822
0.0
8.92857
3.41686
4.28776
27.1903
12.0643
3.05499
9.21187
21.5827
19.4805
23.1362
5.48112
0.411654
29.0323
2.49653
26.1628
20.979
10.8696
4.62012
35.4331
1.14257
0.117954
0.374423
2.34131
14.9007
0.0
0.48247
0.462012
4.3021
4.52261
8.58779
17.7165
6.07165
28.49
28.49
23.6407
33.557
7.59301
26.8097
4.10004
5.57621
7.24638
21.2766
1.76305
9.88142
0.0
20.362
3.80389
3.386
18.6722
12.9683
5.76553
8.17439
6.90714
25.5682
22.2222
11.6429
0.440205
17.2084
2.04035
43.4783
15.9011
8.57143
2.9316
23.5602
1.68382
0.104945
0.368671
2.51046
22.9008
0.0
0.894543
0.428673
3.62027
1.7321
8.37209
16.6667
6.93001
25.3165
47.8469
32.5733
25.5102
15.3139
18.6916
5.81395
10.5263
7.34214
14.9031
1.59642
9.32836
0.0
18.3299
16.6052
5.12237
18.9474
20.4082
5.53506
2.03298
10.9356
22.7848
9.59488
7.17131
0.397843
9.9889
3.24558
9.39457
9.6463
4.31655
4.49326
13.2743
2.06044
0.100706
0.287283
2.14541
5.11945
0.0
0.899101
0.412012
2.30592
6.55499
3.86764
5.04202
2.86078
14.2857
6.15385
3.82702
6.0024
6.64011
11.1111
2.38152
2.11615
3.24044
3.34896
1.66417
6.72043
0.0
25.5682
19.9115
5.79897
6.53595
12.3796
1.49775
2.33888
6.07698
9.02708
5.87084
3.23508
0.366166
8.32562
3.37965
7.08104
12.7119
6.96594
2.8293
12.7119
1.97109
0.0961436
0.374735
2.82309
13.7405
0.0
0.704556
0.196185
1.99557
3.41426
4.01965
5.04484
2.39234
5.03919
6.84932
5.36673
3.90795
5.01672
13.245
3.60231
3.73754
4.97512
7.57576
1.32118
7.1582
0.0
4.13223
9.75081
1.772
3.93873
6.08519
3.16344
1.93882
19.9115
26.393
13.7825
3.77358
0.407277
32.0285
3.44828
36.0
33.7079
4.09091
3.19943
17.1429
2.17812
0.12642
0.307136
1.85033
11.0565
0.0
0.463464
0.436279
3.8693
5.70704
7.6661
25.0
7.28745
26.8657
29.8013
27.1084
26.6272
24.8619
20.8333
5.10725
17.4081
10.5932
19.802
1.99084
18.4843
0.0
8.19672
7.5188
3.20513
9.84683
25.8621
2.90042
6.91776
16.2162
32.8467
17.3745
5.03356
0.376128
14.6104
5.01672
15.1515
16.9492
10.101
5.33491
26.8657
1.14825
0.118259
0.344735
1.95737
13.5952
0.0
0.850179
0.464468
2.74558
5.55213
9.59488
29.5082
7.43802
30.7167
16.3339
25.1397
34.2205
7.97872
25.5682
4.95295
5.06757
7.22022
16.5837
1.62206
13.3156
0.0
20.9302
3.85109
3.22119
10.8043
31.0345
2.80112
3.15568
5.37956
8.17439
6.31579
3.91815
0.36393
10.3926
3.78469
9.72973
23.2558
6.28053
2.19191
12.8571
1.79964
0.096462
0.361562
2.03528
14.8515
0.0
0.485568
0.322708
2.87356
3.4965
3.17237
8.24176
3.27392
8.91972
4.70711
6.58858
9.27835
10.1925
4.20561
2.33263
2.26472
5.26316
6.31712
1.39801
6.71141
0.0
5.66038
5.01114
2.05573
5.89777
7.69231
5.11945
1.63607
5.95238
9.87925
5.12237
8.27206
0.37092
6.89655
3.91134
5.45785
11.0565
5.49115
2.41611
8.59599
1.80469
0.102388
0.243856
2.02931
7.64656
0.0
0.731588
0.374532
2.42784
3.31248
2.23658
5.71429
3.14575
8.51466
5.06472
9.04159
5.34759
5.27426
10.2249
3.18979
12.5174
6.07903
6.21118
1.54369
5.54631
0.0
4.86224
6.27178
3.4642
4.85437
4.74684
5.36993
7.27567
14.2857
23.8727
21.4797
4.59418
0.388853
29.8013
5.11073
14.9007
26.6272
8.52273
2.76838
18.0361
1.78359
0.138728
0.262116
2.8125
6.83891
0.0
1.11331
0.301235
3.81679
5.61447
9.0
24.1935
6.5407
47.1204
42.654
47.1204
20.9644
22.8833
23.8095
5.57103
4.72441
5.83431
12.9199
1.84366
12.1212
0.0
6.32467
8.34106
2.24831
13.2353
22.2222
2.66667
3.93357
7.68574
2.36967
11.583
3.91475
0.377961
5.48446
2.29358
5.91327
7.04777
4.76948
3.23392
10.5018
1.88758
0.118813
0.279477
1.85223
6.29371
0.0
0.696702
0.180578
2.17286
3.34324
2.89855
11.0429
2.29533
8.11542
5.10493
3.47088
8.31025
4.47828
9.37207
2.92312
4.77961
5.64016
6.28141
1.22579
5.60224
0.0
2.92018
3.85769
1.99424
7.07547
5.34125
2.3879
2.3511
4.71204
2.23658
5.94452
5.79524
0.377374
8.90208
4.94777
10.0446
10.3448
5.30973
3.15236
10.6007
0.944684
0.108555
0.401338
2.11964
24.2588
0.0
0.338664
0.238209
1.85529
2.56776
5.49451
4.02325
3.15347
6.86499
5.28169
5.33491
6.47017
10.2775
8.43882
2.69614
3.53635
5.7241
11.2994
1.37438
12.1212
0.0
5.16055
3.48567
1.80687
2.51748
3.67047
9.51374
7.90861
23.8727
33.0882
35.7143
7.06436
0.5017
20.2247
7.62712
20.316
20.4545
10.4046
2.92778
12.4827
2.37342
0.118651
0.250313
1.96657
4.22119
0.0
0.561097
0.306039
4.50676
4.33735
10.8303
10.9489
7.69231
18.3673
10.2157
31.0345
13.373
24.6575
34.4828
3.26323
7.74527
5.91716
19.6078
2.01794
8.40336
0.0
9.57447
25.0
3.07903
17.6125
10.4895
4.72193
13.5135
26.2391
25.0696
22.1675
14.9502
0.512412
31.1419
9.29752
22.1675
20.362
7.4813
5.11945
18.8285
2.25734
0.0994299
0.341077
2.35048
6.29723
0.0
0.503637
0.247975
3.33333
7.41351
3.67497
11.7955
7.109
13.5747
20.6897
21.2264
27.1903
22.7273
20.5479
4.93963
21.4286
7.4813
18.9474
1.63221
8.27206
0.0
21.1268
22.5
4.75687
20.2703
29.4118
8.54701
14.1732
22.6131
19.3966
5.69981
5.25701
0.717932
34.2205
3.39495
19.4805
4.8
8.87574
5.24781
7.55034
2.18235
0.129472
0.387614
2.25847
34.6154
0.0
0.264302
0.302054
3.14027
5.54871
6.68151
11.889
5.95632
16.3339
11.8734
13.6571
14.6341
18.0723
17.5781
4.17633
22.8426
6.36492
10.5263
1.64414
14.0406
0.0
10.7399
16.8224
5.30348
6.73149
20.6422
3.85109
8.31793
31.0345
26.393
25.4237
12.2117
0.802855
14.975
8.80626
18.75
37.5
8.18926
3.08325
24.1935
2.49792
0.124588
0.349759
2.45365
28.8462
0.0
0.233281
0.458716
3.28947
5.53846
6.75169
13.3333
5.50122
6.54545
15.7068
10.9223
10.1124
11.8421
11.509
3.98406
21.3777
6.28492
11.2923
1.72811
13.7825
0.0
21.2264
24.7253
5.24781
27.6923
24.9307
6.57895
12.2951
13.7405
27.6074
18.0361
15.9011
0.731707
12.9125
6.49819
10.9756
23.1959
9.13706
2.80374
40.5405
2.13018
0.132024
0.333823
2.53936
33.7838
0.0
0.56743
0.320856
2.26643
4.79233
2.63389
15.5709
6.10169
23.4375
17.5781
12.1786
25.4958
21.1268
24.4565
3.01306
10.3211
2.65643
14.9254
1.38675
15.5172
0.0
21.1268
23.622
2.18553
27.6074
25.2101
7.61421
12.9125
35.5731
32.8467
26.7857
9.65665
0.536673
30.1003
8.24176
20.8817
33.7079
8.10081
7.60135
44.335
2.42588
0.153812
0.431295
2.39406
9.49668
0.0
0.52851
0.284747
3.78151
4.10584
8.36431
31.25
8.75486
31.9149
28.125
33.9623
71.4286
28.0374
20.362
5.3066
11.7035
3.65408
30.4054
1.75747
16.1871
0.0
20.8817
21.2766
7.4565
23.9362
41.2844
11.0701
13.2939
22.0049
24.0642
11.25
8.32562
0.685714
8.41908
7.09779
8.0429
23.3766
6.34697
3.01407
10.9756
1.7585
0.133464
0.181452
1.83993
4.69043
0.0
0.520051
0.241067
3.73134
6.02813
5.05051
21.7918
4.57085
12.3967
10.4651
13.4933
11.3493
10.0223
4.84653
4.54545
7.21154
4.57317
10.1237
1.17463
5.36353
0.0
16.9492
10.5386
2.63543
8.78906
7.6661
4.16667
7.82609
5.11654
2.97324
3.25969
2.28426
0.379747
4.68262
4.18994
6.35593
6.08931
3.96476
2.0436
5.82147
1.25104
0.0854247
0.375407
2.65111
24.6305
0.0
0.464133
0.245165
2.40642
2.72975
3.59138
13.3333
3.81356
17.4081
6.31136
10.8565
9.27835
26.8657
6.94444
2.43046
3.27035
5.90164
8.29493
1.70487
18.0361
0.0
7.41351
2.04685
1.92431
3.25969
3.88601
2.41093
3.94737
4.1919
3.2656
7.01481
4.10771
0.395848
9.18367
2.72315
12.8571
7.8125
6.25
3.20171
4.83092
1.78077
0.115821
0.293055
1.98632
18.595
0.0
0.349
0.240449
2.16685
3.5517
3.35683
5.45852
3.04785
7.91139
3.65764
7.04722
5.16529
4.47828
4.90196
2.36463
4.08348
4.11692
8.41043
0.93006
13.089
0.0
12.4654
4.22734
2.77521
5.71429
5.39892
3.05188
18.7891
31.1419
16.0714
41.4747
11.2923
0.560085
39.1304
8.00712
33.2103
21.9512
10.8173
5.94845
19.4384
2.41935
0.148253
0.359655
1.54772
24.1287
0.0
1.25786
0.395918
3.22893
6.77711
7.54148
4.81696
2.82087
9.67118
8.99281
10.9409
8.15661
17.452
11.5741
4.37637
21.9512
4.89716
8.56898
1.22865
11.4811
0.0
10.2389
29.1262
1.76436
7.81929
13.8889
5.19031
5.386
5.41191
6.47017
6.48415
1.81708
0.371517
9.27835
2.80987
5.15169
8.27967
4.05405
2.82309
8.91972
1.37195
0.102234
0.338473
2.39234
20.2247
0.0
0.764786
0.20766
1.53584
5.92105
4.96771
4.37063
2.77701
4.7259
6.15764
4.14594
4.662
4.9975
3.97298
2.76855
5.98404
3.97141
4.11353
1.37571
3.67512
0.0
7.06991
5.01952
2.05903
6.84411
5.00278
4.76695
12.3288
10.1124
15.3584
5.9761
6.58376
0.377659
15.9858
3.85109
15.8172
7.54401
5.37313
3.36072
11.4504
1.23558
0.128533
0.297875
1.94426
11.1524
0.0
0.482651
0.314345
2.26529
1.80759
6.45578
9.21659
3.45543
5.80383
11.9904
20.6186
4.87567
5.10465
8.92061
3.35458
14.5631
4.38982
6.38978
1.43205
11.5207
0.0
11.2923
27.439
5.7508
19.0275
10.7399
4.56158
6.91244
4.63679
5.10493
9.78261
4.28776
0.469704
6.01202
4.18021
8.11542
9.67742
5.69981
3.5545
6.01202
1.61261
0.103551
0.340458
2.00044
9.17431
0.0
0.38088
0.271976
1.49544
3.81518
3.04599
4.56621
3.6036
4.95295
4.31965
5.47645
7.4184
7.48503
6.33312
2.11775
4.92881
2.76778
13.7552
1.18399
18.6916
0.0
5.05051
2.60945
1.43175
3.71594
5.27859
2.31006
3.27035
3.93529
2.87356
6.55499
6.70641
0.673703
7.79896
5.00278
7.13154
6.5123
5.72884
2.35417
14.1732
1.88324
0.0927539
0.28732
2.31362
8.0429
0.0
0.698519
0.322924
2.32775
2.87724
2.56805
5.87544
4.31593
3.63108
5.81734
4.90436
6.37349
4.05022
5.82411
2.6178
5.16351
2.84981
8.24402
0.961446
11.9474
0.0
4.21348
4.02145
1.72249
5.09338
7.52508
7.45033
3.34448
30.303
31.4685
26.6272
4.89929
0.462939
35.0195
4.92881
27.9503
39.3013
10.514
3.74376
34.8837
1.35767
0.130801
0.304229
2.1398
26.8657
0.0
1.26761
0.541301
3.78501
6.12662
7.77605
15.4321
5.27148
12.6422
15.456
9.59693
17.0068
12.9199
18.4502
4.52899
22.4439
4.01445
17.6056
1.33547
28.5714
0.0
19.3966
20.6897
3.17909
21.6346
17.341
2.32438
4.06504
4.13603
5.25394
4.92881
4.41609
0.448006
10.8043
4.44884
6.38298
10.0223
6.96594
2.48413
9.14634
1.43016
0.103015
0.341608
2.46846
14.3084
0.0
0.371318
0.257805
1.96194
2.5641
3.53482
5.19211
2.72405
5.8309
4.73934
5.05817
10.4384
5.33333
5.84795
3.31126
4.75436
4.67508
10.7296
1.00827
26.3852
0.0
5.386
3.37205
1.78749
3.40008
10.6132
6.25434
10.4651
8.37209
13.8462
11.0294
8.24176
0.646645
11.4358
4.34573
12.7298
8.30258
6.87548
4.54316
11.7801
1.78183
0.104832
0.335199
1.66306
6.14251
0.0
0.974764
0.245472
1.9153
2.58769
5.05902
11.2641
6.16438
9.5339
13.5542
6.34697
21.7918
7.02028
15.6794
3.49922
16.4234
4.92881
18.2927
1.7537
4.56389
0.0
9.60512
23.6842
2.13675
11.0294
9.52381
10.274
16.9811
20.362
24.1935
13.4933
12.8571
0.524996
9.5037
5.67465
14.377
10.8827
4.78215
6.58858
11.4504
1.7982
0.100246
0.324605
2.03128
5.67537
0.0
0.508762
0.243784
3.42075
6.85453
9.13706
14.6104
9.48367
9.5339
18.6335
10.6007
14.5867
9.03614
18.5185
3.19602
16.8856
7.8534
7.88091
1.39039
10.0897
0.0
11.3493
16.1871
2.44366
13.1579
16.8224
8.19672
6.886
25.8621
24.5232
17.8218
12.0
0.482496
18.2927
8.83219
11.0159
12.0482
5.33175
2.89203
34.4828
1.65563
0.11473
0.193378
1.83187
3.60101
0.0
0.560364
0.44055
3.15236
2.79764
5.52826
6.65188
5.7398
9.58466
4.07424
19.3966
11.4358
3.06644
10.1925
3.26205
4.55466
7.21732
8.17439
1.51184
16.8539
0.0
10.5882
21.6867
5.07328
16.2162
18.711
3.93013
13.2159
28.3912
22.7273
19.1898
9.38478
0.442674
25.9366
6.30252
19.2308
11.8265
11.7035
4.47761
15.7618
1.97325
0.100717
0.333741
1.62075
5.26039
0.0
0.506301
0.412182
3.21314
4.41176
4.75436
6.23269
2.49307
8.19672
10.1351
7.74527
15.8451
7.62066
16.9811
2.58918
21.0773
6.6568
4.65357
1.00739
6.27178
0.0
20.4082
11.5533
4.09091
25.2101
21.2766
4.48207
8.31025
13.1195
11.4796
19.1489
8.07899
0.864636
4.16667
4.77454
30.2013
29.8013
3.42335
4.85961
34.2205
1.69005
0.124992
0.37743
2.11149
15.4083
0.0
1.12416
0.369155
3.11311
5.22042
8.0429
3.88098
6.47017
10.9489
15.3584
18.5567
14.3312
14.377
14.377
5.07901
16.6052
6.61278
15.5979
1.91042
19.1898
0.0
9.45378
12.6939
4.23928
10.2975
10.3806
10.0559
10.3211
30.1003
18.9076
15.3846
10.9223
0.539665
34.749
4.57317
12.1294
14.5396
8.42697
5.1963
25.2101
1.98632
0.13129
0.359725
2.84091
34.4828
0.0
0.602531
0.318652
1.57756
3.96301
9.17431
16.129
7.32899
17.9641
26.087
18.595
17.6471
22.2772
27.1084
4.48207
36.7347
6.5407
39.1304
1.73244
17.4081
0.0
19.7802
15.4905
4.30828
26.7062
25.0696
5.2356
9.91189
3.94564
8.68726
4.28367
3.45489
0.548379
4.64396
3.97702
7.0922
4.33317
5.43478
2.60341
5.96817
1.54959
0.0914403
0.348857
2.24417
25.5102
0.0
0.962464
0.226233
2.6285
3.29068
4.3881
17.7866
3.49108
10.1124
14.3084
5.96026
6.12662
6.58376
11.6732
3.27749
5.6391
3.2097
7.26979
1.14504
10.4773
0.0
2.06091
3.27749
3.29429
2.8445
4.80513
4.51354
8.93744
9.14634
3.44432
5.89777
7.37705
0.715763
12.1457
5.08187
6.18557
13.9969
4.0965
4.13603
9.93377
2.28368
0.113322
0.200807
1.8577
11.4155
0.0
0.589391
0.305333
3.13808
5.20231
3.78629
8.15956
4.01965
7.02028
2.81867
4.57782
4.91266
7.53138
5.25701
3.10559
1.74893
4.1021
7.6661
1.329
6.95518
0.0
5.49451
6.82853
4.50225
8.79765
7.04777
2.46103
4.17246
9.91189
5.0905
13.1965
4.35624
0.666321
6.45624
7.53138
7.79221
7.6661
5.6926
2.70189
11.7647
1.72579
0.118188
0.255522
1.98238
19.8675
0.0
0.501532
0.187811
2.442
3.40909
3.24886
4.34594
3.26264
6.62252
5.47345
13.459
5.57103
5.84454
3.26584
2.46609
9.24025
3.73274
10.352
1.24828
6.14628
0.0
4.05771
13.9535
3.67347
7.80572
11.9205
9.6463
7.60778
5.75816
8.11542
5.60748
8.03571
0.777269
6.64697
3.57001
2.36158
7.55034
8.96414
2.62314
12.894
2.06992
0.0936524
0.309757
1.7398
10.7656
0.0
0.952482
0.256522
2.29568
4.1021
2.91545
4.54545
3.42936
7.86164
9.1659
11.4548
4.19111
5.76701
5.8309
3.17662
11.4504
4.13052
12.9032
1.48258
5.13611
0.0
5.51471
12.6761
1.98456
5.8862
4.26743
2.95082
4.44884
5.86319
9.35551
5.17837
6.59341
0.805585
8.94632
5.02513
16.8856
16.158
9.07258
1.76817
14.4928
1.93175
0.130556
0.279312
1.90597
7.31707
0.0
0.41808
0.285506
2.21779
5.03074
2.75028
6.26174
4.46229
4.46828
11.274
9.25926
7.69823
7.16846
6.93963
2.13812
10.3687
2.21337
7.46826
1.0009
7.3046
0.0
10.8827
14.6341
3.91475
5.44135
8.80626
2.89482
2.95664
5.10493
25.9366
19.5228
8.62069
0.801639
26.7062
5.26316
20.1794
25.9366
8.67052
2.68898
48.1283
2.14592
0.108751
0.304188
2.2733
19.3966
0.0
1.32489
0.390049
2.40327
2.9316
7.87402
34.7222
5.96659
36.1011
31.8471
33.8983
23.6967
28.3286
37.037
3.4626
29.0323
9.4518
20.4082
1.32996
22.1239
0.0
26.8657
17.5097
2.04128
19.1489
34.4828
8.0429
10.6888
24.6575
26.4706
12.5523
13.7825
0.46057
30.8219
5.69981
21.2766
20.0445
8.10811
4.54316
34.3511
1.99291
0.101326
0.341815
2.32318
8.17439
0.0
0.549786
0.466708
1.59039
3.15347
5.94059
21.5311
4.39883
22.9592
10.5634
21.2264
12.0
16.0142
13.8889
1.86297
9.21187
9.14634
14.4
1.00965
8.47458
0.0
15.2801
21.5311
3.68249
11.0974
24.8619
5.68182
13.1965
9.14634
30.4054
22.7273
6.47017
0.696541
9.54401
5.93276
7.79896
19.7802
6.28931
3.09066
11.4068
1.98194
0.124205
0.200267
2.28717
5.30348
0.0
0.566786
0.254044
3.17237
2.95276
7.51252
19.0275
4.61538
6.36042
11.0294
8.92857
15.025
7.97872
27.6923
3.19602
15.3584
7.35895
5.65682
1.77585
8.87574
0.0
43.2692
21.1765
2.94985
12.0805
21.6867
5.2417
12.9125
2.79764
5.87467
4.14556
4.1958
0.629855
7.01481
4.33109
11.378
17.9283
4.89929
3.87931
11.7955
1.79964
0.11049
0.303316
2.34497
7.68574
0.0
0.901226
0.178603
1.70561
1.88442
2.73598
5.41126
2.74424
6.42261
4.62749
3.23102
4.07332
5.03525
5.78035
2.70124
5.15169
4.49843
8.1367
1.3693
8.4674
0.0
9.31677
4.70465
3.38983
4.28571
11.6429
8.22669
10.3448
22.9008
19.3133
16.7286
13.5747
0.734154
30.1003
7.6661
23.2558
24.4565
9.22131
4.99722
38.961
2.34131
0.124215
0.343354
2.34436
28.3019
0.0
0.628536
0.275626
4.3573
4.5045
9.0009
26.3852
4.3611
52.356
30.9598
36.9004
42.0168
35.7143
24.3309
4.84496
20.4082
6.96864
41.6667
1.78795
25.641
0.0
22.8426
2.60945
5.09626
5.86319
15.9858
3.15236
13.6778
6.07287
4.75687
7.32303
3.7422
0.627659
2.98418
1.8093
4.5045
4.43262
4.41306
4.94777
7.91766
1.0653
0.0923293
0.313952
2.26655
19.2308
0.0
0.679348
0.375799
1.86181
3.33333
5.11073
11.378
2.75229
9.78261
4.67047
3.28947
6.59341
6.25869
3.18471
3.65556
3.2316
3.51425
10.5634
1.51643
7.32303
0.0
11.7955
4.78723
2.30533
3.86266
6.62252
5.56931
12.3967
24.5232
17.5439
36.7347
10.9756
0.914077
25.1889
6.34115
16.4474
22.0264
2.78242
4.84392
20.0401
2.34357
0.130993
0.42187
2.82646
23.0947
0.0
0.682128
0.448006
3.58423
6.73653
5.96421
13.7405
5.94452
4.97512
18.6335
29.316
17.7866
18.0723
18.7891
5.45785
16.3043
5.79897
14.5396
2.04871
16.0142
0.0
25.641
31.3589
5.75448
19.9557
29.2208
4.83611
13.7825
14.1732
13.9104
8.56327
7.97166
0.665041
24.0
5.77367
20.1613
3.53232
4.0833
5.95238
5.45554
2.22816
0.112613
0.322165
1.77305
18.8324
0.0
0.539827
0.34131
2.7339
5.03637
6.04027
12.3457
5.95238
19.9115
10.8696
13.6571
15.1007
14.2631
20.7373
4.41826
23.3161
6.70641
14.8515
1.60714
18.75
0.0
15.4374
20.0893
4.51354
16.0428
18.1452
6.12245
9.57447
5.50459
4.90463
5.98802
6.36943
0.662203
4.87013
3.12891
7.63359
2.87522
4.24448
2.71575
7.93021
0.723432
0.0931402
0.303003
1.90186
21.097
0.0
1.06724
0.410415
2.71657
3.15457
4.65357
9.87925
3.75156
7.59494
2.8436
14.876
13.5542
7.17703
10.4773
4.49326
11.1248
3.93185
8.18182
1.27895
5.77293
0.0
2.28253
6.4194
4.06137
7.89474
12.3967
7.89474
10.2623
4.70711
5.1458
13.2802
4.88043
0.698617
7.01262
4.4287
6.87285
7.22543
7.40192
3.9929
3.17158
1.51791
0.0891862
0.267315
1.88111
16.6113
0.0
0.968367
0.421072
2.67221
6.18132
3.56154
8.33333
3.28228
6.16861
11.7955
4.0
6.26741
4.22535
6.74157
3.23741
2.79938
5.25088
10.7527
1.5606
9.18367
0.0
8.26446
4.5755
4.13034
5.9761
12.8023
6.17284
15.7068
19.6507
9.30714
16.6052
12.4224
0.718133
7.47943
2.08768
20.8333
5.69801
5.9453
4.51807
5.9312
0.766754
0.0925206
0.315447
1.96155
13.986
0.0
1.11331
0.433902
3.11634
4.33944
6.79245
6.88073
4.8
7.69231
9.68784
7.37705
10.1466
6.96594
9.93377
3.74065
16.158
3.09704
11.1111
1.47179
11.0837
0.0
10.8303
12.8205
5.14286
13.8462
4.64636
7.58853
8.91972
24.9307
36.0
22.8426
12.2951
0.574317
26.5252
7.18907
14.5138
24.1546
11.0375
4.55466
31.25
1.91388
0.152128
0.362779
2.51826
12.0627
0.0
1.29983
0.406853
3.76884
5.34442
5.02793
20.5479
5.78778
30.8219
23.3766
35.7143
39.1304
31.9149
35.0195
4.80513
15.4374
11.9205
26.393
1.90275
40.3587
0.0
5.01114
11.1111
5.10204
16.2455
58.8235
8.37209
9.44386
24.6575
24.5902
29.316
11.194
0.667913
28.3286
3.59583
4.61255
20.202
8.27815
4.65357
10.5597
2.18627
0.100365
0.309905
1.75346
8.02568
0.0
1.28535
0.389358
3.35696
5.87084
5.90551
7.86026
4.97512
16.0714
22.2222
4.87541
4.60594
9.81461
7.92952
2.09839
5.41191
5.26316
16.8856
1.57563
19.3548
0.0
19.6937
15.0502
5.61798
18.9076
20.8817
4.95322
4.4335
4.67047
2.45098
4.63679
2.95372
0.559493
4.06504
1.70584
4.56158
9.66702
2.44858
4.36893
7.11744
0.83949
0.0884236
0.351198
2.24266
8.80282
0.0
0.78534
0.345688
2.59516
4.83611
4.33317
11.734
4.05041
5.35714
4.51581
10.3211
11.0294
2.99601
7.8534
3.84451
14.1066
5.45124
7.86713
1.38483
5.16055
0.0
4.09091
9.51374
2.76243
5.69981
9.86842
9.74026
13.8889
16.5746
23.4375
15.873
13.2548
0.652268
15.4905
4.77707
20.0893
11.1386
6.10998
4.63201
9.66184
0.803406
0.0949379
0.334448
1.98768
8.38926
0.0
1.01523
0.436237
3.15568
5.78406
5.95238
11.236
3.83795
26.087
7.8329
16.7286
6.68151
19.3548
22.8426
3.38473
16.3339
6.28931
6.82335
1.63162
12.0643
0.0
14.4231
14.4695
4.6729
15.6794
25.7143
2.849
2.25564
3.42596
9.01804
2.71003
7.14286
0.57132
6.13079
3.05603
4.95868
7.75862
4.48207
2.05011
6.80272
1.09721
0.0895423
0.407432
2.39693
34.6021
0.0
0.934968
0.246677
2.6262
2.9654
3.91134
19.1083
5.45785
8.91972
6.88073
4.70465
5.82524
5.78035
4.33944
2.75398
3.28228
4.97512
9.27835
1.5195
11.8734
0.0
5.15169
8.0429
1.96207
4.68506
7.40741
3.22004
4.2513
3.21543
3.10773
6.12662
4.46872
0.557138
8.47458
4.20364
3.95257
6.99844
5.67823
1.97282
10.6635
1.09565
0.0832355
0.338662
2.85225
37.3134
0.0
0.912686
0.373754
2.72068
1.80687
4.54545
5.71429
3.08642
12.0321
4.25935
9.07258
10.514
7.56303
14.5396
2.83554
2.32138
7.70548
3.88769
1.77936
30.9278
0.0
4.45765
4.53172
3.34697
3.73754
4.60594
7.8329
8.85827
13.9752
3.7422
4.11523
4.8675
0.717474
25.4237
3.39495
4.65116
17.3611
6.9979
4.0395
40.8163
0.944198
0.0936523
0.338272
1.90114
33.8983
0.0
1.20708
0.374532
2.38474
5.36353
5.6005
6.72646
4.59418
7.1599
6.49351
8.75486
11.0159
10.4287
15.5709
3.46554
14.658
2.39362
8.93744
1.65532
8.35655
0.0
8.22669
16.9173
5.06187
13.9969
8.49057
3.56013
11.7035
6.10169
21.0773
9.91189
9.12779
0.753832
16.158
5.81771
5.77701
12.7714
9.53289
4.04494
11.3507
1.80213
0.0887563
0.327129
1.83318
7.13267
0.0
1.10213
0.436025
3.70218
6.55499
5.18433
5.66751
4.53629
5.70342
13.8462
4.57782
7.47508
5.62149
8.28729
3.99467
9.77199
4.75185
9.31677
1.20805
5.87851
0.0
13.9319
8.81489
5.35077
10.7271
13.2353
4.40529
7.69231
5.70342
3.04157
4.89663
4.52489
0.578295
7.01481
3.08536
12.2783
3.12598
5.78704
2.66588
4.23729
1.06202
0.0794862
0.372634
2.79642
31.25
0.0
0.89481
0.388685
2.44035
2.44101
4.67775
14.6104
4.23529
6.96594
6.47482
6.99301
9.34579
4.77707
10.8827
4.36893
5.47778
5.23256
11.7647
1.60542
17.9283
0.0
2.90135
4.28367
2.0562
3.9491
3.33828
2.36655
3.3532
4.33109
4.10397
3.97702
3.82003
0.569332
5.49451
2.56923
3.79587
6.36943
7.32064
2.21457
2.918
0.889205
0.0871596
0.395491
2.56542
25.9067
0.0
0.732481
0.345901
2.68737
2.00669
5.19331
5.74346
3.60433
8.16697
9.44386
10.8173
8.13743
11.7955
8.40336
2.89855
3.56295
2.60492
12.016
1.78678
17.7866
0.0
3.16456
4.55005
2.37279
5.28479
3.34324
3.22812
7.57576
4.66636
5.01505
5.05817
4.03063
0.754945
4.39174
2.69978
4.08998
7.69231
4.48833
3.25497
8.99281
1.2458
0.0986456
0.306251
2.07814
15.2905
0.0
0.935065
0.285415
2.93255
2.56996
4.52034
8.5389
3.22812
18.5185
7.82609
6.15595
9.06344
4.45765
12.7479
3.62465
6.06469
3.11742
7.15421
1.09422
10.181
0.0
4.53401
5.68828
2.2899
5.26039
8.65052
9.80392
8.61244
6.21891
7.0028
3.53232
5.15996
0.66024
6.71592
5.06842
10.2775
5.64653
6.84932
3.15347
10.4712
1.01885
0.0932679
0.34408
1.63239
12.1655
0.0
0.487514
0.44765
1.82445
4.0
2.3554
9.47368
4.14556
7.61421
3.58423
3.78947
8.67888
7.59494
7.4565
2.64706
5.68541
4.06872
5.98404
1.47856
7.02028
0.0
11.889
4.43459
4.71921
3.33333
5.84795
8.56327
17.4757
11.5741
13.587
10.846
7.57576
0.800833
6.98324
5.64972
24.6305
7.09723
7.74593
3.75
19.2678
2.4108
0.116003
0.362805
2.58198
11.2867
0.0
1.12556
0.403732
3.63783
5.79151
7.86713
13.1004
2.68416
12.1951
16.9173
20.9302
16.4534
14.9254
16.2455
4.14365
15.4905
9.69828
12.3457
1.73879
16.6052
0.0
16.791
10.514
5.35906
8.7184
15.1976
10.514
1.61002
7.62777
15.748
5.32198
5.39084
0.717772
8.96057
4.74608
16.8067
9.14077
8.31255
3.96301
18.5529
1.34138
0.0955101
0.283206
1.70882
4.29553
0.0
0.619025
0.422416
3.003
3.5475
5.38278
8.57143
3.70675
8.34106
6.28492
10.8173
3.92499
3.25497
6.04839
2.70758
10.6007
4.66563
6.56934
1.58228
6.38751
0.0
9.42408
16.2749
5.01002
8.45309
12.5156
9.15565
8.90208
11.7647
5.9952
8.59107
3.71609
0.661901
9.38967
3.71609
7.87402
7.84929
5.54939
3.48432
10.7066
1.0609
0.0947715
0.263109
1.75131
17.0648
0.0
0.565824
0.282105
2.04267
3.19943
3.90117
7.9646
3.48432
4.73186
12.9125
5.55899
7.00935
12.766
9.43396
3.58852
4.94071
4.32277
7.08661
1.56931
9.68784
0.0
13.8504
4.86381
4.27168
15.625
4.3611
3.01205
9.61538
8.17661
13.587
11.0742
6.2461
0.624142
3.72995
3.04785
6.05327
16.2338
4.1684
3.92499
12.2399
1.59033
0.0921099
0.312813
1.70068
10.5152
0.0
1.19649
0.423569
1.68919
3.83468
6.52647
6.28053
2.87081
7.76531
9.28793
5.70342
7.24055
8.4666
7.69231
3.96825
10.4603
5.6391
6.75169
1.12444
8.51466
0.0
11.7371
12.3762
3.40832
6.62691
2.82965
8.80626
13.6571
25.5102
6.22278
9.23361
4.61894
0.807037
13.7174
5.19751
14.3472
6.99301
4.94071
4.69729
16.9779
2.14362
0.0868342
0.349724
1.82916
3.81388
0.0
1.18141
0.471698
3.003
7.109
6.07287
5.57276
5.24781
8.05009
9.23077
5.81771
9.54401
6.73149
7.43187
2.95664
25.2809
4.7619
9.70874
1.44741
7.89474
0.0
11.0619
14.0449
4.54545
12.4688
6.78426
12.0805
12.3967
8.93655
10.5152
9.1659
8.99281
0.919202
21.9298
2.93858
16.9205
18.2482
9.3985
5.90939
28.49
2.26398
0.124609
0.36531
2.06228
19.1205
0.0
0.607862
0.24574
4.42913
4.9505
8.07175
25.8621
6.42398
20.8333
8.0
34.749
33.5821
37.8151
37.5
4.44664
12.987
9.52381
27.9503
1.65047
25.788
0.0
15.0602
14.6413
2.62536
7.6746
8.51789
6.95518
9.29752
5.46747
4.55373
3.97141
4.83793
0.602664
3.18066
3.65364
7.14796
4.649
2.27324
2.88369
5.81058
1.52439
0.0865906
0.384335
2.0475
30.303
0.0
0.778143
0.251967
2.60492
3.19149
4.46872
9.03614
4.18216
5.47445
20.6897
7.74527
11.2782
6.68648
11.8265
4.07056
8.96414
3.39239
15.7618
1.42653
6.33803
0.0
5.386
5.77664
2.56118
4.99445
6.20262
7.74527
7.95756
18.8285
10.02
9.94036
8.31947
0.46365
11.5207
4.5208
9.42507
4.70146
6.10128
3.45224
8.07754
1.17925
0.106801
0.376619
1.79437
5.03525
0.0
0.882266
0.382101
3.09811
4.56853
7.09779
9.15565
6.31579
13.7405
20.979
11.7955
10.514
8.76339
8.33333
1.92596
17.7165
8.02139
5.41516
1.51592
28.8462
0.0
15.2027
23.0179
5.72884
23.1362
25.641
6.89127
10.3211
7.75862
4.329
6.61813
4.39367
0.735294
16.2338
3.13676
5.48847
12.8866
4.24628
4.53172
9.17431
1.23518
0.110044
0.331598
2.53872
7.01754
0.0
0.560294
0.252532
2.7281
5.60399
6.04027
9.51374
3.51975
10.101
8.13743
20.0445
4.55696
18.711
7.13154
3.20171
7.70548
5.73248
4.67532
1.32178
15.1007
0.0
14.4695
6.08519
3.07167
14.5867
7.24055
8.31025
11.25
14.0625
13.8037
7.26216
12.4688
0.714694
12.1951
1.58378
5.37057
4.58085
10.142
5.4678
7.24638
1.77148
0.0936181
0.313273
1.84094
6.25
0.0
1.27696
0.483221
3.28587
4.56389
7.06436
13.5338
5.71429
13.3136
15.2542
10.6007
12.7479
10.333
11.4068
4.04494
12.931
5.83279
3.89948
1.65168
3.95778
0.0
13.1387
17.7165
5.66394
8.72093
21.6867
3.33704
3.89273
6.05327
2.76702
4.79616
3.4188
0.624922
8.96057
3.27547
6.39386
7.96178
5.50055
3.16122
6.92521
0.726216
0.0844431
0.368256
2.76167
36.2319
0.0
0.757002
0.319409
2.27043
3.76097
3.64964
5.0905
3.88937
6.28492
7.86713
6.22837
12.4827
7.77874
10.2157
4.68262
4.56158
8.30258
26.5487
1.6791
20.8817
0.0
3.10666
2.50557
2.28775
5.62746
3.67107
9.28793
15.7343
12.987
4.23729
4.77555
6.2383
0.754603
11.236
5.95593
19.4175
23.4742
6.41026
5.66394
13.2275
1.76429
0.0985795
0.28957
1.64528
5.73723
0.0
0.927261
0.436893
3.5489
6.05245
4.06504
17.2414
2.6393
11.5237
8.5389
9.75081
11.9681
10.8565
3.34324
2.86898
3.39623
3.99467
12.0805
1.06484
5.62852
0.0
16.3043
16.7598
4.42043
16.7598
9.78474
10.2389
13.0624
7.45712
13.9276
7.62195
9.28505
0.820277
21.3675
5.60852
10.0908
9.68054
6.77966
5.16648
12.3153
1.43184
0.102073
0.331862
2.21976
10.8108
0.0
1.08512
0.446185
2.78379
5.40216
6.79245
17.1103
6.96594
8.27206
25.5682
30.9278
15.1771
21.7391
11.0429
5.82524
18.8679
7.41962
23.8727
1.65502
16.9492
0.0
17.6125
20.595
4.71451
9.65665
10.0503
6.41026
11.2219
6.61813
9.28505
9.7371
6.52316
0.774713
9.4518
4.3592
3.61402
13.9665
7.47384
4.74684
15.748
1.83688
0.0981923
0.271562
1.42918
5.64653
0.0
1.11483
0.436936
2.3166
6.06469
3.92842
18.8679
5.8102
6.11829
13.3136
8.30258
12.0321
5.59006
6.90714
3.60866
7.86026
4.12466
12.1786
1.50804
7.1599
0.0
16.0714
12.5174
4.62012
14.4928
12.7119
4.31862
6.44699
4.04494
5.35077
3.39111
4.69974
0.345635
5.51471
4.1958
7.09779
10.0897
3.77042
3.15236
4.52034
1.58758
0.101051
0.340845
2.74223
26.393
0.0
0.373243
0.275128
1.94007
3.85769
4.80513
5.73248
3.6452
3.42335
6.4194
3.22928
7.92254
5.13992
7.86026
3.09704
4.14747
4.53401
10.7271
1.10205
22.5225
0.0
4.25532
3.67948
2.66036
3.83142
6.49819
4.84131
7.109
6.34697
4.47094
5.53506
7.02576
0.353885
10.274
3.61446
18.2556
5.38922
7.82609
4.03407
13.4128
1.14708
0.108582
0.287788
2.32198
21.6867
0.0
0.82675
0.201478
2.46846
4.17827
2.8125
6.91776
2.69865
5.44135
5.12237
5.03356
7.23473
4.36047
5.72884
3.18471
3.42466
4.79489
8.32562
1.49056
7.90514
0.0
7.70548
2.44898
1.98544
4.80513
12.4481
7.56939
3.75626
42.0561
48.3871
20.0
2.04918
0.448788
39.4737
5.70704
25.9366
22.4439
10.5263
4.41393
28.6624
1.27083
0.126426
0.340033
2.10477
14.2857
0.0
1.19522
0.512762
3.81679
6.02813
8.92857
18.75
6.59341
30.4054
29.6053
37.8151
27.027
31.6901
20.4545
2.7582
25.1397
8.67888
8.72939
1.1024
13.2626
0.0
31.4685
5.03637
2.89389
9.32642
45.2261
9.77199
11.3065
30.4054
34.8837
27.1084
7.77202
0.432464
26.6272
2.48687
16.6359
23.5602
5.25701
3.125
40.724
1.91042
0.124528
0.255254
2.19191
14.9254
0.0
0.977305
0.42525
2.81514
5.85938
10.0334
27.6923
6.20262
13.9319
34.749
34.3511
21.9512
24.0642
16.8856
2.59516
8.91089
4.67532
33.8346
1.52698
24.1935
0.0
17.7515
4.78215
3.37331
5.44465
14.6819
5.33808
6.35145
4.49775
9.43396
5.53165
3.18021
0.357967
8.62069
3.04672
9.00901
10.8173
8.18926
3.80228
8.19672
0.923361
0.0883028
0.347329
2.58546
11.1663
0.0
0.809061
0.373956
2.44765
4.81026
3.02521
4.15512
4.24128
4.84653
6.17708
7.5
3.99467
7.54401
4.47984
3.51837
4.04313
4.50653
5.82411
1.31804
12.3001
0.0
8.23422
2.15569
2.75651
7.05329
5.82524
7.9858
22.7273
5.59354
29.8013
22.5
5.29101
0.405734
11.9205
7.8534
40.9091
30.7167
11.8577
6.24133
47.8723
1.10947
0.125291
0.350536
2.67777
29.8013
0.0
1.2987
0.515198
4.30416
7.46269
9.48367
17.7165
5.22345
31.6901
28.5714
24.9307
20.0893
16.791
21.028
5.50459
10.6132
6.21504
15.6495
1.29668
8.07103
0.0
19.4384
3.87097
3.93701
22.2222
18.75
3.98054
3.30154
2.85081
4.52489
11.2782
4.98615
0.502008
5.18135
2.72645
8.66218
8.18182
6.61765
2.77778
7.08661
1.95993
0.121497
0.300501
2.45232
14.3084
0.0
0.819523
0.188288
1.55736
4.08905
4.17827
4.06688
4.05771
3.14795
7.97166
3.96476
10.2157
5.28169
9.00901
3.28947
3.98936
6.70641
6.5445
0.501404
9.4697
0.0
5.06757
4.23928
3.34697
3.33952
2.04128
7.41962
4.32484
14.0625
14.218
10.6762
14.876
0.383419
26.7857
3.70066
5.99201
11.889
8.97308
4.94234
42.0561
1.48515
0.126211
0.318089
2.22058
12.0482
0.0
0.384336
0.438063
3.12717
2.3554
7.9646
12.2951
5.59354
6.21547
11.0429
10.2157
5.49451
8.21918
6.85453
4.22139
15.5979
3.7422
7.36377
1.86463
3.01932
0.0
6.29811
11.583
5.84795
13.3136
13.7405
10.8043
6.39795
7.11238
10.01
9.13242
6.73401
0.718184
5.64334
4.31779
25.641
4.90196
3.80084
4.04204
7.00771
1.24766
0.0929282
0.288951
2.14362
12.0337
0.0
1.0587
0.312153
2.68737
5.80046
6.85976
7.44417
4.13793
8.67052
5.16055
12.7479
12.894
6.49351
8.34879
2.93638
3.59454
4.17827
5.36993
1.58562
8.85827
0.0
4.44642
8.09717
3.49528
5.92768
18.7266
10.0897
8.40336
8.54701
11.6009
9.7371
7.38552
0.659109
3.34784
2.52016
11.1857
5.27426
6.02047
3.12207
4.662
1.72861
0.093214
0.260261
1.80505
7.45712
0.0
0.900991
0.363445
2.37906
4.36872
5.53846
4.69974
4.11147
4.34363
5.25088
7.39523
3.94564
6.62739
6.06878
3.08748
3.63901
3.60866
8.90208
1.23119
6.30252
0.0
4.75511
12.6743
4.34594
5.33903
4.51875
4.35203
11.811
22.3714
16.8067
7.88022
3.55999
0.7397
10.8578
4.914
16.5017
15.2207
8.81057
4.11147
26.6667
1.2213
0.0958442
0.328591
1.81061
4.98008
0.0
1.04082
0.442761
4.00178
3.75799
6.41483
22.7848
5.43807
10.4287
10.6888
12.8755
6.92308
23.7467
6.81818
3.32349
11.5473
4.34993
7.53769
1.43793
9.81461
0.0
9.38086
13.6054
2.20653
13.0719
12.1655
6.44238
5.30035
6.81199
5.70125
7.94281
1.87547
0.679163
8.49618
1.84128
9.4162
17.9856
6.3012
5.31287
15.625
0.953471
0.113576
0.371692
2.06612
12.7714
0.0
0.483689
0.298686
2.9098
3.00571
8.44278
7.21154
6.78733
5.54529
17.7165
8.50662
16.158
6.59341
3.5225
3.60721
10.4712
4.86224
11.0974
1.8315
18.6722
0.0
8.51789
22.8833
2.01045
6.00962
6.94927
8.32562
3.13152
16.2162
30.8219
22.9008
4.4335
0.383795
38.2979
4.6875
4.97512
19.6937
8.49057
2.10084
5.90164
1.43655
0.110039
0.349352
2.32198
5.92105
0.0
0.943693
0.382198
2.61628
6.66173
7.53138
10.1466
4.98891
7.06991
9.40439
21.327
8.44278
20.8333
16.0142
3.60288
17.0778
7.44417
5.46117
1.3589
4.43131
0.0
19.1083
22.0049
5.21739
12.4309
12.8755
3.6062
7.34754
21.978
23.1481
48.3092
11.534
0.682128
13.1926
8.47458
17.0068
4.095
8.93655
5.20021
16.7224
2.1322
0.110759
0.348699
2.07297
5.91716
0.0
1.17218
0.368732
2.19834
2.84414
5.93668
13.2548
5.49115
26.393
19.0678
15.9292
21.6867
13.8249
13.4128
4.329
7.98722
5.56931
4.78215
1.73846
2.62314
0.0
9.43396
2.79018
2.99043
19.6078
20.284
2.92997
5.45554
4.76644
2.37586
7.1582
4.11184
0.449924
11.1359
3.29815
9.84252
2.3872
3.97931
2.42542
11.0497
1.52462
0.0899248
0.349589
2.93945
43.29
0.0
0.810008
0.381211
2.37655
2.0842
4.06872
7.9858
6.13497
8.21168
14.6104
9.3361
11.0024
10.551
16.3339
3.62173
5.14403
3.23044
2.98706
1.53244
12.2951
0.0
6.46412
3.65631
2.53293
4.4603
8.44595
4.02865
7.89266
10.1112
23.0415
9.31966
7.49064
0.781616
17.762
6.83995
29.7619
21.645
11.4155
3.96825
16.2602
1.9216
0.0928729
0.250985
1.74917
6.88705
0.0
1.16174
0.426884
2.73806
5.27704
6.02813
13.3929
5.21135
13.2353
11.1386
10.8565
7.8329
22.9592
8.11542
2.98112
11.919
5.29723
10.4046
1.47614
7.12025
0.0
23.31
20.4918
1.38812
11.2108
30.2115
