"o"
14.2637
47.4934
87.8049
185.567
363.636
219.512
54.7945
2.80789
229.814
26.4853
258.741
276.119
33.0062
30.743
406.593
6.56261
0.486484
1.28383
8.92211
174.528
0.0216187
3.86423
1.51951
34.6487
43.0233
182.266
33.9761
339.45
349.057
300.813
258.741
203.297
189.744
18.1462
123.711
33.3935
264.286
6.44712
138.06
0.0215419
119.205
183.673
23.0474
125.874
378.947
46.0358
84.1121
225.0
382.979
227.848
57.6
2.75735
268.116
27.1261
248.322
258.741
36.2745
29.8013
451.22
6.94966
0.498316
1.33103
8.70179
174.528
0.0215307
4.04814
1.55104
14.2308
33.8346
41.0655
174.528
30.6038
313.559
345.794
300.813
229.814
197.861
176.19
16.8105
126.316
32.8014
253.425
6.49009
126.712
0.0214991
129.964
183.673
23.3615
129.964
413.793
45.4545
82.7586
209.302
352.941
219.512
55.8069
2.65271
260.563
25.856
266.187
250.0
33.6364
30.3797
420.455
6.52442
0.45603
1.29561
8.82844
185.93
0.0215322
3.93659
1.50873
14.1329
33.8664
40.5702
165.179
30.7564
308.333
342.593
278.195
235.669
181.373
182.266
16.3862
124.138
30.782
241.83
6.05466
131.206
0.0214144
132.353
175.61
20.0893
119.601
371.134
44.0636
74.0741
173.913
339.623
195.652
49.6552
2.40682
262.411
28.0303
262.411
276.119
36.8526
27.3349
402.174
6.1309
0.457513
1.27754
8.78443
180.488
0.0214366
3.66375
1.45932
14.0735
30.1255
39.4737
173.913
32.057
313.043
336.449
300.0
241.611
200.0
184.615
18.75
98.9011
33.6134
251.748
6.2069
131.387
0.0213243
118.033
165.138
21.4031
112.853
346.154
45.283
76.2712
219.512
378.947
229.299
54.3807
2.76774
260.87
25.4646
241.83
272.059
32.5991
27.8207
420.455
6.32695
0.466436
1.28388
8.6977
182.266
0.0215547
4.04018
1.48893
14.4757
31.7181
41.5264
166.667
30.6545
327.434
313.559
289.062
243.421
198.925
180.488
17.3709
123.711
31.3029
240.26
6.05763
125.85
0.0214459
132.841
181.818
23.0474
132.841
409.091
45.8015
84.7059
230.769
382.979
229.299
56.872
2.76349
276.923
26.1299
280.303
282.443
37.0741
29.8507
468.354
6.78028
0.482217
1.30021
8.77193
179.612
0.0215974
4.05391
1.52798
14.0152
34.0909
39.1121
167.421
32.5132
327.434
352.381
289.062
238.71
201.087
178.744
17.0272
128.114
30.8848
237.179
6.25423
117.834
0.021507
136.882
196.721
24.0964
133.829
391.304
46.875
87.5912
211.765
375.0
218.182
57.1429
3.03107
268.657
26.8256
240.26
270.073
36.0273
31.9149
397.849
6.54867
0.474883
1.2866
8.29782
170.507
0.0216009
3.87313
1.52007
14.4306
35.7498
42.1412
164.444
31.4092
316.239
336.364
289.062
235.669
190.722
178.744
16.0035
128.114
30.4778
234.177
6.13395
132.616
0.0215889
136.882
196.721
22.7129
124.138
375.0
46.5718
78.0911
200.0
346.154
209.302
51.4286
2.40304
292.683
29.3399
248.322
284.615
41.7136
27.735
440.476
6.75182
0.442764
1.24357
8.62672
178.744
0.0214413
3.62903
1.4121
13.8568
30.8219
42.2535
177.34
31.5236
295.082
346.154
295.082
238.411
204.545
189.474
17.6039
114.286
31.7181
250.0
6.03217
132.353
0.021318
104.956
158.59
20.0222
103.448
336.449
45.0563
86.747
209.302
378.947
216.867
55.0459
2.99103
268.657
24.5232
266.667
260.87
34.2857
31.0078
373.737
6.71872
0.482663
1.27908
8.36347
166.667
0.0215997
3.79176
1.51614
14.0578
36.4372
41.6667
163.717
30.6799
321.739
342.593
303.279
248.322
209.04
188.776
17.0115
122.867
30.9883
231.25
6.13599
132.143
0.021577
129.496
173.913
23.4528
125.874
378.947
47.6821
81.0811
214.286
276.923
211.765
58.2524
2.58194
264.706
26.5291
281.25
276.923
37.1134
28.9622
439.024
6.90041
0.461767
1.25428
8.29596
177.033
0.021457
3.77913
1.47917
13.9643
32.6383
39.1304
152.542
30.3286
318.584
315.789
279.07
235.294
197.802
178.218
16.5365
121.622
30.3541
241.611
6.26414
130.909
0.0213473
132.353
160.714
24.0642
124.138
371.134
43.6364
75.4717
204.545
360.0
208.092
54.4629
2.46981
262.774
26.7062
268.657
276.923
34.0265
28.103
413.793
6.52557
0.466142
1.28539
8.6388
163.717
0.0215031
3.76207
1.49525
14.4531
31.1419
42.2374
175.355
31.5162
321.739
333.333
291.339
241.83
213.873
164.444
17.6611
115.016
33.1244
260.563
6.33887
140.684
0.0213922
121.622
180.0
22.6558
120.0
339.623
44.665
77.2532
195.652
356.436
204.545
52.4017
2.93112
246.575
26.2582
281.25
262.774
36.3269
28.9855
433.735
6.88337
0.492133
1.32204
8.77609
184.08
0.0215786
4.02831
1.54045
14.5842
32.345
41.9501
172.897
31.4092
293.651
333.333
268.116
231.25
195.767
176.19
17.7543
116.883
33.1541
243.421
6.6095
134.545
0.0215533
120.805
162.896
21.8314
114.65
342.857
44.8319
73.922
205.714
336.449
223.602
54.4629
2.52508
272.727
26.9865
266.667
248.322
34.4186
27.3973
381.443
6.59537
0.453448
1.28508
8.91137
184.08
0.0215155
3.88451
1.51162
14.4081
31.0613
41.5264
177.033
32.6279
333.333
339.45
303.279
217.647
198.925
181.373
17.1694
114.65
32.4277
235.669
6.38922
123.746
0.021403
120.805
170.616
20.5832
115.385
321.429
48.7145
93.0233
202.247
382.979
216.867
56.6929
2.58732
285.714
25.2987
268.657
253.425
32.6279
33.2717
389.474
6.44936
0.477647
1.27886
8.51946
184.08
0.0215314
4.05791
1.50041
14.5957
36.1809
42.0933
168.95
31.3029
327.434
336.364
280.303
232.704
204.42
177.033
17.5272
120.401
32.7144
243.421
6.12279
132.616
0.0214979
136.882
166.667
23.5448
127.208
391.304
43.7956
72.2892
196.721
339.623
211.765
53.973
2.56246
257.143
27.7992
260.87
268.657
35.5086
27.2934
440.476
6.40138
0.4516
1.26319
8.90493
172.897
0.0214538
3.71019
1.46401
13.5747
29.7275
42.9594
173.077
32.057
297.521
324.324
295.082
233.766
194.595
185.567
17.0132
99.1736
33.0579
235.294
6.13288
140.078
0.0213257
111.801
158.59
19.5228
102.857
336.449
45.1128
75.0
208.092
346.154
213.018
54.7945
2.50819
288.0
28.9622
274.809
281.25
36.6337
26.4901
425.287
6.50607
0.437958
1.24621
8.75532
179.612
0.0214453
3.71172
1.49272
13.626
31.1958
43.3735
180.905
32.491
324.324
342.857
318.584
253.521
209.302
191.489
18.1178
110.769
32.5203
244.898
6.17284
132.841
0.0213021
113.924
171.429
19.4911
116.505
360.0
