"o"
17.8704
49.332
115.108
240.0
360.902
244.898
70.2782
4.06057
296.97
42.024
365.672
365.672
59.2503
39.3443
490.0
9.67806
0.69054
1.83486
11.4996
213.043
0.0283289
5.46262
2.13314
47.6663
55.1091
222.222
45.3686
345.324
375.0
340.426
284.024
237.624
229.665
24.3655
158.94
43.3213
307.692
8.72569
152.866
0.0283118
165.517
219.178
32.8767
165.517
375.0
47.2906
119.403
233.01
369.231
252.632
63.8298
4.05611
275.281
37.1494
350.0
352.518
59.466
41.7029
466.667
9.45946
0.676244
1.77936
11.2877
213.043
0.0283961
5.37033
2.10646
18.1132
50.9014
57.0071
233.01
45.0281
375.0
358.209
340.426
294.479
258.065
236.453
24.024
155.34
40.3361
315.789
8.61914
154.341
0.0283644
166.09
217.195
33.543
152.866
372.093
