"o"
8.85329
29.0055
51.5971
139.073
247.059
146.853
38.0435
1.72456
171.875
21.3385
127.907
189.655
26.1283
19.83
207.547
4.29436
0.280572
0.708454
5.31511
97.6744
0.0123181
2.30112
0.881464
20.5882
27.4869
112.903
21.3632
205.882
244.186
235.955
184.211
139.073
122.807
11.242
75.2688
21.875
170.732
3.9444
87.8661
0.0122745
85.0202
116.667
15.043
83.6653
259.259
30.03
44.3459
112.994
112.994
111.111
34.0136
1.67926
153.285
20.6693
148.936
147.887
24.0275
17.4978
130.435
4.19245
0.277305
0.689338
5.31242
95.4545
0.0122983
2.25806
0.871622
8.55746
17.5439
25.641
100.0
19.962
184.211
253.012
139.073
162.791
138.158
106.599
10.9432
47.2813
21.5385
156.716
3.80573
79.5455
0.0122679
50.0
86.9565
13.369
58.651
139.86
31.6456
43.8596
117.647
198.02
145.985
34.3699
1.37588
100.0
18.5349
58.6592
120.0
24.2775
19.084
145.833
4.02299
0.266714
0.689587
5.24345
92.9204
0.0122705
2.10484
0.873471
8.86824
21.8103
26.3819
76.3636
19.3906
192.661
192.661
210.0
134.615
148.936
107.143
10.808
55.2486
21.7842
159.091
3.60763
60.5187
0.0122348
76.3359
82.6446
14.0351
76.0456
192.308
30.9598
48.3092
97.0874
130.719
113.636
32.9489
1.3855
114.13
17.3267
77.2059
162.791
25.6098
18.3824
283.784
4.07135
0.267806
0.69227
5.14958
96.7742
0.0122746
2.25153
0.848691
8.71008
20.1613
25.2404
67.9612
19.7554
216.495
198.113
190.909
147.887
122.807
121.387
10.9204
55.7103
21.6049
118.644
3.81818
64.2202
0.0122224
66.6667
96.6184
13.6519
72.2022
152.672
29.1121
42.1941
92.1659
108.696
132.45
35.3982
1.66847
178.571
20.5078
113.514
133.758
25.2404
18.2315
203.883
4.09197
0.277488
0.660814
4.97159
81.7121
0.0122956
2.24743
0.85065
8.76461
18.2315
27.0619
91.3043
20.5078
176.471
216.495
164.062
144.828
118.644
116.667
10.8583
56.8182
21.4505
139.073
3.83772
89.3617
0.0122782
69.2042
75.4717
13.3869
60.7903
222.222
29.4118
46.3576
138.158
256.098
141.892
36.4583
1.68946
168.0
21.1538
148.649
173.228
24.9716
18.2292
247.191
4.22589
0.286045
0.707305
5.37084
91.7031
0.0123319
2.28708
0.886413
8.74636
20.9163
28.0749
107.692
19.9052
173.554
223.404
214.286
165.354
138.158
123.529
11.6861
74.2049
22.1987
142.857
3.77426
84.3373
0.0122864
75.0
96.3303
14.9893
81.7121
189.189
28.2486
42.8266
123.457
198.02
114.943
36.1011
1.67098
90.4977
19.8413
119.318
162.791
26.1194
17.0503
185.841
4.14856
0.269417
0.684084
5.17114
91.7031
0.0122865
2.19711
0.879876
8.61362
19.5122
21.3849
96.3303
18.8849
121.387
177.966
161.538
146.853
123.529
119.318
11.0294
53.4759
19.7183
80.1527
3.6694
91.7031
0.0122212
66.0066
103.093
14.6628
70.1754
139.86
31.6265
42.9448
133.758
221.053
132.911
40.3071
1.70413
93.75
19.2661
109.453
107.843
23.5546
17.5439
177.419
4.21941
0.287916
0.704155
5.2356
106.599
0.0123167
2.31942
0.893997
8.79397
21.5606
26.4151
101.449
21.0632
161.538
194.444
179.487
157.895
131.25
124.26
11.2179
77.7778
21.4724
108.808
3.79678
70.9459
0.01228
77.7778
117.318
15.1079
81.0811
247.059
25.3165
41.58
92.1659
156.25
141.844
34.4234
1.65686
134.228
21.2314
155.039
176.991
25.3807
17.1527
200.0
4.12169
0.267356
0.673963
5.18391
90.9091
0.0122676
2.16272
0.890019
8.80872
20.2429
23.7557
95.4545
19.1956
179.487
189.189
139.073
122.093
88.2353
104.478
10.9034
57.4713
20.7921
110.526
3.70894
71.6724
0.0122186
70.922
83.3333
13.1839
66.2252
190.476
30.2572
46.729
82.6446
129.032
88.8889
34.2466
1.66141
101.01
18.8501
136.054
119.76
24.3013
17.7305
243.902
4.15184
0.267386
0.66502
4.99881
87.8661
0.0122616
2.17729
0.85865
8.76827
20.3046
26.616
86.4198
19.8675
169.355
184.211
144.828
118.644
86.0656
90.1288
11.333
62.1118
18.9019
176.471
3.74332
81.3953
0.0122334
71.4286
80.6452
14.0154
51.9481
69.4444
27.0636
48.4262
97.0874
243.902
119.76
38.2409
1.66058
145.985
19.5695
140.845
128.205
25.7732
18.9573
240.964
4.01299
0.262967
0.684708
5.24476
85.0202
0.0122717
2.24479
0.841043
8.74636
18.6047
26.4151
99.0566
20.0765
177.966
207.921
168.0
140.0
125.0
111.111
11.0876
49.0196
20.649
139.073
3.64773
94.5946
0.012211
62.3053
83.682
13.8889
70.1754
185.185
29.2479
55.7029
141.892
212.121
148.936
37.1025
1.71485
164.062
20.6897
181.034
184.211
26.4484
19.4085
200.0
4.31034
0.285841
0.711744
5.3411
81.7844
0.0123263
2.27741
0.8884
8.6741
22.4359
25.8303
64.8148
20.4678
153.285
187.5
176.471
176.471
122.093
128.049
11.1762
80.1527
19.3727
122.807
3.74198
85.7143
0.0123111
89.3617
121.387
15.3173
75.8123
241.379
28.8184
47.8469
116.279
94.7867
114.286
36.2976
1.6919
136.054
19.0295
70.6714
152.174
25.3012
18.5529
146.853
4.10076
0.27384
0.664221
4.95634
99.5261
0.0123023
2.20311
0.859142
8.80503
20.2634
25.1799
95.0226
20.3488
210.0
203.883
190.909
135.484
112.299
102.439
10.7034
74.9064
20.2117
84.6774
3.75738
74.4681
0.0122517
78.7402
97.561
14.5455
70.1754
170.94
32.0
48.1928
114.943
204.082
139.86
36.036
1.69377
85.8369
20.3666
158.73
132.911
25.1799
18.7091
269.231
4.05171
0.267871
0.686499
5.13322
83.004
0.0122721
2.16674
0.854527
8.36653
20.0401
26.616
108.808
19.0217
152.174
148.936
164.062
134.615
112.299
64.6154
10.574
65.7895
18.7166
85.0202
3.77291
67.3077
0.0122386
76.3359
109.89
14.556
75.188
176.991
32.9489
51.5464
119.76
192.308
136.986
36.1011
1.703
185.185
20.2224
196.078
140.845
26.087
17.5131
225.806
4.22705
0.271398
0.670092
5.12821
82.6772
0.0122963
2.24791
0.873508
8.7756
19.0658
26.8199
102.941
19.6813
166.667
151.079
148.936
137.255
99.5261
101.449
10.7748
61.9195
19.4986
107.143
3.88242
82.0312
0.0122527
70.4225
99.0099
13.8889
68.9655
190.476
30.4878
46.5116
129.87
188.679
161.29
39.4477
1.7163
129.87
20.0602
116.959
122.699
25.1497
19.7239
179.487
4.22961
0.280831
0.687983
5.11322
76.6423
0.0123115
2.23357
0.887124
8.65979
20.1613
26.3158
84.0
19.6813
198.113
241.379
187.5
148.936
137.255
125.749
11.1229
71.6846
20.854
144.828
3.92377
81.0811
0.0122717
85.4701
97.561
15.2788
82.3045
198.02
27.2109
34.0136
87.5
117.318
106.599
32.0611
1.09902
134.615
21.0843
122.807
144.828
25.5786
16.0772
223.404
4.34153
0.27532
0.752203
5.62852
102.941
0.0122202
2.23001
0.87936
9.11063
17.8253
26.8886
101.942
20.0382
143.836
159.091
161.538
165.354
110.526
112.299
11.6473
57.3066
20.7921
108.808
3.80228
75.8123
0.0121449
60.9756
67.7966
12.2951
56.4516
130.435
24.1838
34.7826
78.0669
106.599
88.6076
28.0374
1.08086
107.692
20.3686
132.911
125.0
24.3337
17.0503
118.644
4.12088
0.278799
0.730969
5.52777
64.0244
0.0122451
2.26269
0.857038
8.90963
20.9205
25.2404
95.0226
20.3883
205.882
228.261
139.073
157.895
130.435
97.2222
11.0876
48.3092
20.0191
110.526
3.82723
97.6744
0.0121689
66.4452
82.6446
10.8192
43.2099
92.1053
31.4961
42.735
106.061
138.158
104.478
33.7621
1.14373
119.318
20.0573
134.615
103.96
26.7516
15.7729
223.404
4.05562
0.272961
0.704013
5.31377
92.1053
0.012242
2.1683
0.872165
8.61009
20.5973
24.8227
91.3043
18.4049
156.716
185.841
132.911
137.255
94.5946
114.13
10.4012
61.9195
20.7715
89.7436
3.77358
80.1527
0.0121768
50.7614
80.6452
13.9567
70.4698
123.529
21.2766
37.2439
103.448
159.091
114.754
33.8164
1.07214
78.6517
19.1606
94.5946
129.63
23.5955
15.6495
143.836
4.25532
0.276702
0.733368
5.49163
85.3659
0.0122319
2.26147
0.863238
8.77926
18.2149
25.7038
88.2353
19.2308
138.158
165.354
132.911
147.887
101.942
101.449
10.3499
55.2486
22.3642
120.0
3.9407
80.7692
0.0121751
53.0504
69.9301
11.8133
51.2195
131.25
29.7619
38.1679
95.4545
80.1527
107.143
32.0611
1.09884
133.758
21.7166
166.667
153.285
24.7642
17.8412
247.059
4.313
0.27278
0.756048
5.58214
95.4545
0.0122229
2.37987
0.910826
9.09879
18.5529
25.894
102.439
20.2312
141.892
187.5
132.075
134.615
125.0
106.061
10.7914
59.1716
22.4839
161.538
3.88673
78.0669
0.0121426
61.0465
95.0226
10.574
52.5
94.1704
30.722
48.4262
116.022
187.5
120.0
32.7103
1.20801
98.1308
19.5349
120.69
108.247
22.8758
18.1818
172.131
4.12412
0.26545
0.691472
4.98931
71.1864
0.0122666
2.13068
0.859845
8.27749
18.9215
25.6724
85.0202
19.3727
136.364
152.174
133.758
100.0
131.25
99.0566
10.6437
68.0272
20.7101
88.2353
3.75604
89.3617
0.0121943
71.1864
95.0226
11.8577
70.9459
189.189
29.8063
38.9864
85.3659
136.364
73.1707
28.4553
1.07725
108.808
20.0382
90.9091
117.318
24.3056
16.8919
216.495
4.32188
0.28321
0.720041
5.65885
86.0656
0.0122346
2.23785
0.89644
8.79765
16.2075
25.0
72.9167
19.5167
189.189
187.5
172.131
129.63
100.478
107.143
11.5639
42.735
20.9163
97.6744
3.93627
69.3069
0.0121587
52.356
51.5971
9.96205
46.1538
94.5946
27.248
40.8163
107.143
124.26
101.449
37.037
1.04597
111.111
20.3095
97.6744
122.093
23.8365
16.7645
114.13
4.37682
0.274456
0.753039
5.59403
116.022
0.0122314
2.23809
0.865337
8.83467
19.1571
25.641
100.962
19.1431
170.732
192.661
196.262
136.364
117.978
126.506
11.8243
54.6448
22.508
148.936
3.87883
94.5946
0.0121476
59.5238
64.4172
10.8752
58.4958
131.25
27.1003
34.1297
93.8967
113.514
89.7436
33.7621
1.06561
85.7143
20.1149
144.828
121.387
23.7557
15.8983
185.841
4.40436
0.274101
0.742863
5.63456
112.903
0.0122274
2.27939
0.890245
9.11063
16.5975
25.6098
106.061
20.0957
169.355
205.882
151.079
122.807
147.887
113.514
11.7779
47.8469
20.8748
153.285
3.89466
93.3333
0.0121656
55.5556
59.7015
10.2617
59.3472
116.959
28.2087
39.0625
88.8889
142.857
90.5172
34.2577
1.0612
86.7769
19.4986
86.0656
89.3617
21.9895
15.8103
205.882
4.36863
0.272642
0.749197
5.6
129.63
0.0122247
2.29835
0.930397
9.17431
18.2315
23.2301
100.0
19.5896
207.921
157.895
187.5
130.435
114.13
114.13
11.2721
51.0204
21.1907
122.807
3.87525
85.3659
0.0121605
54.9451
61.5385
11.1235
50.8906
123.457
31.2012
43.6681
83.3333
166.667
95.0226
35.6537
1.24651
125.749
20.0573
101.942
90.5172
20.7921
17.7778
114.13
4.08799
0.271697
0.686409
5.08228
80.1527
0.0122705
2.19161
0.829253
7.81832
20.8768
22.8758
82.3529
19.1956
184.211
184.211
155.556
131.25
117.978
108.808
10.9148
55.4017
20.5279
85.3659
3.81125
70.7071
0.0121949
68.0272
75.4717
14.3164
74.3494
150.376
27.5482
35.3982
56.9801
161.29
86.9565
32.5077
1.05379
89.7436
20.4479
136.364
106.599
23.6753
14.8148
141.892
4.40344
0.275906
0.738033
5.52632
97.6744
0.0122333
2.26098
0.883727
9.00515
17.5439
24.9703
88.2353
19.4085
184.211
140.94
114.754
144.828
118.644
108.247
11.0121
59.7015
22.0357
143.836
4.00993
85.0202
0.0121536
61.1621
68.4932
11.3895
49.6278
130.719
30.349
51.0204
112.903
168.0
119.318
34.202
1.21373
164.062
21.0632
160.305
132.911
26.1519
17.8891
140.0
4.10317
0.272469
0.695641
5.36398
85.3659
0.0122743
2.28038
0.828108
8.90208
21.0084
25.3317
96.7742
19.6262
141.892
184.211
177.966
134.615
97.6744
112.903
11.2601
66.0066
21.4505
146.853
3.84968
74.7331
0.0122174
78.4314
96.1538
13.4862
45.7666
169.355
29.1971
42.4628
95.8904
143.836
83.6653
35.1171
1.13458
118.644
17.9949
95.8904
109.375
23.2558
17.9051
162.791
4.14774
0.273004
0.691221
5.19802
91.3043
0.0122496
2.19024
0.86648
8.63842
19.8216
25.9259
93.75
18.1347
184.211
207.921
165.354
152.174
109.375
127.273
11.0759
55.2486
20.751
136.364
3.64204
59.1549
0.0121905
69.9301
96.6184
12.012
75.7576
142.857
24.6914
34.965
86.0656
117.318
96.7742
36.4583
1.08025
92.511
19.9052
122.807
126.506
25.2101
15.674
148.936
4.30152
0.277833
0.733701
5.51326
121.387
0.0122414
2.13111
0.91611
8.80134
17.4368
26.8199
112.903
19.8113
190.909
185.841
192.661
176.471
130.435
113.514
11.041
44.3459
20.8333
132.911
3.52941
65.8307
0.0121659
60.423
80.9717
11.4351
63.2911
104.712
32.0
43.6681
91.3242
128.834
120.69
36.4583
1.2053
112.903
20.2703
140.94
189.189
25.0298
18.0505
253.012
4.24843
0.274391
0.692566
5.1008
78.0669
0.0122848
2.18591
0.837087
8.42359
19.0114
21.8978
85.7143
18.4534
129.63
134.615
128.834
123.529
100.962
105.528
10.4167
53.7634
19.4265
125.749
3.69979
85.7143
0.0122009
70.1754
101.01
13.5227
63.4921
147.059
