"o"
17.5055
50.4834
116.337
237.374
394.958
247.368
67.3352
3.91438
277.457
38.8664
366.412
355.556
60.9911
40.0682
484.848
9.44882
0.667176
1.73123
11.1628
213.333
0.0280283
5.25107
2.02242
48.3042
56.6038
228.571
44.7344
360.902
380.952
350.365
296.296
255.319
248.705
23.7741
155.629
40.404
307.692
8.50913
152.381
0.0279796
167.26
217.593
32.4362
157.718
405.172
52.514
114.914
239.796
364.341
256.831
71.4286
3.97934
301.887
40.9906
366.412
338.028
58.8957
40.6926
500.0
9.4768
0.667482
1.75458
11.2491
223.256
0.0279747
5.31091
2.06159
17.8505
47.7642
56.272
230.769
44.3623
380.952
369.231
347.826
290.909
262.295
244.898
23.7624
154.605
40.8163
307.692
8.60061
153.846
0.0279392
165.493
229.268
33.3807
163.194
391.667
52.2222
112.981
238.579
367.188
248.677
70.6922
3.98043
317.881
41.5225
350.365
342.857
59.9251
40.3087
500.0
9.51626
0.666204
1.75151
11.257
218.182
0.0279714
5.27704
2.04403
17.9439
45.8537
57.7617
223.256
44.8598
390.244
387.097
350.365
287.425
269.663
240.0
23.8806
153.595
41.8118
307.692
8.62534
152.381
0.0279458
159.322
216.59
31.6712
163.763
412.281
51.4223
114.078
251.337
401.709
256.831
72.9814
4.00735
287.425
41.7391
350.365
345.324
58.5366
41.2643
480.0
9.33852
0.664452
1.75599
11.2019
194.332
0.0280157
5.28518
2.06816
17.8904
49.1118
58.0411
229.665
44.9438
396.694
372.093
296.296
290.909
248.705
237.624
23.8213
161.512
42.328
305.732
8.30881
157.895
0.0279367
167.857
227.053
33.6676
166.667
391.667
