"o"
4.55373
16.5837
16.9779
29.8507
25.0627
28.9855
17.8253
1.0502
26.506
8.97227
39.2857
28.2051
11.2821
8.56898
33.9506
2.43848
0.180731
0.314017
3.12856
26.8293
0.00605064
1.30924
0.581091
9.05797
10.1937
19.7239
8.83392
23.5294
31.25
27.5482
23.8663
28.2486
34.3643
5.26316
26.6667
9.96016
22.5734
2.18627
20.8333
0.00603773
25.7069
28.4091
7.10227
26.8817
26.2467
16.129
13.7174
34.8432
40.1606
28.9017
16.4745
0.925069
30.2198
7.97101
27.027
24.9433
11.2936
7.64526
33.5366
1.92106
0.167275
0.441094
3.36083
29.4118
0.00603041
1.29887
0.522466
4.61042
9.71817
11.9904
29.8507
10.2564
28.6533
35.0877
35.3357
35.0877
30.03
31.348
5.58971
25.5102
12.8866
29.5858
2.13447
23.5849
0.00602819
24.9377
22.4215
6.17665
22.8311
33.3333
10.7643
16.3399
19.2678
26.5252
16.129
16.5663
0.776726
17.4051
8.31444
18.2421
27.8481
11.399
9.01713
20.2206
2.04765
0.184026
0.50992
3.55642
42.1456
0.00603677
1.5748
0.577334
4.24989
9.11577
9.31966
26.1097
8.23723
25.0
25.974
35.8423
29.3255
33.8983
28.169
6.12745
20.8768
9.84252
33.557
2.46609
24.3309
0.0059548
17.8891
16.7224
6.42674
10.917
14.771
15.2207
16.835
28.2486
14.771
29.0698
13.5135
0.8021
23.9651
8.10612
28.5714
27.7778
8.28313
9.00901
21.1946
2.60911
0.207963
0.408603
3.6448
32.7381
0.00599107
1.52323
0.595309
4.61255
7.98722
10.989
35.461
10.5263
28.9855
33.557
33.0033
37.7358
31.5457
28.7356
5.30504
21.8341
11.7786
25.974
2.3912
20.7039
0.00595927
24.0385
29.3255
7.19424
19.1571
24.8756
12.4069
18.2149
24.6914
21.0084
16.0772
14.3678
0.966837
16.7504
9.02379
27.8481
37.931
10.4962
7.11744
41.9847
2.59618
0.181857
0.311968
3.32628
22.7273
0.00603546
1.33049
0.560067
4.56413
8.78735
10.0301
28.4091
9.09918
32.5733
29.8507
31.9489
25.0627
30.9598
23.4192
5.56174
10.6724
11.2867
19.0476
2.19587
25.1889
0.00602069
15.625
24.7525
6.1237
18.2149
22.6757
10.8932
11.3766
26.5957
11.1732
19.8413
10.1833
0.954198
34.3643
7.8853
24.5536
25.1142
11.4226
6.26566
40.293
1.93424
0.158317
0.478074
3.18287
23.1579
0.00605685
1.23335
0.538242
4.93827
7.00771
10.9529
26.2467
7.52445
34.4828
31.8471
30.581
32.5733
24.3309
21.1416
5.75374
16.1031
8.91266
23.3645
2.25428
24.6914
0.0060147
17.0358
22.9358
5.17866
24.6914
14.245
17.452
22.4215
36.63
44.843
33.4448
20.9644
1.08672
37.8788
12.3457
47.4138
33.7423
12.9108
8.01282
50.9259
2.18905
0.189072
0.44097
3.13569
25.7009
0.00604099
1.57456
0.557383
5.10725
13.1752
11.9474
29.4985
7.7101
25.9067
33.2226
38.0228
35.9712
36.4964
34.1297
6.26174
25.8398
10.1729
36.1011
2.26193
28.7356
0.00608579
28.2486
41.6667
7.4239
28.7356
42.5532
15.9744
22.9885
23.31
37.594
36.2319
20.6186
1.08319
25.974
11.1982
40.0
36.6667
12.6874
9.56023
36.3036
1.91005
0.171593
0.455147
2.72953
28.3505
0.00603539
1.50693
0.579139
5.16529
8.34028
11.655
27.7008
9.12409
27.027
35.7143
26.5957
30.8642
18.2482
29.5858
6.60939
29.9401
10.5597
24.7525
2.0247
25.3165
0.00608058
29.3255
38.9105
7.4184
26.0417
40.8163
20.1207
19.6078
43.6681
57.4713
40.6504
18.6567
1.13225
45.8716
11.5075
29.9401
58.4795
14.9925
7.81861
55.5556
2.43201
0.222853
0.515512
3.25733
34.2679
0.00607999
1.75607
0.635163
4.77783
10.6157
10.8225
43.8596
9.67118
38.61
55.8659
47.619
45.6621
38.4615
44.4444
7.72201
27.8552
11.7371
39.8406
2.70636
34.2466
0.00603438
32.4675
38.4615
7.40741
34.7222
42.3729
17.0068
12.3305
15.9744
13.1062
13.7741
10.101
0.904241
15.083
7.89266
34.0136
17.8571
10.3093
7.69231
19.1205
2.41705
0.171615
0.485266
3.41827
46.4135
0.00604203
1.44217
0.564908
4.61467
7.15308
9.0009
22.4719
9.44287
35.7143
22.9885
25.7732
30.8642
41.4938
32.7869
5.35619
19.6464
9.92063
23.0415
2.01248
21.2314
0.00597625
13.7363
15.7978
5.71429
18.622
21.322
19.1571
21.9298
45.4545
50.0
40.0
19.0476
1.1526
55.5556
13.2626
42.9185
58.1395
12.837
7.59301
46.9484
2.55873
0.226991
0.551876
3.12323
32.07
0.00607361
1.80239
0.712504
5.47945
10.6383
14.1844
37.3134
7.54148
35.0877
40.0
35.0877
49.0196
48.0769
38.0228
7.07714
34.3643
9.70874
34.2466
2.44379
35.3357
0.00602442
33.1126
48.5437
8.64304
35.5872
50.7614
14.6199
16.1031
14.7275
16.7785
15.8983
11.7233
0.924471
27.6243
10.2564
25.7732
30.3951
11.236
7.75795
40.3226
2.44081
0.154781
0.534889
3.57143
40.293
0.00599848
1.47536
0.602519
4.39367
6.74764
13.0208
33.557
8.58369
40.1606
38.3142
27.7778
31.25
30.9598
38.4615
7.06714
27.4725
13.459
37.4532
2.29148
29.2398
0.00600646
14.2248
22.6757
7.47943
9.90099
26.2467
11.1732
16.2338
12.9199
14.4092
26.9542
8.95255
0.942418
25.1256
10.5042
18.9036
23.8612
11.259
6.92521
38.3275
2.75689
0.16576
0.540966
3.69128
27.2953
0.00598206
1.47885
0.615422
4.75059
9.15751
12.3762
29.6736
9.6432
34.0136
38.61
35.7143
29.9401
38.61
29.6736
6.15006
20.79
12.1359
32.5733
2.41429
34.8432
0.00599517
14.6199
19.8807
5.84112
8.78735
15.1515
13.9082
17.4216
24.8756
36.7647
48.7805
19.3424
1.0101
20.8333
8.84173
26.5252
22.541
10.4563
8.22368
25.463
1.98413
0.156684
0.452712
2.61407
36.9128
0.00604738
1.51103
0.551298
4.38404
9.87167
12.1065
30.6748
9.52381
29.4985
39.6825
26.8817
21.4592
27.8552
32.3625
6.65336
22.2717
10.3734
27.3973
2.08333
29.7619
0.00604233
22.6244
31.0559
6.78887
27.7778
30.9598
14.6413
16.5837
34.0136
24.2718
34.8432
16.2602
0.972006
31.348
9.52381
26.5252
31.25
10.4167
7.98085
22.449
2.17434
0.179495
0.453197
3.0692
29.5699
0.00602413
1.19976
0.529801
4.55789
10.1626
12.5471
26.5252
8.23723
34.1297
36.7647
27.3224
27.6243
21.7391
33.0033
5.34759
22.5734
10.0908
26.9542
2.13812
26.3158
0.00602333
22.0751
34.3643
6.75219
26.9542
36.3636
13.0378
13.7931
25.0
16.0256
19.4553
14.1643
0.942241
20.0803
11.2867
28.8184
36.4964
10.7108
6.36537
39.2857
2.08729
0.181324
0.4088
3.61129
47.2103
0.00599373
1.43349
0.607423
5.46448
6.21504
13.8122
26.3158
9.44287
42.5532
35.2113
47.8469
50.7614
40.1606
37.3134
6.6313
18.3824
12.4533
37.7358
2.22124
36.3636
0.00598119
13.6612
21.8341
5.6338
16.4474
18.6916
10.2669
10.1523
19.4346
13.8365
19.0972
11.828
0.792051
23.913
7.66551
15.493
22.4033
10.1196
5.52792
20.3704
1.58296
0.163525
0.485394
3.32628
38.5965
0.00602296
1.42592
0.609088
4.67508
6.7659
13.0039
28.7356
10.101
44.843
42.5532
35.0877
27.5482
27.7008
24.1546
6.52742
20.6612
10.7066
25.5754
2.4432
27.5482
0.00602761
18.6916
22.2717
4.53795
17.0279
12.2768
15.9236
25.2525
38.3275
43.1373
24.7191
18.1219
0.907516
35.0318
9.06096
34.375
30.0546
12.5714
9.06618
52.6316
2.36712
0.192837
0.472103
3.11615
33.4347
0.00608616
1.40647
0.609682
5.04541
9.43396
12.9199
31.4465
9.51475
45.8716
43.8596
37.7358
43.8596
26.6667
29.8507
5.43774
29.3255
9.72763
29.3255
2.16544
23.6407
0.00607736
35.2113
35.2113
7.87966
26.764
50.2283
11.9048
20.7469
24.7191
20.7156
28.7206
15.2355
0.873016
32.2581
12.1681
37.5427
36.4238
11.9695
6.36537
34.375
3.0454
0.181279
0.560139
3.39506
35.5987
0.00599129
1.51103
0.684556
5.35045
8.8968
11.5607
27.027
9.78474
34.8432
44.0529
42.9185
33.4448
40.9836
37.4532
6.93001
13.369
12.0627
35.5872
2.34577
36.4964
0.00592356
21.8818
18.1159
7.06714
14.2672
24.1228
18.622
18.9394
41.8251
40.146
29.4906
15.0892
0.850143
38.8693
10.7949
24.4444
27.8481
13.6307
7.83085
30.2198
1.95001
0.158648
0.412078
2.91932
20.0
0.00604359
1.32961
0.570255
5.11247
8.33333
12.8535
29.6736
8.54701
33.8983
34.965
32.1543
36.1011
41.4938
28.0899
5.41126
31.4465
10.1215
22.6757
2.00965
28.8184
0.00607083
29.4118
32.4675
7.54148
20.1097
28.9474
12.7065
17.8253
13.6307
13.6476
11.8407
10.7632
0.815238
27.6382
10.0917
22.6804
33.6391
11.3636
6.60066
24.1758
1.44851
0.167497
0.510749
3.40241
39.1459
0.00606422
1.25502
0.58924
4.89237
6.68003
12.4533
37.594
8.62069
33.4448
29.6736
29.6736
25.974
31.25
26.2467
6.70241
21.9298
12.5313
26.9542
2.62881
34.2466
0.0059887
13.9417
16.9231
6.01093
20.0
21.8254
9.13242
12.3305
21.6535
31.0734
22.1328
16.9753
0.818209
29.4118
8.98693
22.7743
30.137
10.6796
5.8072
36.7893
1.77792
0.180585
0.48518
3.67279
32.07
0.00600009
1.51172
0.56443
4.4603
7.25163
10.929
27.7778
8.07103
27.7778
28.2486
38.9105
22.6244
30.2115
31.1526
6.14628
18.6916
11.5207
22.7273
2.42895
23.2019
0.00599622
15.8046
16.9231
5.54995
14.5889
20.5607
12.4533
20.5761
44.3548
39.1459
30.8989
20.5607
0.923129
33.2326
10.6796
25.2874
30.7263
10.7317
8.81834
53.1401
2.95302
0.20113
0.422914
2.97297
23.6052
0.00601882
1.49165
0.595948
4.7824
10.4712
11.7647
41.841
8.74126
37.1747
44.2478
45.4545
35.3357
40.8163
28.7356
6.82128
28.9855
11.3766
30.303
2.19635
23.31
0.0060493
27.5482
33.9506
6.98413
36.6667
42.3077
14.3266
21.9298
41.1985
39.4265
49.7738
14.7849
0.907067
23.3051
10.7632
20.7547
32.6409
10.6383
8.56898
24.2826
2.54159
0.18974
0.425154
2.77218
15.873
0.00605552
1.49993
0.604631
4.7824
9.25069
13.4409
31.4465
8.73362
33.3333
36.4964
39.8406
38.4615
37.8788
26.1097
6.25
36.9004
9.90099
37.594
2.11909
30.9598
0.00599889
28.4091
34.4828
7.84593
24.1228
45.8333
15.7729
21.3675
29.8507
32.6409
35.8306
14.3416
0.797217
32.7381
10.157
19.3322
26.0047
9.40975
9.31099
18.4255
2.36661
0.172744
0.454658
3.20513
20.7156
0.00606489
1.6129
0.5973
4.62963
9.80392
10.101
27.248
7.38552
27.6243
27.027
40.8163
26.1097
32.3625
27.3973
6.40615
25.2525
9.9108
32.7869
2.02963
24.3309
0.00602617
29.4118
26.5957
7.20461
28.8184
35.461
13.7741
15.949
24.8139
25.0627
21.1946
9.63222
0.799593
32.9341
8.02334
24.3902
29.4118
11.5063
8.58369
30.4709
1.91171
0.197678
0.539189
3.5983
25.8824
0.00602461
1.0543
0.552181
4.98504
8.30565
10.3093
35.3357
10.846
33.557
36.9004
34.0136
23.5849
19.802
28.9855
6.40615
23.4192
10.6383
33.3333
2.47463
24.3309
0.00596282
25.3807
32.4675
6.91085
23.5294
22.6244
15.748
17.762
33.3333
31.746
32.4484
15.6919
0.849683
27.5
10.6693
28.133
26.764
10.5668
6.94927
29.7297
1.84874
0.176183
0.434096
3.3394
26.3789
0.00608029
1.27097
0.499925
4.25532
8.0
10.8696
26.738
8.61326
24.57
39.2157
23.4192
25.2525
20.0803
32.0513
5.46747
32.6797
8.98473
29.2398
1.99561
34.7222
0.00602918
31.0559
23.8663
7.1736
16.0
27.3224
13.3511
13.4771
16.0772
20.0
17.0358
18.3946
0.878735
20.2578
8.30189
21.611
24.4444
10.1103
6.00962
28.5714
1.96323
0.161245
0.459424
3.01618
35.5987
0.00606404
1.44051
0.555833
4.41306
7.84314
9.04977
22.779
7.42942
30.8642
24.8756
25.1889
32.7869
30.581
20.4499
6.03136
22.6244
10.101
23.31
2.24316
20.8768
0.00602413
18.315
13.2626
7.40192
16.2866
18.6567
14.9254
20.6186
29.1005
26.0047
20.4082
18.6441
0.879578
29.2553
8.22737
43.1373
29.8913
10.3189
8.11688
30.6407
1.82029
0.167173
0.44044
3.05725
24.1758
0.00607598
1.39821
0.491787
4.84496
9.03342
10.8814
15.015
9.00901
34.3643
19.5695
26.1097
21.7391
26.1097
38.1679
6.4433
33.3333
10.4384
26.8097
2.40732
19.0476
0.00604595
23.5849
21.692
7.16332
33.2226
45.2675
16.0772
15.7978
18.9329
15.6695
21.1946
10.9562
0.799825
28.2776
7.12435
20.1835
24.2291
10.8055
6.45995
17.5159
2.09165
0.181716
0.500774
3.89105
47.8261
0.00603422
1.45159
0.634437
4.85673
7.98085
11.2613
19.1205
10.1215
39.5257
29.6736
25.3165
20.1613
28.5714
40.8163
5.76701
16.835
11.2994
31.9489
2.09556
24.6914
0.00596084
13.3333
16.7504
5.39665
17.8891
13.4048
12.7065
10.6838
14.5889
25.2874
25.2294
9.85663
0.786557
34.7003
8.25826
28.7206
31.339
9.34579
5.76037
23.4043
1.62554
0.168283
0.489019
3.48653
40.4412
0.00604882
1.2773
0.591017
4.9776
5.42888
10.8814
24.3309
8.65052
29.5858
25.3165
37.8788
33.557
22.3214
35.5872
6.54022
20.5339
10.3413
33.3333
2.19491
29.5858
0.00602315
13.7931
19.5312
6.19579
20.2429
25.0627
17.6056
22.9358
38.0228
40.7407
38.5965
17.3228
0.910671
37.1622
10.5871
40.5904
31.9767
11.7146
10.4167
36.4238
3.28064
0.214245
0.506492
3.2391
35.9477
0.0060376
1.5124
0.677874
5.29101
8.13008
12.9032
27.3973
8.726
33.4448
47.619
33.8983
34.2466
33.4448
30.8642
6.21891
27.7008
11.274
42.9185
2.33754
33.7838
0.00607888
35.461
35.5872
7.09723
36.3636
51.2821
10.3093
12.6743
13.9082
28.169
21.0084
16.0256
0.839701
21.3675
5.87544
37.037
40.6504
13.9276
5.76037
29.5858
2.29727
0.170259
0.387387
3.13775
19.305
0.00598835
1.22369
0.535131
4.7081
9.19118
10.6838
20.1207
7.7821
32.3529
36.4238
21.6535
27.9188
19.573
22.0
4.61603
13.089
10.5668
17.3502
1.86188
11.399
0.00606838
26.8817
8.10373
4.83559
27.933
35.3357
12.6904
16.4745
37.7358
40.9836
34.0136
15.5039
0.985707
25.5754
6.28931
48.3092
47.8469
14.3472
9.83284
53.1915
2.56542
0.191725
0.431518
3.08261
33.8983
0.00604211
1.61786
0.653424
5.08388
7.81861
14.2653
33.8983
9.44287
33.8983
36.1842
38.8693
25.2874
33.3333
33.1325
5.17647
34.2466
9.44206
28.133
1.98341
33.5366
0.00606148
23.6407
35.2113
8.37521
32.8947
36.3636
18.8679
13.7741
37.3134
38.1679
32.5733
19.7628
1.15554
38.4615
7.95545
55.8659
37.4532
10.5932
8.22368
30.303
2.13129
0.168211
0.433182
2.86533
22.0751
0.00604911
1.28849
0.533191
4.69704
8.0
10.8225
24.7525
8.01282
39.6825
34.9206
29.4118
21.7391
20.9924
25.7009
4.89542
20.79
10.3286
26.0047
1.81159
26.0664
0.00607573
22.779
30.6748
6.76133
29.6736
33.8983
14.6199
20.4082
45.6621
42.9185
47.619
17.3611
1.0923
56.1798
11.9904
39.2157
54.0541
13.624
6.90131
40.3226
2.74048
0.204679
0.45161
3.45543
23.6407
0.00605428
1.62628
0.549269
4.78927
8.62813
12.8205
35.461
10.4493
42.5532
38.0228
29.1777
34.1615
35.4839
32.6409
5.95883
27.1003
10.8374
35.3698
2.29645
21.1946
0.00604372
31.0559
43.8596
5.14933
25.1256
34.7222
12.1359
13.587
24.5098
47.619
30.6748
19.084
1.06146
33.8983
10.5374
29.3255
50.5051
11.5607
8.55432
39.2157
2.39063
0.158718
0.437311
2.53485
28.0899
0.00602607
1.24394
0.509632
4.67508
8.67303
9.09091
18.6125
7.46269
12.7462
16.9231
17.7994
16.3205
18.3946
23.5546
4.3036
14.6843
7.74103
12.6728
2.29789
21.1132
0.00601431
27.1739
31.0559
5.37346
20.4918
37.7358
10.7875
15.2905
17.7936
28.7356
19.0476
18.797
0.867604
28.6533
6.86342
25.0627
30.6748
12.1951
7.8125
37.7358
2.92483
0.209393
0.443991
2.81532
29.9401
0.00600842
1.36855
0.569411
4.47027
9.65251
9.99001
33.2226
7.92507
37.2881
36.1842
28.7206
33.3333
40.293
30.5556
5.24059
16.4745
11.6279
25.9434
2.16323
25.463
0.00602243
11.7786
29.0698
5.05817
32.3625
34.0136
11.236
11.7509
18.315
29.2398
24.57
14.9031
0.9176
22.8833
6.38978
19.305
43.1034
13.369
8.19001
20.6186
2.6062
0.19914
0.401542
2.88268
24.57
0.00604827
1.38658
0.593648
4.34028
9.29368
12.3762
29.4118
7.18016
33.3333
32.5444
41.3534
43.4783
29.8103
33.9506
5.28338
28.9017
9.17431
29.8103
1.86694
21.4844
0.00601013
28.5714
43.8596
7.46826
26.178
32.7869
8.66551
14.1243
37.3134
28.7356
30.3951
19.6078
0.970685
45.6621
7.86782
37.1747
45.045
12.4069
10.6496
53.4759
2.75028
0.200477
0.479203
3.24992
29.4118
0.00604514
1.62496
0.629683
4.59982
10.1729
14.2045
38.9105
8.94454
45.082
34.4828
35.3698
27.2953
42.1456
33.8462
6.10094
28.7356
11.7899
44.5344
2.07156
21.8254
0.00604047
28.4091
22.9885
6.66667
23.5294
38.9105
16.8919
20.1613
28.4091
23.5849
24.2718
17.9211
1.0983
32.7869
9.88142
36.7647
35.9712
13.1234
8.69565
27.1003
2.74952
0.166456
0.470345
3.46861
20.3252
0.00596641
1.35391
0.627549
4.37828
8.83392
8.63558
20.8333
7.02741
17.7936
17.9533
22.2717
22.6757
18.5874
25.8216
5.11152
33.1126
9.34579
20.794
1.97593
29.4118
0.00602395
34.6021
30.8642
7.08717
36.9004
29.2398
15.2439
25.5102
26.3852
42.1941
36.2319
15.6495
0.955201
33.8983
7.72798
38.7597
39.5257
12.285
9.4518
28.5714
1.81686
0.164845
0.460766
3.17158
32.2581
0.00605178
1.30157
0.591681
4.39367
9.34579
7.77001
33.7838
7.50751
27.7778
24.8756
27.7778
17.0648
32.0513
17.4881
4.06654
29.3255
8.97227
30.5556
1.98915
19.6429
0.00606604
36.2319
33.67
8.95255
18.9394
31.25
17.2712
17.452
30.3951
42.0168
26.5957
16.8919
0.968054
41.6667
10.1523
22.2222
25.5754
10.9769
7.61615
34.7222
2.35516
0.173952
0.5001
3.58166
25.0
0.00600509
1.37646
0.56205
4.63177
8.39631
10.929
18.1159
6.71141
25.9067
11.3895
32.0513
15.5039
17.7936
24.57
5.60938
33.67
8.23353
31.5186
2.18688
17.7134
0.00599498
21.4133
36.2319
7.37463
14.1844
40.1606
11.9474
9.70874
34.0136
27.1739
37.8788
15.3374
0.965531
38.4615
8.29876
46.5116
26.5957
13.0719
7.37463
43.1034
1.7696
0.167417
0.436053
3.06279
22.3214
0.00604461
1.45985
0.572902
4.52489
9.7561
8.14332
19.7628
7.98085
27.933
21.322
27.248
19.2308
24.8756
13.7363
4.61409
26.5957
7.47283
35.9477
1.81999
22.2672
0.00603384
37.1747
42.9185
5.58971
22.8833
50.7614
11.1607
22.9885
30.6748
59.8802
39.5257
22.9358
1.10327
39.5257
10.6724
39.3701
33.3333
12.3001
8.63558
41.841
2.75028
0.18202
0.466832
3.14268
33.0033
0.00603811
1.59744
0.607718
5.26316
10.661
11.9332
20.4082
7.63359
26.178
33.67
36.5449
21.6963
18.2119
35.2564
5.01367
21.692
12.4294
19.7133
1.9566
12.5285
0.00604648
27.1003
33.3333
7.28863
31.8471
38.7597
17.6678
20.0401
33.2226
49.7512
39.5257
19.8807
1.13804
38.4615
9.68992
33.3333
35.5872
11.7233
7.72798
49.0196
3.00752
0.208104
0.457436
3.6846
20.3252
0.00601592
1.288
0.614779
4.69484
10.7643
12.87
31.4465
10.7411
43.4783
25.7069
33.3333
34.4828
29.5699
40.8922
5.23062
29.3255
10.8911
29.4906
2.0117
19.6078
0.00602407
23.4192
22.0264
8.80282
26.3852
21.5054
12.6263
13.245
41.4938
45.2489
42.0168
20.6186
1.05219
56.1798
9.69932
44.4444
40.8163
12.0919
9.56023
44.2478
2.67023
0.209052
0.457666
3.09598
32.1543
0.00605911
1.65755
0.616903
5.01253
8.33333
11.3636
33.1126
9.3633
40.4858
40.8163
51.8135
33.0033
34.7003
37.5427
6.04064
29.8507
10.3774
32.6409
1.89983
19.8915
0.00607765
23.6407
24.6914
6.57895
20.9205
33.0033
10.8696
19.5312
30.3951
38.9105
34.8432
15.083
1.00776
36.7647
9.23361
29.7619
29.0698
10.7643
6.81199
32.6797
1.86047
0.157734
0.443872
2.98151
22.4719
0.0060357
1.23092
0.546388
4.1632
11.0742
9.33707
12.4224
7.71605
19.802
15.2207
15.361
17.4216
25.522
15.7819
4.61797
25.974
7.24638
13.1265
1.67785
20.6379
0.00602907
21.978
27.1739
4.49843
21.4133
18.5874
16.5837
21.7865
34.3643
37.037
42.0168
22.8311
1.07933
42.1941
12.5628
44.6429
45.8716
12.1359
9.5057
43.1034
2.6455
0.219197
0.55497
2.86608
24.7191
0.00601296
1.53046
0.646371
5.32198
9.2081
12.0192
37.037
11.655
43.6681
52.0833
35.2113
37.7358
34.8432
38.0228
6.42674
38.3142
11.5075
40.8163
2.47831
36.63
0.0060458
33.7838
41.3223
8.1367
29.9401
40.0
16.2866
26.0417
39.0625
45.045
36.9004
15.4083
1.09481
43.1034
12.5945
42.3729
35.5872
11.6009
7.86164
40.0
2.67023
0.200357
0.422672
3.10366
41.6667
0.00600878
1.44634
0.575275
4.76644
9.61538
10.4932
32.3625
10.4712
61.3497
50.7614
48.0769
42.5532
39.0625
36.9004
5.71429
27.3224
10.5374
41.4938
1.99005
27.7008
0.00605125
34.1297
35.461
7.05219
24.6914
43.6681
13.4228
18.6916
24.0385
30.1205
33.2226
15.4321
0.991867
25.0
8.12348
23.0415
33.3333
11.7371
7.98722
28.9017
2.27739
0.173883
0.478126
3.19898
25.5754
0.00599502
1.10767
0.486855
4.66853
8.91266
10.4167
35.2113
7.69231
35.3357
32.5733
28.0899
33.557
30.3951
34.8432
5.34188
25.5102
9.95025
24.2131
1.99362
33.4448
0.00605069
20.4082
19.6078
7.08215
19.5695
26.178
15.456
18.8324
37.4532
36.63
39.0625
21.9298
1.2161
41.6667
12.285
50.2513
46.5116
15.1057
8.07103
56.1798
2.93083
0.212247
0.49965
3.17158
29.7619
0.00605681
1.26072
0.643708
5.61482
9.94036
7.30994
20.79
7.14796
46.729
41.4938
40.4858
46.0829
31.5457
35.9712
5.9312
33.7838
7.14796
51.0204
1.60668
22.4719
0.00603453
33.67
42.9185
8.15661
26.3158
41.841
11.8343
12.1803
20.1613
19.2308
22.2222
11.6144
0.919287
20.1207
8.81834
20.9644
31.0559
9.25926
6.11247
33.2226
2.26142
0.156368
0.487394
3.80886
38.1944
0.00602359
1.31199
0.609533
4.77327
7.88644
10.6952
33.0033
7.96813
38.4615
33.2226
31.6456
22.5225
27.6243
21.3675
6.25391
16.6389
10.8578
30.2115
2.65887
36.2319
0.00599867
20.9205
19.1205
6.10874
14.556
24.1546
14.9031
19.2678
33.67
42.3729
32.0513
16.8067
0.953198
38.1679
10.6157
35.2113
29.7619
12.5786
8.20345
35.5872
2.63644
0.176047
0.332819
2.7047
15.942
0.00605306
1.36351
0.586648
4.23012
8.95255
11.8483
31.348
9.37207
31.348
36.7647
30.6748
31.4465
31.5457
39.2157
5.60852
22.1239
8.59845
31.1526
2.22717
26.738
0.00604429
17.6056
23.0415
7.13267
30.03
30.1205
13.8889
16.1031
33.7838
25.7069
23.5294
14.8588
0.909339
17.8571
11.1359
26.5252
31.348
10.2459
7.08215
26.2467
2.3855
0.178709
0.275668
3.1091
32.07
0.00604098
1.27033
0.538068
5.19211
7.53012
10.8225
29.2398
9.44287
28.49
27.1003
31.25
27.6243
28.0112
35.0877
5.22739
26.5252
9.4697
47.8469
2.03874
25.641
0.0060439
28.3286
31.9489
6.80272
20.9205
34.1297
14.4092
20.0803
40.0
48.0769
45.4545
23.4742
1.18259
47.3934
11.5741
68.9655
47.619
12.0337
11.0497
51.8135
2.96296
0.223479
0.523013
2.89779
27.9188
0.00603403
1.7049
0.658446
4.59674
11.236
14.9457
50.4587
10.0182
49.7738
40.7407
50.2283
54.7264
46.2185
42.6357
7.68693
26.3158
13.6986
38.7324
2.88411
29.8103
0.00606297
33.7838
44.0529
7.97448
32.8947
35.461
12.7065
18.1488
40.1606
43.4783
43.4783
18.9394
0.961723
40.6504
7.24638
43.8596
46.9484
13.1752
7.94281
56.1798
2.44439
0.205031
0.460405
3.41064
22.3714
0.00601364
1.42796
0.576801
4.56621
11.3122
11.3519
25.9434
8.87813
38.5965
39.8551
34.7003
34.9206
36.1842
29.5699
5.18623
16.6389
11.3754
33.2326
1.98951
27.2953
0.00606677
31.25
37.037
5.9453
28.169
36.9004
5.24659
10.2881
19.5312
19.1205
24.0385
10.8342
0.853606
20.284
9.42507
32.7869
41.841
13.6799
5.5371
60.9756
1.71292
0.161674
0.416458
3.22893
24.6305
0.00603352
1.29685
0.58651
3.80097
8.05153
11.8153
15.6695
5.15464
16.369
19.0311
15.2144
12.3874
12.0482
22.3577
5.21327
12.87
7.3776
14.1753
2.16493
14.8248
0.00606048
21.5054
8.62069
5.02513
17.7936
22.0264
10.3413
16.5289
15.9744
28.7356
21.1416
18.7266
0.968242
25.7069
6.31313
32.1543
47.1698
11.2867
7.5188
42.1941
2.65182
0.197628
0.459074
3.3761
21.7865
0.00603457
1.39743
0.517357
5.46448
9.98004
9.09091
21.3178
8.46805
39.4265
26.4423
28.5714
27.6382
13.3495
38.1944
6.05061
13.6426
11.7271
21.4844
2.34192
30.137
0.00605699
28.6533
9.3633
4.5683
26.2467
30.4878
11.9474
22.3214
25.1889
40.1606
32.2581
17.6678
0.992753
18.8679
9.83284
29.5858
29.1545
11.8343
10.5374
33.8983
2.6688
0.170686
0.506227
4.14766
36.63
0.00596383
1.44718
0.549209
4.77783
9.33707
7.63359
24.1228
7.4224
21.1946
20.1097
21.0325
32.7381
25.522
25.1142
5.64103
19.4932
10.1196
29.9728
1.88227
14.1026
0.00601533
19.7628
20.284
7.39098
20.4918
25.7069
11.9048
21.097
40.9836
29.0698
34.6021
17.8571
1.14877
40.1606
11.8343
40.0
49.505
12.4844
9.25069
42.735
2.61301
0.192215
0.463865
3.03122
38.61
0.00608351
1.1072
0.489346
4.11215
8.25083
10.6796
25.9434
7.42741
32.6409
17.6282
31.4286
17.2956
27.2953
16.4918
6.11111
29.2398
10.0365
27.027
2.33993
25.9434
0.00607697
27.7778
30.3951
7.14286
21.978
24.9377
12.1507
15.1515
36.2319
27.8552
28.2486
16.9492
1.01823
33.4448
9.60615
39.8406
25.0627
10.1112
7.21501
32.4675
2.2748
0.178894
0.482253
3.20718
30.03
0.00601973
1.02823
0.486059
3.20793
7.75795
9.96377
23.3546
7.20367
16.8453
23.3546
19.2982
18.2119
11.5183
16.1527
5.61224
25.2525
8.30816
20.2578
2.54453
18.3028
0.00598519
27.1739
34.1297
6.68003
28.8184
45.045
17.0068
18.2815
24.6305
30.7692
32.0513
15.528
1.0305
37.1747
12.4224
28.0112
40.9836
12.0337
7.99361
34.6021
1.72861
0.18318
0.431388
3.28407
54.9451
0.00597563
1.33476
0.465983
5.55836
8.45309
8.45503
30.8989
7.98258
22.5873
27.3632
26.1283
32.4484
20.7547
23.2558
5.08553
23.6967
8.18452
10.9235
2.19298
26.699
0.00606527
24.2718
25.1256
7.93651
17.4216
24.1546
13.7174
22.3214
40.0
31.8471
23.2019
20.1613
1.09757
24.2718
10.2669
31.1526
46.5116
12.1655
8.79507
38.61
1.90949
0.178705
0.43163
3.367
25.5754
0.00608045
1.50444
0.466834
5.09495
12.7714
14.6277
31.7919
9.49914
30.3867
36.1842
40.4412
36.4238
27.3632
32.8358
6.30734
26.8097
10.6486
36.6667
2.26757
18.5497
0.00603694
26.3852
34.2466
8.41751
26.9542
46.0829
