"o"
16.0988
50.7075
104.116
233.696
358.333
234.973
63.5155
3.52951
260.355
37.0995
321.168
323.529
52.8846
37.9523
448.98
8.36502
0.573806
1.51955
10.1593
191.304
0.0252596
4.61027
1.79683
43.0862
51.0083
183.761
39.5948
341.27
364.407
320.896
263.804
215.0
203.791
21.0372
142.857
35.9231
272.152
7.37059
144.781
0.0251777
155.797
202.83
30.4748
147.26
370.69
48.5549
103.194
212.121
378.378
241.379
64.8148
3.65886
259.036
36.0738
318.519
328.244
53.4161
36.8745
417.476
8.41487
0.573969
1.53846
10.0939
182.979
0.0251986
4.76296
1.82397
16.5004
44.2571
52.2479
195.455
41.3462
325.758
367.521
318.519
268.75
232.432
216.08
21.7172
152.174
36.9733
284.768
7.6772
148.789
0.0251474
157.303
203.883
30.5455
154.982
388.889
48.8941
101.205
224.599
341.463
234.637
61.693
3.55931
272.152
37.2617
323.308
286.667
54.8469
37.6682
457.447
8.26605
0.555304
1.52769
10.1823
184.549
0.0250748
4.63512
1.73653
16.2632
42.9887
50.0582
196.347
39.6313
341.27
338.583
318.519
251.462
219.388
202.83
20.5939
142.373
36.0134
263.804
7.35294
145.763
0.024983
149.466
203.883
29.9572
143.836
362.069
48.951
105.263
227.027
365.217
238.636
64.6154
3.59833
286.667
37.5546
338.583
318.519
54.2929
37.9404
398.148
8.37554
0.566229
1.53194
10.1439
188.596
0.0250753
4.67087
1.78601
16.6861
43.0769
52.0581
206.731
41.0305
355.372
364.407
330.769
273.885
226.316
215.0
21.0888
138.158
36.6269
282.895
7.47176
135.22
0.0250613
148.41
206.897
29.703
145.833
375.0
50.7246
109.948
233.333
375.0
248.521
66.9856
3.66428
272.727
37.2617
349.593
338.583
54.0881
37.8038
438.776
8.49131
0.592695
1.56671
10.2846
196.347
0.0252094
4.61522
1.84891
16.2448
44.3506
51.0083
208.738
41.5459
330.769
352.459
309.353
248.555
216.08
221.649
21.5755
153.846
37.7193
288.591
7.70747
150.877
0.0251095
156.134
218.75
30.6569
150.538
385.321
50.4808
102.689
219.895
362.069
241.379
65.1163
3.59343
267.516
37.037
307.143
325.758
51.8697
37.0044
425.743
8.34627
0.578011
1.56131
10.3118
196.347
0.0251546
4.7113
1.81527
16.2817
43.3437
51.2515
194.57
41.0697
344.0
355.372
325.758
268.75
225.131
220.513
21.8941
147.368
37.7524
292.517
7.82672
153.025
0.025109
152.727
206.897
29.3706
151.079
368.421
49.1429
102.871
223.958
367.521
227.513
63.3284
3.54493
260.606
36.379
321.168
330.827
55.5556
37.9523
468.085
8.44692
0.573409
1.49946
10.2723
170.635
0.0252566
4.63063
1.75733
16.2142
44.5135
49.4822
198.157
39.6679
341.27
349.593
311.594
255.952
217.172
212.871
21.1406
144.295
36.1648
263.804
7.62952
137.38
0.0251878
156.364
201.878
29.8197
147.766
355.372
50.6024
96.1098
227.027
355.932
237.288
65.0155
3.5491
274.51
36.3008
309.353
325.758
51.9952
37.3998
457.447
8.10403
0.555972
1.54799
10.2114
187.773
0.0250013
4.61274
1.76795
15.7279
42.2535
49.884
197.248
39.3053
352.459
349.593
325.758
273.885
227.513
203.791
21.608
143.836
37.037
272.152
7.48738
141.447
0.0248908
144.828
210.0
29.0456
147.887
381.818
