o
3.69084362139918
3.7213282678319
3.49006064895603
3.52533681758231
3.53842156705061
3.67954507442716
3.55058969584109
3.54966427126385
3.57508937723443
3.46448299253804
3.58875606462262
3.50842878623033
3.54851073826333
3.59297929342247
3.55664609512479
3.51440047021944
3.7300339212144
3.6628166677302
3.64537025276261
3.65409589773624
3.63973012732714
3.69974088922692
3.57676969092722
3.636087215416
3.65553871432029
3.59070935342122
3.69781363536454
3.51812761545013
3.53155475149007
3.54587869362364
3.62153095455932
3.59417365533766
3.50695854405847
3.67334312891501
3.46020761245675
3.63927876111825
3.57285628622826
3.5658180186021
3.67198633918369
3.4889536798702
3.55876314315934
3.64935562077325
3.58117753124139
3.6274621716576
3.60878727082308
3.62760020294267
3.67878780083094
3.5991593571851
3.61521931487802
3.63229952500699
3.6166593157331
3.62222811202403
3.56119169634326
3.60069999622304
3.60410313279734
3.65490536862149
3.59486161039745
3.56657396899824
3.7166025574384
3.50838454838749
3.69869192602616
3.63899173302226
3.57882135820635
3.64736233431189
3.51078925478299
3.5645531888468
3.61962416445958
3.57423066864266
3.61083502132531
3.65033132798291
3.63521215959468
3.70954399751835
3.59136071276622
3.69764355746808
3.62730972422335
3.6277382447328
3.67307099558204
3.58571231554268
3.55516746709911
3.50942002216476
3.6918533103618
3.58896864374764
3.49487418452936
3.61909357579144
3.53216751149504
3.72643291769274
3.51308193096671
3.55420788387931
3.58917725013804
3.52616264733442
3.52551064433021
3.64108570555584
3.63460756405043
3.58490329535341
3.65275808779391
3.64066855913541
3.65981624139431
3.6570084136767
3.66028463192383
3.58333124514496
3.71621621621622
3.72745282035241
3.55756791720569
3.53099497512253
3.5376337435834
3.64623838239606
3.5628716497213
3.54982745612191
3.69759591847252
3.49267390351945
3.75669201670223
3.5873206339683
3.55646980098639
3.65996735360131
3.56743318831572
3.5828423050035
3.68302855309593
3.62332611201905
3.55677154582763
3.58373535492764
3.59091136579751
3.70786662015684
3.61256214991504
3.7224866729789
3.54785274556827
3.69972704810939
3.6073307014114
3.53461700076625
3.53640893746986
3.55898456943753
3.66525695245418
3.59956704508269
3.53273960250503
3.6814870118168
3.43139607429092
3.74478079331941
3.58056265984655
3.60317380605635
3.74742119969707
3.56840901178694
3.48953140578265
3.64861428934655
3.68350125136367
3.54997269251775
3.63687228983075
3.61110761603986
3.68279224945464
3.57093976683132
3.61935028248587
3.64093065739731
3.61608779760023
3.62452000456233
3.57138412911736
3.53300342221237
3.60566353003254
3.62758481217453
3.57396361281646
3.59041721398636
3.62955749750231
3.45708159676215
3.61738867391825
3.52900671372009
3.5789552443541
3.72988849322902
3.59553951950517
3.55721393034826
3.71829374520587
3.61709393061756
3.64940218708928
3.69117988694148
3.54890565104489
3.59982941574894
3.60566353003254
3.61675046942145
3.604712502198
3.59703181989687
3.57522345146572
3.54254146383759
3.57763850839995
3.53960396039604
3.69881793021391
3.55142740062833
3.59685181471827
3.632865406767
3.53191646463776
3.67689449746973
3.55325550011762
3.58911510179581
3.5993328066017
3.61247947454844
3.54548384697394
3.65705517550029
3.63091610806419
3.61051847550276
3.67066675222999
3.65945401456131
3.70657367945241
3.63203786431111
3.65619068244646
3.60634314292177
3.7094682230869
3.6139402057166
3.52524991063615
3.54931185544621
3.51014997913547
3.63146934836711
3.58976289992594
3.49637526131126
3.66873621016984
3.46498667312818
3.63031695459565
3.56337449072401
3.56013643040307
3.61070080420154
3.55526826115061
3.61152151128285
3.66535089967704
3.71269455947451
3.67170349068594
3.6551389208394
3.68137506413545
3.63567266278186
3.65992068046469
3.64615755974236
3.56442037805211
3.66572673673417
3.59291968693861
3.4801231428189
3.54495649371576
3.4597053202042
3.60846854576194
3.53728371241636
3.55668308212705
3.72395833333333
3.46801183489353
3.72480564820703
3.60951599671862
3.51243475591035
3.7406646873406
3.59323567103048
3.60774024270252
3.62511724592491
3.62594452051321
3.70898716119829
3.66474032880153
3.6089733916805
3.60638845955693
3.58136690916805
3.62424074050689
3.55642573018253
3.60394537177542
3.61551245131744
3.49286108217415
3.53641891053481
3.44902701132733
3.61088587066694
3.59648680026248
3.45287133511025
3.60727530471984
3.49979808857181
3.60029205166293
3.52646699794084
3.5162349238354
3.64461209093689
3.59174651814083
3.49227669576897
3.64259148017024
3.66762325144453
3.70322245322245
3.71379054221342
3.63469994662329
3.61718542501929
3.62520914668154
3.68210317613585
3.57826516696486
3.61846683282936
3.65761641067615
3.57826516696486
3.57075972282914
3.48228418361135
3.62116991643454
3.5796535496145
3.48105502744678
3.71669915529565
3.46982104943888
3.62863970262855
3.53013530135301
3.54019415559585
3.59257451149749
3.5875
3.57596750479703
3.7035598202608
3.6583181969352
3.71264636394319
3.71529897764325
3.6287773422683
3.66375183506734
3.67298881466124
3.70968784334001
3.51345395783855
3.63294548041258
3.68490220836447
3.50567527150597
3.51109801610685
3.55191256830601
3.6155849409623
3.54935590359652
3.5997029615738
3.71226084473404
3.4447455585667
3.7366872379762
3.54614310602597
3.67012365887032
3.66005042167364
3.53208516524231
3.58014646053702
3.57419580594366
3.69489948839853
3.60537528679122
3.66713681241185
3.6132898563497
3.71396034991459
3.64490728981458
3.64968144766459
3.56402200504179
3.72779291197977
3.65644736505664
3.56768624320144
3.43028485757121
3.5113135504782
3.66716925199969
3.53753235547886
3.51797599931357
3.67929849751295
3.46672786790196
3.69597692268068
3.53261204042194
3.55832176155525
3.74149659863946
3.49808583764479
3.56755273366847
3.73914862462086
3.68851401893265
3.72774432366205
3.64085394574364
3.57864285892416
3.65716907079871
3.60055200100364
3.55013483090473
3.58992319815876
3.5999295118697
3.66732490447003
3.48164830482683
3.53977919698995
3.55200079485332
3.67647058823529
3.5340928749722
3.49560604764291
3.64944875459371
3.46226015374372
3.65350468185128
3.47885319482794
3.50838454838749
3.6793557268014
3.5702693930542
3.58436415134539
3.70687197034502
3.70087604653269
3.66412996130884
3.69723999741452
3.63811527881654
3.67007672634271
3.60403350369822
3.69013179042109
3.58005683027276
3.53632148377125
3.69829180298191
3.5338308703603
3.59057411522479
3.53785254824344
3.74526930581564
3.54359489028485
3.49006064895603
3.62497940352612
3.50001223780503
3.64647082823337
3.57075972282914
3.49334310492244
3.63733482557326
3.52212411177202
3.65205843293493
3.66112803707212
3.66558578880587
3.71428571428571
3.72798727791754
3.66202215076813
3.63839200821491
3.604712502198
3.69407403593678
3.5424226715051
3.70908336359392
3.58436415134539
3.5483791201998
3.48233352747039
3.50314180375057
3.59242325277596
3.48262341394511
3.54039266173157
3.62898109376983
3.47365608375641
3.61038174106241
3.46066817516305
3.49829977738092
3.67959241437871
3.62341792198249
3.64210579935308
3.69571116595811
3.71539550774907
3.659628918746
3.64136385628072
3.6349309236029
3.70932389141797
3.58836666583022
3.64011251256857
3.53143097040266
3.57699258428367
3.6284103264305
3.42895375094087
3.57031784536916
3.57652002100893
3.62585258246913
3.62571468414447
3.54482467991225
3.69342028798347
3.44648903992384
3.76932270393086
3.53927734615859
3.55101333795254
3.67901551083194
3.55748373101952
3.55281563734046
3.57797364516974
3.62419497411289
3.62241098587638
3.70069500857478
3.64595948650613
3.6112934996717
3.51368617622488
3.62635829941547
3.65791486107571
3.65995674596573
3.61302711033629
3.52490232569605
3.55668308212705
3.5008690968737
3.61147590665724
3.62548487691099
3.56261989586188
3.67401469605878
3.46431513154707
3.68317034983702
3.54579261437343
3.59608203090619
3.63696478756819
3.55200079485332
3.53544718462204
3.67165635350605
3.65350468185128
3.56612925348196
3.74174134885851
3.61567635903919
3.60969965286512
3.68496738739664
3.59784380092767
3.5867826434713
3.66572673673417
3.7137069547603
3.57495531305859
3.4447455585667
3.42802349274841
3.5624867652371
3.58211946243158
3.55885171036422
3.68177136972194
3.48703943036894
3.57534383097469
3.4852937604741
3.60174294133945
3.68248245670508
3.61270763595023
3.60605716735383
3.71505767432194
3.58283745693705
3.65953526461255
3.7072083165904
3.59779869877524
3.6727067977068
3.60005519248379
3.65861431576264
3.50128095644748
3.72832746708382
3.66192494334259
3.53623403439791
3.49782914449948
3.44453811875226
3.57401714528505
3.53846534530968
3.52629307687565
3.6743923120407
3.5099776637785
3.73270686504829
3.51256417184545
3.56173254626516
3.69924850930633
3.55469381160123
3.58683656065014
3.68480725623583
3.64159568101659
3.60783126450701
3.68096580305546
3.63142323856927
3.7158299553061
3.55381040545746
3.64391555289411
3.52859892414746
3.58001201682355
3.69709661573464
3.49966961161009
3.60764922549069
3.50434367073873
3.62870483150629
3.55151560307467
3.5929648241206
3.7188255792786
3.5609786465791
3.70927578335754
3.52581488239065
3.5973032803381
3.71043072132849
3.60596623504343
3.57374918778427
3.64512305476606
3.55593131830559
3.61563064942289
3.58050502647821
3.61330099049929
3.70581527936146
3.62631231931836
3.68789570734098
3.55765642492847
3.63483852928841
3.59120531397933
3.48181784979486
3.51114112086428
3.47669640903455
3.6740618938119
3.61193200474855
3.51066702673508
3.67604529504762
3.47365608375641
3.54159211224502
3.53087361440892
3.50012805346537
3.63954550065943
3.60466722767179
3.66530392546361
3.71091215777864
3.72018002549494
3.66351979709736
3.7189222927286
3.59780106424465
3.63751584283904
3.54908119605273
3.67769548168841
3.47752332485157
3.69427903432063
3.62755419134714
3.56226490297187
3.59599160097067
3.55721393034826
3.66408301838447
3.49851374328738
3.57660947426342
3.53191068958704
3.42658599412928
3.68203628152824
3.56535026150043
3.52385045122475
3.66305041480536
3.59473440298601
3.55398705155766
3.69351568452727
3.61938268011491
3.63451518617359
3.7096606827851
3.62008072653885
3.65521281744313
3.62937390138726
3.67868541471731
3.60861037066841
3.69174566830887
3.64194710928379
3.47373517308158
3.45259004402955
3.47899872719559
3.61165292896244
3.5117343317916
3.53962655089909
3.68619795011431
3.45716488387781
3.64196666199748
3.53343793627457
3.57768326244684
3.7406646873406
3.57482125893705
3.67368434573737
3.61984077763293
3.70308028951355
3.75638651378436
3.71887393537481
3.66826565425955
3.66605565739043
3.58037055583375
3.55716968694419
3.49534971829437
3.73265356552953
3.66623233949056
3.57316268472753
3.62094851187848
3.48800466687732
3.61998940490906
3.50860034963753
3.62520210185934
3.66048083668133
3.44798587166765
3.63308392932
3.56346328760637
3.54917971755479
3.69499496137051
3.64935562077325
3.53903456127108
3.67661188045247
3.6545146626259
3.65861431576264
3.66160166366849
3.64535535841746
3.70716026338985
3.66826565425955
3.66981894704426
3.59861591695502
3.65285139536369
3.65280474098294
3.52568448822101
3.49057179471532
3.52121316222119
3.56504024644738
3.60489361167634
3.5821715198642
3.72181084901379
3.34998599308992
3.57848902680113
3.58001201682355
3.56364089464831
3.72250423011844
3.51053775055543
3.55681577932818
3.66464641287495
3.55076602190053
3.64781959873984
3.6834310000644
3.64930905564558
3.65635387368959
3.63363783048952
3.70427934929023
3.5715623712177
3.63779747898091
3.69857876291593
3.45857569564534
3.49834256846843
3.43704558291572
3.68703992574353
3.59093477305543
3.53130016051364
3.67562010024418
3.43489905480225
3.61485376273414
3.51748905396763
3.60442108712365
3.63617870674092
3.56862108980198
3.5453959438687
3.69633210122263
3.6645525017618
3.70519115418
3.7514592651862
3.62089484212392
3.67358997084249
3.5687546793112
3.50907328564593
3.48886855748704
3.68960995551899
3.61948721829165
3.54732652708081
3.5072283120089
3.49203645345371
3.59951337589204
3.5264483627204
3.58709645164919
3.6188939046226
3.43149562992456
3.58718612121439
3.55602914209248
3.57676969092722
3.66749728451856
3.60756709194897
3.71420067036793
3.67755410617496
3.61429093152997
3.67218987908643
3.66866930844944
3.57726009298383
3.61160747992852
3.60303810181407
3.66375183506734
3.55017874593338
3.60697767946913
3.77681273851823
3.61269857254349
3.63894559332564
3.6511672285478
3.62113125654516
3.55281563734046
3.49084716900809
3.70260472436882
3.399547516672
3.64280164562927
3.59974826935179
3.50640593391773
3.57907119348259
3.63512007295572
3.55039833737444
3.73435344939756
3.58007135194471
3.65107433180251
3.57886598580923
3.67703779892003
3.61284454662591
3.60723970486221
3.65518563486485
3.68642210822098
3.69315995999077
3.63935047703292
3.52086848089195
3.58507711650256
3.51065385928129
3.69079352060693
3.55428303446914
3.6419276925606
3.66057421272145
3.5343957045393
3.7594475700654
3.57271340139683
3.52198796654111
3.6729072080804
3.6263362671401
3.62683860568205
3.70127616917916
3.64326375711575
3.69965957993448
3.61813590622998
3.65273638150802
3.69510270589292
3.5903509318706
3.67651752090381
3.58177770592113
3.69910497180402
3.67982913240952
3.56510682855077
3.52351267109364
3.51170157903784
3.54768284211571
3.63997352746525
3.57652002100893
3.67959241437871
3.4543148740866
3.5919720680214
3.5340055357849
3.62994834304281
3.68870431036706
3.51208969336755
3.59703181989687
3.61599635871695
3.64368343270652
3.62507129729387
3.56532904496553
3.64656381486676
3.71858381765937
3.62502534982762
3.61179516322536
3.56328569826695
3.63015431317986
3.63963781165191
3.50021342764803
3.45491753942458
3.52805231843438
3.59897172236504
3.56490739935658
3.51496001273714
3.62309692731083
3.45658195832832
3.71573945804581
3.56061733908987
3.59973911298415
3.69516795632749
3.55699873584017
3.50123824279318
3.7300339212144
3.65884752677205
3.70695667898014
3.7153546416042
3.70236590211306
3.64074590891792
3.61985243110298
3.55088153417878
3.65149240438688
3.67383512544803
3.67364702268189
3.48262932446699
3.53879730212944
3.5350051731783
3.59450929312159
3.60023583426371
3.59852046893612
3.63194593842143
3.50119553018104
3.7035598202608
3.56893281421583
3.55288330144848
3.71626871083027
3.66529590559628
3.59464435565687
3.51638119042368
3.67524651043668
3.65437506366507
3.66599818616118
3.58566736039718
3.63359166560793
3.67269365111979
3.66197183098592
3.58346593827918
3.52501903755926
3.61770786063631
3.52857283367758
3.5428162302954
3.56136845893258
3.73037329728605
3.58951910449628
3.56269473788746
3.71795370046507
3.50303311403776
3.66389215135577
3.5849457261701
3.59667151235651
3.73119775348094
3.54693196564296
3.58830736915806
3.61260762297971
3.66407925646001
3.66407925646001
3.65186410484795
3.54631837783736
3.6277223717973
3.65363071595885
3.73576309794989
3.60647909624398
3.66604501443425
3.65242179744967
3.57819668860961
3.56521739130435
3.60222409097185
3.6083835196198
3.54754576581254
3.56061733908987
3.63433752485152
3.37933308214017
3.62511052166225
3.55638166047088
3.55202415871483
3.68847191877651
3.56247362279983
3.48516679012496
3.68321761784371
3.66426638067514
3.63811527881654
3.72094229298207
3.68395290723137
3.66803042156699
3.63045520322933
3.67261280167891
3.5718730553827
3.7096606827851
3.61202323819146
3.55248611921945
3.50950388376916
3.54337537478009
3.64456564678297
3.55235374487641
3.48807323729913
3.63924252678355
3.49050826699326
3.57714628777266
3.56969008599708
3.60978934481061
3.68143962310296
3.61595064100943
3.57227613944367
3.72260113500286
3.60287726282108
3.59278428219688
3.54087481893254
3.64614541235865
3.67713235105042
3.60324039660842
3.67779435214238
3.56253114100648
3.6181639393863
3.71136686926161
3.61912207916672
3.49152666090828
3.52506233341931
3.69988397576383
3.49761138734523
3.49099786389991
3.68927530249478
3.48202980422714
3.6803026598551
3.59359686377001
3.52572795187258
3.55588710680095
3.55305985539295
3.52194774754875
3.68686090128976
3.68080849535731
3.64689886526805
3.65139949109415
3.66108117103393
3.65892662956566
3.58557745348779
3.650520135299
3.57196383074387
3.63548538814527
3.66657265198328
3.52524991063615
3.51114112086428
3.59332596240828
3.65047354044878
3.63548538814527
3.54232207882286
3.65976940893444
3.49172242027641
3.71834208747205
3.61727692404983
3.5008690968737
3.66901860166774
3.59621768433759
3.56142207832638
3.6781727455116
3.61311839911062
3.60519349552502
3.58292722648861
3.57196383074387
3.70159453302961
3.65733577155718
3.66230007811199
3.59242325277596
3.71352785145889
3.62785994185312
3.48690285269962
3.46438443803339
3.53139496253276
3.68132784340888
3.48279837388508
3.55321150893874
3.68118618849725
3.52086758102903
3.64079209428002
3.49263139960814
3.57966947302775
3.67778973806961
3.58445321476745
3.61971546766219
3.59185512433826
3.73095522853726
3.78278634506393
3.64074590891792
3.63691660436177
3.65600438210978
3.65288667141839
3.61251667799512
3.55307954193748
3.66183117165794
3.66544485171609
3.52724985508676
3.54574758244483
3.49543515723347
3.69987063389392
3.54653902432975
3.51952351066317
3.70889096379292
3.42560428861618
3.64977476040377
3.44076707450584
3.56120034864899
3.6241984945637
3.58333124514496
3.52372973239367
3.67599804632272
3.58001201682355
3.65583975661822
3.7354370200094
3.6608937188792
3.74585794554099
3.64930905564558
3.65117258811965
3.53877182345736
3.66760707873814
3.62635829941547
3.56318128771137
3.49254639488896
3.53322089401568
3.60444087209886
3.5404998643014
3.53369942623556
3.65284017869643
3.41094115829382
3.62116991643454
3.56173254626516
3.56746373286432
3.65042694678801
3.5134703504871
3.54100633914422
3.61289018582383
3.57938474631423
3.7045672391907
3.70332003936396
3.66154988541653
3.73280430186118
3.61718542501929
3.61800908297385
3.55098645410412
3.74243688712706
3.66468748004852
3.52160202216032
3.5987460815047
3.5350487146957
3.70069500857478
3.54004208441639
3.45293861979041
3.6551389208394
3.45957976992585
3.7221166610271
3.47682320475571
3.53700919375909
3.63558055281092
3.6011845011042
3.56278319160822
3.6986442600134
3.63240561440812
3.66038746540488
3.66043415044767
3.60933378765507
3.62714013950539
3.57701206928898
3.67717962893915
3.56750823271131
3.57824130063461
3.61369932007051
3.51957225546944
3.4779025944911
3.53713996968166
3.70513813581203
3.55898456943753
3.51114112086428
3.64940218708928
3.53693375051013
3.73363272019948
3.58508304606706
3.55566606576739
3.67916639866212
3.60842301820613
3.58926733766723
3.61993241105218
3.63511572632408
3.67396749951827
3.65889417254172
3.64224494734027
3.61764296646723
3.53684627085317
3.6231884057971
3.51701324413729
3.56435149989407
3.5216470472344
3.50348511018828
3.51778021896639
3.50118548912176
3.64856041888034
3.58982756231815
3.566646226238
3.67343782223139
3.51686862953182
3.71187540558079
3.54249758466074
3.60138010930063
3.66892446633826
3.59404845682115
3.58234380479984
3.67349560079635
3.63354550189935
3.63174603174603
3.6197033362021
3.60482996798508
3.65453174714729
3.60333119149311
3.67510055126508
3.62139917695473
3.67312983938056
3.58141160027952
3.54802818642601
3.54486861675756
3.51183094094967
3.63396101750908
3.54021736439482
3.5161916939192
3.5740618087752
3.52829420545529
3.70002707336883
3.52406679764244
3.47142425158754
3.647176932559
3.62758481217453
3.54627455826022
3.59225974416101
3.62735556931788
3.70055185930167
3.71891723789408
3.64842876029696
3.74536722868925
3.60127487640224
3.67468182632967
3.56402200504179
3.69327720240709
3.64266245510355
3.56164383561644
3.54188339030069
3.55345716593154
3.65084633255891
3.47255949490044
3.59522313010685
3.54394617167073
3.41162577089621
3.67788399928236
3.5198312443278
3.61047162571863
3.70303468208092
3.46555575680734
3.48148866999854
3.61852888519051
3.72620809638804
3.67816681191367
3.65883301137309
3.68477814297453
3.728144241511
3.67026446365543
3.74463421317015
3.59752810960553
3.68841888057777
3.67538392340808
3.59884233043916
3.54944400317712
3.56319691023485
3.64359059291156
3.58189514816021
3.52803305989021
3.59540391723028
3.45002291973268
3.63130258746125
3.56464173487511
3.56867523811892
3.66707553920065
3.56632494563529
3.55960162228534
3.53905912818299
3.65344467640919
3.56685681617638
3.71727952128693
3.66052752410591
3.76902570029023
3.58673781821363
3.69964550435063
3.62126832715068
3.56234096692112
3.60811133600694
3.49582206631099
3.60141044785484
3.5665022181904
3.56190998082049
3.50717990851901
3.54711084101254
3.65187190357015
3.508126341613
3.70059957449552
3.46886482305163
3.5397138628515
3.70461204837939
3.57743845434715
3.64921738909304
3.63728534313415
3.65782162065713
3.69645295072255
3.68071408418191
3.53680253264741
3.70663176039088
3.59802737520129
3.62387704159856
3.56291588042507
3.66571724164357
3.67977023873631
3.56730016282799
3.5917202713188
3.60344524521005
3.68072893876605
3.48567946374162
3.53099497512253
3.58629683503035
3.48194501935767
3.64338034605766
3.49254639488896
3.4964183032016
3.62776822732329
3.49697213388408
3.61056246776283
3.71434487756898
3.56203147495408
3.63111881476233
3.70107679411954
3.59145059565522
3.73917008663931
3.68875636214076
3.66707553920065
3.60865574430096
3.6760467767346
3.68385800401875
3.58607199729164
3.59251350332873
3.52338244714926
3.68447496231787
3.57401714528505
3.41774118378127
3.61060963755034
3.44702904664336
3.60978934481061
3.53300342221237
3.47012308659589
3.62570587566482
3.54903730817268
3.56145684680772
3.67035833951454
3.71165485489628
3.5996036673314
3.70887286449045
3.66019094422688
3.68751531092459
3.63359166560793
3.71322479291631
3.56364089464831
3.63728534313415
3.59658136795408
3.54640709281419
3.51338402761569
3.53247779850055
3.71819706444442
3.52208073692766
3.61869575119569
3.67604529504762
3.48317480422365
3.66300366300366
3.52350435220311
3.55092546768287
3.63401539708266
3.53330789023354
3.59536486063263
3.71626871083027
3.66160166366849
3.59658136795408
3.7373684758829
3.71829088176612
3.5901028245478
3.57538837189022
3.64917098972638
3.58803820573086
3.64178116205926
3.62640428067862
3.51874407903641
3.46259549378307
3.52385998201106
3.67170349068594
3.53802761146024
3.61320969249817
3.69700103412616
3.436673876472
3.7020316027088
3.5655717338369
3.6106078904992
3.65460773452522
3.63512007295572
3.57806285920884
3.68733458385795
3.62424074050689
3.6650690724556
3.57477657646397
3.59025859904594
3.64828492339877
3.53710872280693
3.68134484933517
3.60915159698648
3.60240495048262
3.73221670264506
3.58754484431055
3.57766143106457
3.55611726513518
3.66412603572204
3.56428757715379
3.53278597717845
3.64898540405838
3.49675910132073
3.6691383277934
3.58696195570664
3.58602076643385
3.68723983760728
3.60652441629596
3.60100376411543
3.62355436594111
3.61611249007774
3.65875423880064
3.57808609926061
3.60213366802636
3.66960746707582
3.66876310272537
3.69217310760047
3.62099419631592
3.7221166610271
3.60714871290375
3.57339197361187
3.58755644756648
3.53903456127108
3.60746720484359
3.57388316151203
3.48754969148599
3.64025150828603
3.39586796485395
3.69599772553986
3.51446336847797
3.56430707876371
3.62181191905377
3.5168402542946
3.47496446059074
3.59947643979058
3.67151494922783
3.60156151618184
3.68101317957166
3.62635829941547
3.70547918583108
3.56733023998403
3.68803837623149
3.53492281261201
3.76399984206994
3.65668111439275
3.52603222744141
3.53614658934952
3.53273960250503
3.66600866511139
3.51832101308031
3.53096049507265
3.56951855030285
3.44426176389406
3.66351979709736
3.48840045861489
3.54517620517397
3.59269401803884
3.53103856980592
3.57183000087422
3.6404831914054
3.64740090802428
3.71993808774371
3.62497940352612
3.6610343061956
3.6029226505417
3.6521050682535
3.64693580882915
3.57593868390452
3.61665947564783
3.65244136870434
3.60786895207231
3.56847719930884
3.60714871290375
3.66337901882926
3.60478453219728
3.51679700949289
3.69303875108144
3.40638399237732
3.72852188877011
3.58494823134197
3.57272238947671
3.59974826935179
3.55889599561982
3.5126504544338
3.5997029615738
3.5527950310559
3.63183826890842
3.63650234592546
3.62061980960097
3.61398587260068
3.62612841058931
3.70375166733576
3.59170141156377
3.69027413465
3.62075732063958
3.58584718774292
3.5818054303176
3.57232075943043
3.68984647142304
3.51519769914332
3.48848555815769
3.7040394752179
3.46507063413216
3.67142068575977
3.53588428015083
3.56412940531379
3.63308392932
3.51407472937939
3.49214877042174
3.5977105478332
3.65583975661822
3.64157742475765
3.69597692268068
3.58028091434866
3.69872225958305
3.58796151095834
3.70317618572853
3.61152151128285
3.65808423826151
3.68222524441251
3.54601166353662
3.58835223365549
3.52839931153184
3.63631756328713
3.62804338482542
3.57717091897147
3.68757147078852
3.51741549623747
3.64763350211078
3.54781486856958
3.64893657739956
3.73027259684361
3.55672731342727
3.59911406423034
3.6073307014114
3.51922035733622
3.60960710814938
3.66098744255706
3.5779070494777
3.65238490517847
3.58805153746754
3.72066399542072
3.58719646799117
3.65728900255754
3.65485866175944
3.58409464014938
3.58917725013804
3.51537052742849
3.63299162887593
3.55517987221242
3.59454534028781
3.62332611201905
3.46049966239028
3.70538317030511
3.58355573932764
3.54249758466074
3.62953374451128
3.5161916939192
3.48359906941619
3.63710354299667
3.54614325922803
3.6390009288359
3.66671367581636
3.63876943433675
3.66037832441703
3.6468428032235
3.778071334214
3.59431946713585
3.63068564101913
3.62727814628331
3.53689001014073
3.57830993669144
3.50627697136132
3.66977185823902
3.60083599828771
3.63969558909618
3.66403607666291
3.51575945321335
3.67613979614134
3.53313238128181
3.67992382815013
3.71404454256217
3.61188638975538
3.52585834925723
3.66215939356689
3.57754900366511
3.5979821107323
3.58926733766723
3.62185778509466
3.5882316040399
3.64456564678297
3.64833146239412
3.6213074692632
3.67127929963287
3.6420130399348
3.46624651557387
3.52907787416246
3.60033737427143
3.61919947357099
3.58333124514496
3.56222053383487
3.6213074692632
3.44118107109769
3.69184695616254
3.57441915688701
3.49902736826651
3.65019399632428
3.52117011191411
3.54188339030069
3.5801016448439
3.68675475346439
3.63123881108671
3.68262470706394
3.65841178878428
3.6070577255357
3.63359166560793
3.628658791885
3.61553923365738
3.68120269783247
3.68196096606416
3.52099671291566
3.54183952742449
3.59621768433759
3.64893657739956
3.61681947518179
3.47007364806659
3.58041537825962
3.44331133773245
3.69117988694148
3.57884726080537
3.4832596489946
3.5426731078905
3.52186387872967
3.54486861675756
3.60910605219323
3.6435441747882
3.66953643233811
3.66042517246234
3.68471230900049
3.65425158116655
3.62838257868896
3.70773698402821
3.61933687674007
3.65836499226115
3.650520135299
3.51032231141223
3.54368270410249
3.58490329535341
3.56933368277859
3.4639375037849
3.47978439937218
3.61590492445793
3.49795748636286
3.60592077060796
3.48984771573604
3.40877939476287
3.56475133989779
3.57652002100893
3.61216009699786
3.74477891401412
3.66760707873814
3.69280033054437
3.70889096379292
3.62328020878202
3.77224105411715
3.60392146979511
3.65855218553721
3.56062398067801
3.62617438602275
3.64127113465064
3.50533153572742
3.48152115693626
3.53601542988551
3.67585630743525
3.52516300797476
3.61430557310755
3.65289805093621
3.50821240631478
3.58787148896667
3.58638677802021
3.4752178086686
3.67321251974673
3.56675188626302
3.58629683503035
3.62217887991084
3.69141809827433
3.66629063685776
3.71858381765937
3.61659079413252
3.70533516440805
3.52190724823289
3.7081215641531
3.61933687674007
3.63017871649066
3.63904723127036
3.52507610959782
3.51614846506596
3.5944549876205
3.6578970928671
3.6385379692887
3.6002467301955
3.70437530761858
3.5089010759812
3.64386912649067
3.55566606576739
3.64359059291156
3.69685767097967
3.60714871290375
3.50576121598431
3.52516300797476
3.57397248291116
3.68381055424604
3.59838953195772
3.63442281299243
3.65518563486485
3.54768284211571
3.59811790755605
3.54420967841874
3.60978934481061
3.69246659350591
3.46780158354855
3.52377314786294
3.52472855892828
3.60651189770621
3.55858602197365
3.60484833260064
3.73649264418695
3.50538632532916
3.65131242978245
3.54909163109302
3.51645108936212
3.70672784063662
3.57920556654068
3.62236238822606
3.67052542416386
3.5030988951765
3.69446992107269
3.66567975288704
3.56151077792859
3.64842454394693
3.62185778509466
3.58872688031721
3.61627068924096
3.69504269970672
3.65191853412501
3.46473481452766
3.5198267162232
3.47390924108444
3.54052414612709
3.51787844868941
3.52872953398561
3.67142068575977
3.45832476813504
3.55385456533625
3.475935828877
3.52825067850975
3.69260961627847
3.51709974544068
3.58656667753505
3.65855218553721
3.65583975661822
3.61736842770955
3.73655949099176
3.62424442107131
3.69552015092194
3.59472605925013
3.72929977832834
3.53496650433837
3.67193919474117
3.64173479002725
3.71776206322795
3.54689088969913
3.52724985508676
3.58907021822047
3.49671649792268
3.68010052957544
3.53753235547886
3.65288667141839
3.66918523632365
3.38874982288764
3.54438537135492
3.68665970584065
3.56208743305517
3.65392477514309
3.60783126450701
3.44611528822055
3.52842479273589
3.49057179471532
3.67396749951827
3.71221266046234
3.66680769773196
3.5338308703603
3.57276702061212
3.64178116205926
3.60678479097043
3.67793113170069
3.57908914051978
3.62795166102038
3.67092169553094
3.37198782794638
3.59644379613445
3.62755419134714
3.48627431859184
3.64572710585356
3.46616249757611
3.5576121705166
3.47066318791336
3.58059467918623
3.64249837046126
3.6710246667096
3.65244136870434
3.53707725721378
3.45285524568393
3.4871669816497
3.55805476418557
3.72260113500286
3.52607569966712
3.65948843934334
3.55182434614143
3.30044429057758
3.46251165268345
3.66897153339919
3.5161916939192
3.66535089967704
3.55584289639567
3.51652148162772
3.61413698213221
3.61184685769323
3.53060267140706
3.64001985465375
3.66047202170685
3.57826516696486
3.51800826608935
3.53544718462204
3.56942277691108
3.68637459237204
3.52503266201592
3.70735248366691
3.64127113465064
3.39312832194381
3.57705680766441
3.60833196654092
3.49882144961697
3.59784632415841
3.51567301782422
3.48008079628142
3.57687786087696
3.56155512938656
3.7410071942446
3.59757478175552
3.66530392546361
3.53579685239903
3.45966346909892
3.6015008344941
3.58915998649375
3.65409589773624
3.42649745102019
3.64972786001323
3.55840999826419
3.40132023370744
3.569918153096
3.66852862602738
3.52948410502367
3.67746332180376
3.56399616185029
3.59030366939078
3.52446794089738
3.60933378765507
3.68186616545225
3.65000765735872
3.63881573088031
3.51083940978616
3.4845752716994
3.61192564718912
3.548554613121
3.60634314292177
3.52588515688346
3.58543837293556
3.65465427225264
3.41125954198473
3.57857857857858
3.63197663343704
3.57737000763005
3.61430557310755
3.55557765704837
3.59436463949528
3.60079066312463
3.55867458036259
3.66004006780706
3.62863181482519
3.66856745658862
3.54437936051935
3.53518497917207
3.61412288017793
3.54984050541785
3.68243504236088
3.55010488946264
3.65019399632428
3.71698897899771
3.33142409613204
3.51179841044914
3.67618605371101
3.50739013254243
3.5355414960923
3.47832454598711
3.55569972427732
3.65947611710324
3.62724634729929
3.66076097909412
3.65637700177086
3.57142857142857
3.53282946404392
3.56273896419882
3.67642349324281
3.53748875275789
3.71703880225872
3.50697117440766
3.63576477742025
3.56141265232174
3.3638068448195
3.65982733776253
3.61238821805689
3.56448476992871
3.63687228983075
3.6153107144663
3.52922369375684
3.53683484090405
3.66923214605334
3.69241061664544
3.67708293295409
3.65945401456131
3.51164839467502
3.52471599631563
3.53657334384858
3.51974491047339
3.72210045780539
3.49382190029825
3.58252924067856
3.62873146122821
3.37317678032039
3.65777500223035
3.57116193415126
3.53888457317599
3.64365787702972
3.65093499554764
3.49991463622838
3.57846437744695
3.57596750479703
3.64555547087366
3.71251908001966
3.61360832011281
3.49275891444566
3.51229302558956
3.63479233389253
3.5392973381019
3.67945039817829
3.47255949490044
3.56364089464831
3.67959241437871
3.35519470650814
3.49122935065567
3.73323620848888
3.52000392474305
3.60811133600694
3.58378182635516
3.58427415326206
3.62708051613229
3.61661374061193
3.72717591750864
3.6659045332039
3.64009943686267
3.5823503713412
3.60317380605635
3.5486423660913
3.53391698373413
3.67247181665792
3.45221627473387
3.62900676487324
3.65544559499701
3.40418465626038
3.54229150467163
3.6590807675145
3.56903026836123
3.59806932865292
3.5823503713412
3.57485395413724
3.64384292116857
3.62090282859378
3.66048083668133
3.62886910782925
3.70050414533827
3.54623073976597
3.50667122819022
3.55250779818785
3.54767732205988
3.62570587566482
3.58208210082251
3.50564323056628
3.70088589150086
3.36739842072534
3.5140562248996
3.68005334153972
3.55475184859482
3.62062875309078
3.58252924067856
3.5720953388512
3.56863086430499
3.65047061816332
3.68109175794577
3.67049916230768
3.6309809974444
3.58866631655288
3.5655717338369
3.62153674720154
3.41794540848033
3.65658761107204
3.48003845077449
3.71592651300574
3.62167432790082
3.33850841047311
3.52416393523425
3.65238490517847
3.59666993636661
3.57561109311539
3.59428421144911
3.55651387288251
3.52281235807485
3.52948410502367
3.6592543309706
3.66295674893377
3.6355316011593
3.52597179222566
3.54032516714776
3.51939358141366
3.50091195084034
3.66112803707212
3.54781486856958
3.6420130399348
3.70744860128076
3.34632080218096
3.5190038512175
3.56555128908393
3.56426265874054
3.67193919474117
3.60069999622304
3.56199870472774
3.52890369547782
3.66145613293902
3.65813102760226
3.69920066223452
3.67755789581967
3.55363377691629
3.54944400317712
3.56510682855077
3.55155970594079
3.69160868947892
3.57786228983186
3.5707151418298
3.63562403071213
3.33554925766535
3.54083098103303
3.63276089828269
3.54214659037428
3.66525695245418
3.62539296217422
3.52364290466451
3.45168843080934
3.63483852928841
3.70121998400867
3.6229597182423
3.61392684001763
3.49612015933537
3.59942308898225
3.64437988200364
3.57067056194364
3.64326569088292
3.53496650433837
3.65640061877549
3.64601859850602
3.30420566665515
3.65023847376789
3.72654677660196
3.57645768689172
3.60833815283261
3.58016067062522
3.44005082165674
3.55942503503615
3.51758793969849
3.62401192009496
3.67713004484305
3.59518470731188
3.54041251356952
3.60326428123038
3.56346328760637
3.48580691554841
3.61147590665724
3.45469040659049
3.6742506969514
3.66042517246234
3.38814386580107
3.52277486266105
3.60419397116645
3.55438456949692
3.65098614923087
3.62167960123667
3.58212680978532
3.57218425998531
3.5075283535393
3.63291139240506
3.72514407351643
3.67228385346692
3.58136690916805
3.57022901712963
3.6643599499502
3.58083070281601
3.70949605139009
3.56898588571784
3.66899760939877
3.71496990486053
3.38048740267848
3.51569199108215
3.54307865140797
3.49199396505573
3.56601476106459
3.54886176750627
3.51010224548701
3.57685884493631
3.62905265287542
3.61379032461155
3.64301037052081
3.64527765076462
3.5229853311238
3.60489361167634
3.57473189510787
3.61663652802893
3.62990227186191
3.50219805787199
3.72823026384399
3.63604002186709
3.33457699841433
3.57643057222889
3.62259179976947
3.49274583557227
3.67623430209391
3.57620696985232
3.50477310883178
3.52748860018928
3.57743845434715
3.56141265232174
3.66538952745849
3.73425627146872
3.57231764998755
3.50971592090299
3.57737000763005
3.55434039644566
3.72245577956814
3.520779988182
3.60038269802105
3.61307275414682
3.32044628655684
3.55672731342727
3.76350453331228
3.48899624261943
3.65892662956566
3.57405262699095
3.54329736536705
3.52718513420509
3.44877310197313
3.64303365347871
3.65672786784637
3.66262838408934
3.5612446923757
3.50185500361205
3.6770850743774
3.57938474631423
3.71346585818715
3.54482467991225
3.64340492751408
3.6162249645964
3.37085273145147
3.51917705398122
3.60029205166293
3.49735863823127
3.64094664612799
3.57169618103255
3.53649639549406
3.49646075039427
3.65953526461255
3.68300409508847
3.64856417518211
3.67855121675156
3.50838454838749
3.56724125028064
3.58108784934388
3.54399008674102
3.64661030996188
3.46318249518666
3.66770114647721
3.66342594371646
3.43696297453523
3.5259887562876
3.65742931314501
3.49885614318396
3.62204126087562
3.65271143579657
3.56822038127558
3.55632927132554
3.60828644243143
3.70030145812578
3.66723085602913
3.59843480667849
3.50666388749249
3.55699272433306
3.53212878684961
3.49402594864026
3.68485473168846
3.44457960471642
3.6119776208939
3.56142207832638
3.41138160955187
3.57218690281403
3.63904723127036
3.54697886695109
3.68932289315153
3.60555709639192
3.52268808198256
3.58046020180776
3.62755419134714
3.72045993699848
3.58481139145641
3.64296412886192
3.52839931153184
3.59136071276622
3.71752043986326
3.66732490447003
3.64963503649635
3.51303877854344
3.65280474098294
3.59802422084597
3.35880721382845
3.49326906691984
3.7297915475386
3.4781976391885
3.52142918491798
3.6132898563497
3.53818652530358
3.65628383973501
3.62767651743054
3.56101495129971
3.56110332162843
3.65019204843182
3.49254639488896
3.51952909436507
3.6806196778496
3.70638220936539
3.59356413948538
3.68134484933517
3.57214228617106
3.63687228983075
3.53352524740854
3.6404831914054
3.64205941905332
3.61649932980957
3.55933890880127
3.72968884483973
3.53003616435651
3.55270676504932
3.52973119739343
3.50400019602798
3.64851763024953
3.5385529050777
3.62852068003045
3.58176057308169
3.57728051632916
3.67047831722686
3.51144288380316
3.64029784255075
3.61961171437973
3.69208525360495
3.55173612835925
3.50799725247768
3.49197821787014
3.59689689313331
3.68217800187316
3.40430579443687
3.63199190078461
3.64111542462764
3.51694136388702
3.71107892831282
3.62675967346526
3.6158391392539
3.59001300910637
3.59987456883035
3.68250872510778
3.7723944846804
3.7355199791748
3.54930065173569
3.60829278718616
3.5914955387869
3.67115647824808
3.4649699984305
3.55942503503615
3.5959463877084
3.60224195478305
3.59364201796821
3.64586653069029
3.59043888721502
3.62645026310784
3.7201316354271
3.40833253885022
3.64127113465064
3.49138141510816
3.62350973659871
3.43189017951426
3.72594744590211
3.53121295930462
3.6521050682535
3.60578438417994
3.57625168809083
3.67472278970564
3.56328569826695
3.51792172009152
3.659628918746
3.6734012355986
3.75067210470408
3.52655396490709
3.53252142980658
3.62066564545328
3.63040911918151
3.30269296503303
3.49688825852519
3.6365485847977
3.51280890074785
3.62382888456779
3.54355985776373
3.56216410778339
3.62740141557128
3.61301693208283
3.52896332091433
3.65735548985625
3.69060631389442
3.5005549660312
3.48406676783005
3.63285318700302
3.72779291197977
3.54201498544802
3.68390545501385
3.60305882056515
3.6814870118168
3.4901458295198
3.65299136565677
3.61266200136422
3.69786144656202
3.69948776323278
3.55571027177562
3.56341888861201
3.52681489154428
3.47041050345221
3.63280704205673
3.69982277072742
3.60033737427143
3.58310677908769
3.51416108619525
3.67670690475272
3.498642135395
3.59034874086721
3.58715147562367
3.64674980236146
3.59125040809664
3.61293582617484
3.49325776822357
3.56013643040307
3.68381055424604
3.59978426380022
3.41455289582639
3.5901028245478
3.71059912600522
3.55876298886492
3.5713396879122
3.56189885200124
3.54886176750627
3.56623631596605
3.63636363636364
3.66937288243943
3.65670310628647
3.71674998057448
3.51156246176435
3.53365591795023
3.67495888157895
3.63849167981273
3.68532955350815
3.7096606827851
3.51174469861618
3.61471669973838
3.48249619482496
3.62172530412397
3.63516192994051
3.66932596911118
3.66043415044767
3.59928766710978
3.62300545344375
3.50530069861742
3.61269857254349
3.41642263647835
3.65009920130233
3.5911809604845
3.65581810075791
3.58297649217862
3.54995918165401
3.64199332512722
3.58898045443746
3.56508453101127
3.64537025276261
3.64037646820061
3.71833905551597
3.5
3.52514892833016
3.62827271463066
3.65702926897641
3.40616432665947
3.65940735451624
3.64977427354231
3.53753235547886
3.62602653190145
3.58794849356169
3.52991820921222
3.58476661545571
3.53753235547886
3.73382769560166
3.67519500379085
3.64954156635763
3.55974120056956
3.56156508916409
3.6175514489179
3.66553880857172
3.67080809117979
3.64261606062536
3.60346739239996
3.68523457935495
3.44089126302365
3.64141021886658
3.4889536798702
3.61174955168843
3.5833761417313
3.57687786087696
3.52529336357361
3.51178781925344
3.58211946243158
3.54363879664965
3.65415820205195
3.59052903808974
3.59961234943929
3.69227591370919
3.51027922675667
3.54390225768878
3.68096580305546
3.50331344855886
3.65075312739341
3.69313412791674
3.56550683804371
3.56524015507548
3.46637255020786
3.63890832750175
3.64540182270091
3.37252219850713
3.51567301782422
3.68903736762676
3.55328057250059
3.64982133741705
3.5453959438687
3.45519124362723
3.55845319265416
3.60314960629921
3.60050683092672
3.67774260927509
3.66098744255706
3.5158891142664
3.52955695421449
3.62424442107131
3.6889422022727
3.6337763321729
3.65490536862149
3.6642707972992
3.7462014041706
3.54821100689792
3.68941807814858
3.58333124514496
3.59671516782575
3.60414855140952
3.54662698412698
3.57348127046005
3.55473799343741
3.53706497810977
3.49654624365792
3.61489945270928
3.71187540558079
3.67982913240952
3.58306188925081
3.51368617622488
3.6355316011593
3.54109402471337
3.5230786287094
3.57777277389977
3.72381287189302
3.66244077346651
3.48372636912883
3.48381124077277
3.62488159141143
3.61825516893596
3.35303876439937
3.614108876604
3.67731850447172
3.58758968974224
3.52787884747763
3.57561109311539
3.53243812079215
3.52848607047137
3.60064234455763
3.66796600421752
3.63153232949513
3.74282733437663
3.54780888806477
3.5414173072889
3.62602653190145
3.60960885423217
3.5820297333517
3.7304672214541
3.55403121582662
3.79209758684699
3.44669671479187
3.64507659758864
3.55885171036422
3.62199954567253
3.59436463949528
3.46702101956994
3.53645266594124
3.58337911401888
3.56466247881145
3.5440849592492
3.70418339593317
3.71343175437008
3.6435653620079
3.68172397368726
3.51225004283232
3.56061733908987
3.67208063170058
3.51061747724826
3.69388385502471
3.76246480911411
3.56836464459337
3.54544219199743
3.44562633563042
3.67021752752663
3.5537834792407
3.34830543078808
3.59982941574894
3.72862859221535
3.57485395413724
3.6643599499502
3.47676503367737
3.63295737920733
3.52514892833016
3.58315542404834
3.71203890527187
3.68572455951097
3.56574893151774
3.52939729699817
3.48043317447036
3.61893953722968
3.64439816637249
3.61019912701108
3.56657396899824
3.59689610503943
3.67349560079635
3.60301342941369
3.67214289369978
3.55650616792678
3.60942727066932
3.74575982607101
3.49637570810745
3.56781976272751
3.58642407277817
3.62149088929128
3.51285189718482
3.67651784910851
3.69435934402595
3.66305057827529
3.59906198663206
3.63968396890416
3.56199870472774
3.64708423875059
3.59423919849718
3.62744726298361
3.63029206774859
3.7000747750303
3.44943631162712
3.49923187592967
3.52480257421122
3.54772117631062
3.38036795364067
3.63558055281092
3.66660704703988
3.53975752044302
3.73488801842718
3.58342385536452
3.5626062885587
3.60734037204625
3.55031049753829
3.69421668447271
3.64666717491296
3.65707586839624
3.50718545312347
3.54372661264342
3.64582005455983
3.55686001392896
3.696262524792
3.5798927279531
3.60435033782935
3.67435250739351
3.3621123906142
3.5440849592492
3.63327931942475
3.483686152651
3.5868274698494
3.60761243934937
3.5597782270568
3.53570196619524
3.60865574430096
3.69831063232092
3.57743845434715
3.63581083648986
3.52337458259674
3.48241138724171
3.60056400443146
3.50967615260955
3.61111111111111
3.40002615404734
3.58108784934388
3.61360832011281
3.36041964264806
3.57935696290938
3.69393139841689
3.53805567198402
3.68378492857051
3.53017872298552
3.63788470313847
3.59725756113458
3.60824742268041
3.6635647634001
3.61864996520529
3.69972704810939
3.48461772768809
3.50348511018828
3.48499987814686
3.69900928632401
3.63031695459565
3.71211629567136
3.61613351877608
3.63576268385391
3.54882739794019
3.61138470086118
3.61718542501929
3.60551164227273
3.68376310569566
3.5393411380343
3.53130016051364
3.51532731876398
3.54992862905728
3.5113135504782
3.61636214199912
3.58297211295132
3.66169052313523
3.51532731876398
3.61883311611899
3.55694848643136
3.70049296776948
3.61668226308202
3.70039721046979
3.635670247251
3.72201978136387
3.45707067654631
3.45824113372269
3.66333209514416
3.55712544464068
3.36177915696923
3.5526185034284
3.621078220354
3.53509758599805
3.65583975661822
3.55655794587092
3.64171604765953
3.55224397851326
3.61747986437602
3.63400719177647
3.51925712803922
3.59943924525442
3.52731503255031
3.5962598897147
3.5915466333976
3.6643694713022
3.61739395324042
3.58427446738939
3.5190398577567
3.71069591823449
3.56655695854034
3.61070080420154
3.53190487402873
3.64192028524131
3.7020736790328
3.47834547511037
3.57513406752753
3.50696488130273
3.5038714103695
3.52546718603619
3.62888900167487
3.69318181818182
3.56893281421583
3.5941387890517
3.55495891909361
3.68338356129099
3.5183977757821
3.52442450830581
3.72696708280122
3.62599049128368
3.65359802756806
3.54258534410147
3.49261787585331
3.61778025147368
3.64879691765967
3.40071343638526
3.61974914885269
3.63469994662329
3.5350101971448
3.61462533018212
3.61416855167882
3.55712544464068
3.53221603329669
3.59179162585085
3.65383141272964
3.69127516778524
3.70869858395145
3.59793684740219
3.57178539314617
3.59328081615217
3.53535977848375
3.73436398297339
3.5868815451182
3.70250501650592
3.62842861130141
3.35609847684761
3.55650616792678
3.55032523958489
3.54812296851351
3.54192725426332
3.56853203568532
3.53969157652417
3.52320883019612
3.60305882056515
3.64847514079046
3.62067442945993
3.64166983885294
3.50136638688269
3.58794849356169
3.63054737483497
3.54561739452715
3.59279937908415
3.44632971888997
3.68747671236397
3.68714509622549
3.37591455524972
3.58096473935068
3.65256124721604
3.61729748805788
3.68577189309977
3.58172446929326
3.50495823359875
3.51087514985443
3.62501894609205
3.62854794866932
3.69478738880235
3.70212711066393
3.53894697766504
3.68129746428112
3.62108556864922
3.56030814653087
3.6986442600134
3.56960734319225
3.69955012439254
3.69117590318058
3.3762322659577
3.49390696711832
3.54627455826022
3.48427825664684
3.60684168855488
3.52983137983199
3.54675663317639
3.60335476094817
3.58525921299188
3.636087215416
3.60213366802636
3.61251667799512
3.51727276081315
3.47100015777273
3.52922369375684
3.49637570810745
3.6309809974444
3.55761602538675
3.65553871432029
3.72916152336898
3.36404341608646
3.5655717338369
3.63567266278186
3.50064036104165
3.62382888456779
3.54680046466793
3.57107306390603
3.57351860844446
3.61684162770475
3.69623655913978
3.67358997084249
3.65462514535441
3.44184367290451
3.53121295930462
3.61842105263158
3.58773646444879
3.74414159662765
3.50838454838749
3.59784632415841
3.69838745134551
3.43568305223199
3.52603222744141
3.67184490948774
3.47395143755997
3.66610265087422
3.52490232569605
3.49804305283757
3.57848902680113
3.56364089464831
3.62741616356349
3.53404920483893
3.67741603661986
3.57880247763248
3.50421485983141
3.57620696985232
3.53483543239936
3.63571646496491
3.62204126087562
3.61599635871695
3.70528715975488
3.30345592311957
3.532303284054
3.65541922290389
3.60924269002158
3.60628451819534
3.50048345837974
3.61179516322536
3.58019127735216
3.65294470770056
3.64066855913541
3.59947643979058
3.61343794615219
3.49099786389991
3.47133719307189
3.58360064153969
3.52372973239367
3.60097201062664
3.58404972555703
3.58351083824082
3.60519349552502
3.29163165951178
3.50993458758269
3.67179776867674
3.5526185034284
3.67926106029614
3.65682137834037
3.62034481885617
3.54183952742449
3.60237807335752
3.74712763735116
3.70638220936539
3.68392678355967
3.51160542769396
3.54010681994795
3.6460989291178
3.49351379082892
3.69877009427984
3.51580267250175
3.66723085602913
3.66136238526238
3.4266270487875
3.60701223357296
3.66835975578472
3.47015785578218
3.64131749487542
3.62213300573715
3.50442954993812
3.45624894626556
3.55986653601419
3.60335476094817
3.61197110423117
3.72012236221289
3.48931927879296
3.58965379227537
3.61298146767897
3.45824113372269
3.68870431036706
3.53505389103135
3.63073173208754
3.66412996130884
3.38882635227205
3.61188638975538
3.67047831722686
3.59504236116349
3.68229280665388
3.61229696617576
3.53492281261201
3.56706328419267
3.46607848365126
3.68019490927742
3.67402324747811
3.70719609388119
3.54150470760992
3.52987479398814
3.56854211998757
3.67997117784812
3.57196383074387
3.60637546655906
3.62112406781378
3.63497712252161
3.650520135299
3.52894723853709
3.67316534381341
3.59039381347528
3.56666292541185
3.70030145812578
3.45590101139481
3.63511572632408
3.52514892833016
3.5283377334748
3.61620361620362
3.73119724465434
3.50444466152193
3.72303726942553
3.57147301484588
3.57125080881987
3.69542465080821
3.574631327222
3.6706399959073
3.66225318206264
3.66979515638186
3.51164839467502
3.5438223890549
3.67078084031464
3.60765778788983
3.35394000303841
3.50243461918651
3.67689449746973
3.51491696467937
3.50662838291893
3.56818718685117
3.52216386038977
3.59793400862501
3.64601859850602
3.6608543694274
3.70839363241679
3.63742363945147
3.52709843922822
3.55479587792311
3.63327931942475
3.69850126934625
3.5624867652371
3.69260961627847
3.48041959743958
3.67057253231002
3.48478756198901
3.64586653069029
3.58589214739772
3.68570949907857
3.71023818172383
3.54777085865979
3.61412288017793
3.51909045046819
3.58625186522715
3.54118171462533
3.65014740979924
3.61961171437973
3.69418359834149
3.58913220806927
3.55314813894548
3.6186041803735
3.51779190907861
3.5204332840965
3.553368867022
3.61988659376266
3.59450016338637
3.47011575141353
3.51675376575469
3.57374918778427
3.73856209150327
3.38421488581233
3.69260961627847
3.59518470731188
3.58051798991966
3.61310790225725
3.5828423050035
3.58445321476745
3.53544063662569
3.57971412178512
3.58584718774292
3.6121144762434
3.63479233389253
3.50666388749249
3.62314250604913
3.60480305466238
3.48017995076819
3.66155494884029
3.47849273394985
3.6243322767626
3.6908464427209
3.40083475034781
3.55217726109745
3.66845386213796
3.54962021545946
3.66906567114395
3.6070577255357
3.58890701468189
3.58922229333735
3.62172019045689
3.61206885664128
3.6195200971955
3.69241892171039
3.54658300368299
3.64043685242229
3.67040527924494
3.55110121257115
3.67915699873088
3.53204686423156
3.66510867621894
3.62907319053903
3.36569579288026
3.53404920483893
3.56755273366847
3.47159001250258
3.66370751828651
3.70408744754701
3.54728682170543
3.55014895729891
3.56804231748091
3.63277343898333
3.71136686926161
3.70141092109675
3.53648618675604
3.53330789023354
3.60014551110777
3.65476525161653
3.66445859546171
3.57401714528505
3.5603137059629
3.69404045361783
3.3938530912543
3.60330952052129
3.62992474546259
3.63664009934236
3.65786824027224
3.5267083645658
3.50461583549065
3.61147113968969
3.64815050209737
3.62470375017426
3.57969835408974
3.63673355204598
3.55416371521953
3.49842815378405
3.56694547669057
3.48605577689243
3.53514128204494
3.5206499661476
3.66676068617144
3.66596167403704
3.39667458432304
3.5576121705166
3.69853093316781
3.55987055016181
3.65093954248366
3.57795181024345
3.51489529053191
3.52281825460368
3.60478453219728
3.71569135163128
3.65019204843182
3.57583384209018
3.59626589812668
3.62177592776569
3.58065200304418
3.62955749750231
3.66038746540488
3.48690285269962
3.57975877165629
3.6001003512293
3.30694689296784
3.5815009858487
3.61925899770486
3.59275440331485
3.71506608157612
3.62873146122821
3.5000853679358
3.53578908463718
3.56123588534558
3.67274081493753
3.6073307014114
3.58211946243158
3.52912142152024
3.51883066550192
3.51286617945096
3.48920907194359
3.593822646109
3.5551356793914
3.68551951650108
3.65719546814659
3.38734129240098
3.61448828450825
3.66596167403704
3.54004208441639
3.58544260157709
3.6155849409623
3.54601135715526
3.56386292834891
3.55628504992477
3.65149890199683
3.64814531353641
3.71016740999289
3.54089299594093
3.55395950715126
3.64787228633891
3.64847514079046
3.67218987908643
3.59608565450012
3.66488121171737
3.5734366214781
3.38822414405876
3.48423566103016
3.65883301137309
3.48997547255
3.61878732665249
3.6139402057166
3.60142545930767
3.5071369009663
3.57786228983186
3.65219834246383
3.57013569012221
3.63133102248632
3.54144481042126
3.55628504992477
3.62785994185312
3.54019415559585
3.47971580300201
3.56885274441046
3.57907119348259
3.64688930543335
3.32778702163062
3.57133937713843
3.65173201905029
3.57665420256869
3.62272946064398
3.58153630375435
3.57089347250662
3.58207459732973
3.64099299809039
3.68449431278404
3.67012365887032
3.63387735980451
3.49416219243459
3.50234913661602
3.55938320618287
3.58656667753505
3.69241892171039
3.54482467991225
3.61668226308202
3.55323642688533
3.28962502875546
3.62930345291423
3.68827618224727
3.57352592055777
3.58476849414655
3.5543996532293
3.5745422842197
3.61024454060582
3.580696676315
3.58261305273707
3.60719420830916
3.65275808779391
3.53842156705061
3.44495302336786
3.52112676056338
3.59943113885498
3.68120269783247
3.54293642535058
3.66108117103393
3.69470855725506
3.37415351218706
3.58760145009345
3.67888244298375
3.57419580594366
3.64475143050122
3.5550031075202
3.52999259442113
3.58638677802021
3.57616225273214
3.60569346562614
3.59084460180547
3.65061332856796
3.46012388695316
3.57000199720391
3.5460110486239
3.53567308050169
3.62125486010521
3.56843251906294
3.59675913072011
3.59603300779771
3.35093061809973
3.55370458116163
3.62001295583584
3.53510295212106
3.61546658547724
3.54142850042249
3.57133937713843
3.57415113910446
3.63627116920104
3.64735439276651
3.66901860166774
3.5944549876205
3.59861591695502
3.5582761023191
3.62622036262204
3.58544260157709
3.61165833207052
3.55006082272039
3.61457964713614
3.62190365229725
3.40468084093236
3.60314960629921
3.69032258064516
3.49654624365792
3.66756004667804
3.49902736826651
3.47095803296197
3.48589188859772
3.63784375079498
3.67997117784812
3.61024501697825
3.65373805508713
3.38421488581233
3.44623986311439
3.60514805057292
3.5781756308724
3.57911598338089
3.39562605371263
3.56768624320144
3.59400329240861
3.31329139586881
3.57125018730333
3.67585630743525
3.62815243314558
3.68784815349701
3.57308526509785
3.60224195478305
3.54192725426332
3.62185778509466
3.64615755974236
3.6391301591327
3.69878726173753
3.61210748222264
3.57276235528445
3.60915492957746
3.54824751189961
3.65614410558231
3.53853551481376
3.72200391653374
3.62520210185934
3.37448559670782
3.58615519180307
3.62992474546259
3.55211208336943
3.64079209428002
3.49889059566479
3.56657396899824
3.54456108171081
3.63733144073811
3.61457964713614
3.6236474672478
3.63608624898291
3.5113135504782
3.54175180493121
3.61102312321824
3.52818836812003
3.66732490447003
3.44690441468912
3.74487698210054
3.65705517550029
3.37770009330011
3.53890318748763
3.64493723316128
3.47948805294661
3.61480807391398
3.5796535496145
3.54517620517397
3.51213282247765
3.57732526141992
3.62167432790082
3.66591468416735
3.64749394209922
3.52594528620566
3.5551356793914
3.52781546811398
3.57857857857858
3.64345134208951
3.57410647338166
3.73027259684361
3.70663176039088
3.33244002190555
3.64870381710553
3.67505332682275
3.50146914789422
3.65944161527241
3.55178023670256
3.5452640973832
3.5015977570185
3.60364900962653
3.64190089461329
3.6447684238599
3.68866154281161
3.56220832092146
3.54522321318279
3.49859933697873
3.54596739197818
3.73870870753101
3.49257522469715
3.63590134757183
3.62208713272543
3.39941995911187
3.64786612586414
3.62801435983306
3.62501894609205
3.64393545028631
3.49727042308442
3.47150823122422
3.49084716900809
3.62167960123667
3.52406679764244
3.58351334140768
3.6181639393863
3.5635794727889
3.62859382506891
3.48483002315097
3.40914509130787
3.68143962310296
3.50773910270562
3.6468428032235
3.73441274400992
3.42650388776403
3.63077782432621
3.74419061334031
3.56475133989779
3.57880247763248
3.58980795782603
3.59630812564444
3.51450655590646
3.52268808198256
3.57294555630512
3.70106761565836
3.68808593498137
3.53689001014073
3.50752400691694
3.63133102248632
3.58328634968364
3.76300935489389
3.5116584605184
3.64270885076357
3.60646641951023
3.38273386400464
3.55191256830601
3.62654223146469
3.47310770276999
3.64647082823337
3.58041537825962
3.56728574457735
3.58998820073808
3.6180548527477
3.60637546655906
3.60423939206815
3.74526930581564
3.60755821287116
3.60255958079307
3.50245539267913
3.59409362236883
3.62562275775516
3.61933687674007
3.63710354299667
3.65387809333998
3.4049240440021
3.56920004991888
3.65327133842577
3.52281825460368
3.57160697337529
3.5548705455359
3.46897931954636
3.52872953398561
3.51002074103165
3.69408816729311
3.67467557497109
3.70724398057249
3.53313390208172
3.54150470760992
3.48882599785303
3.60097201062664
3.71168271601734
3.50091195084034
3.61595064100943
3.64015884329498
3.27111355110257
3.53916594480881
3.62309660746409
3.59630812564444
3.57464253574643
3.62075732063958
3.44586616544977
3.57593868390452
3.68115531643777
3.61929107452449
3.68305152408793
3.68395290723137
3.50752400691694
3.54065564028919
3.59952174186646
3.55358962252429
3.63738108561835
3.4906570002319
3.68257728905657
3.53535977848375
3.39788523226803
3.54719882917633
3.56439592213166
3.5576121705166
3.584319229998
3.60455737043759
3.5778175313059
3.57647529605962
3.59576554602831
3.64296412886192
3.5987460815047
3.68293402800056
3.47874571217319
3.47276841353775
3.61319887701275
3.62044605913816
3.65558527576105
3.39592725379527
3.61215294384172
3.65172470830736
3.37778196240893
3.66421959782956
3.64120781527531
3.50907223553578
3.60394298989138
3.62836445467073
3.63281942229311
3.5748094265358
3.59847534981694
3.59170141156377
3.61526501409448
3.65958209108009
3.46175726545384
3.62447407107011
3.55398705155766
3.46603647821608
3.66069823002029
3.48978167436051
3.64935464044253
3.67059914481479
3.37433845206663
3.60244207652345
3.64142795083433
3.5281446910707
3.68893836237024
3.60048511799484
3.56816446108197
3.54377052227247
3.62236238822606
3.58328634968364
3.65341134090415
3.71525071447129
3.4915092842406
3.56288618696432
3.61720630679455
3.57525475247278
3.69051139943678
3.5259887562876
3.65761641067615
3.64312646489351
3.40812946125338
3.53422389184781
3.69060830515911
3.52646699794084
3.57925035980226
3.5385529050777
3.60047334894378
3.5340928749722
3.58041537825962
3.58167086198044
3.59725803408591
3.56120034864899
3.42002989536622
3.60115337639608
3.64025150828603
3.50065484277653
3.54689088969913
3.58247842370949
3.60637546655906
3.58953762739093
3.37093219240244
3.60869620077473
3.67226923126308
3.60764922549069
3.66826565425955
3.5582761023191
3.51062393361729
3.56924459309364
3.61668226308202
3.51826792963464
3.58895205109865
3.66037832441703
3.50984843836289
3.58256817527026
3.51645108936212
3.44786015672092
3.66009726132582
3.49765803666426
3.66600866511139
3.68532955350815
3.42917436032709
3.5702693930542
3.68376310569566
3.61416855167882
3.61832949571114
3.57379384457746
3.54416575790622
3.54157637298
3.5658180186021
3.71703728734258
3.60492084299687
3.62539296217422
3.48567946374162
3.5023696102083
3.55739554024071
3.4412882648473
3.65256124721604
3.49093209103183
3.54605547661704
3.65474735126324
3.37488240827846
3.54552979109788
3.7532530372579
3.58983339170461
3.65316565260559
3.55550049554014
3.58346859782744
3.60065466448445
3.59228788544872
3.53038476256311
3.65317800940119
3.58449892214368
3.50730893750613
3.55739091497089
3.50911514054801
3.49808032177464
3.62424074050689
3.51225004283232
3.64449072369173
3.64907819453274
3.4296913277805
3.57726009298383
3.70844155005104
3.58369232690267
3.61944157187177
3.59032738281397
3.56446464721736
3.58633444130658
3.63391484441508
3.68618454122469
3.56053532524121
3.64076125007956
3.41508848183794
3.52859892414746
3.50434367073873
3.49958396554256
3.52294843684561
3.49723034030741
3.59829898593392
3.57607282184655
3.32946635730858
3.53117771543875
3.75467699311861
3.59559007767477
3.62824448785934
3.59125040809664
3.63890832750175
3.59377748737152
3.63423808071567
3.64071490401752
3.62718614059785
3.71076771372595
3.55690424963001
3.56186562052432
3.54728682170543
3.53352524740854
3.65079566992737
3.5173292808471
3.66688812797056
3.63130258746125
3.36846552897819
3.56433184302037
3.64805775879601
3.56809846459874
3.66183525569052
3.5713839737266
3.62213300573715
3.52082333099433
3.54464894342195
3.65135904605053
3.64670330370918
3.60006545573556
3.47454229587064
3.57996720449624
3.67831466309982
3.49931720639875
3.57307371487619
3.56725582320332
3.64991352121274
3.59518470731188
3.35982955011063
3.5410240592227
3.58194798063002
3.5382301452277
3.66810664349071
3.63217576187101
3.63226769939504
3.56710777404991
3.60623904573367
3.7304672214541
3.58243354961545
3.62833654724449
3.54957616074864
3.47041050345221
3.63640987170848
3.52729335734195
3.62052814137783
3.50468721279333
3.56710777404991
3.58989807701963
3.36150256814095
3.64828492339877
3.71476815170801
3.55173612835925
3.64591300800571
3.59644379613445
3.59703181989687
3.48959223016667
3.53378720670184
3.70695667898014
3.69269566783752
3.53827376622736
3.50166542623931
3.48208002717721
3.57351860844446
3.58011601072787
3.5382301452277
3.6917931566761
3.42367705301331
3.60542073747242
3.53182345822322
3.51865749683198
3.7246858110308
3.54821100689792
3.55544505221283
3.70552719546008
3.64437988200364
3.68851401893265
3.63816768645609
3.64222442193964
3.65056348418937
3.65121920081706
3.66685471049797
3.59463569749758
3.66798337864875
3.65261813537676
3.481860238617
3.57875769558036
3.56777525510841
3.6094248898873
3.57911598338089
3.51316823899371
3.67812544208238
3.49547787826937
3.69853093316781
3.53881561038382
3.58805153746754
3.62622036262204
3.57254387608519
3.57763850839995
3.59857063767678
3.64178116205926
3.66539787509452
3.72158388528153
3.65516626548988
3.70485116050913
3.60792990307617
3.67184490948774
3.53728371241636
3.71824540419668
3.67774705844532
3.57558103191769
3.53374354412237
3.48933678200185
3.62681816452566
3.50933163183921
3.50001223780503
3.55535665448398
3.3938530912543
3.68613703149972
3.58913220806927
3.61910787725403
3.61229696617576
3.51135666052793
3.5385529050777
3.64781959873984
3.64419413616034
3.67803083887396
3.6197033362021
3.64090029534576
3.63876943433675
3.58773646444879
3.77547787517161
3.62580661519543
3.64549475482136
3.59188184466995
3.47369827408208
3.51995667745628
3.50241250091846
3.61544782251438
3.52633655553364
3.57951914291793
3.6878006008794
3.49146666015577
3.61221308254858
3.53931747056778
3.59055118110236
3.67561711676855
3.56593220975189
3.58576263509518
3.63872313897123
3.63414572161936
3.70073238270231
3.64777307280241
3.58996321862246
3.61436615431441
3.49774794123784
3.63024953188888
3.63029577357145
3.54886176750627
3.5999197230445
3.4814464378859
3.54960793529077
3.56167783569124
3.65065635494047
3.55409153952843
3.52545204402516
3.68544058350669
3.51676898381306
3.65672786784637
3.5113135504782
3.56435149989407
3.71221266046234
3.66859503072128
3.54772684984184
3.70466321243523
3.58526281480739
3.63461367982473
3.71598000880441
3.5684429860132
3.59255863030562
3.56764173891349
3.69704882431262
3.64326569088292
3.69537690260227
3.64424057084608
3.39244410177332
3.47142146212388
3.54416575790622
3.64076125007956
3.53147457585262
3.63183826890842
3.593822646109
3.49923187592967
3.74575982607101
3.55708120343768
3.56009211427149
3.64386912649067
3.63151545933591
3.61293582617484
3.62305071004193
3.62553083602713
3.63202275728944
3.67831466309982
3.5904839620865
3.65705517550029
3.54561570980499
3.6349309236029
3.51848434520514
3.66539787509452
3.55067785668173
3.52629307687565
3.57925035980226
3.54724282489519
3.66807746569193
3.58153630375435
3.6063299918038
3.64991449501008
3.49633251833741
3.73802459777025
3.58931238312772
3.58881694523917
3.68471230900049
3.56399616185029
3.55098645410412
3.61261636793108
3.53982300884956
3.64433344376768
3.68395290723137
3.56530597033467
3.66685471049797
3.53217240953439
3.71945430663389
3.63779747898091
3.62654223146469
3.58346593827918
3.49877053692671
3.4463229180474
3.57334732686133
3.69805270371616
3.47390924108444
3.48980513220993
3.62672618217325
3.49069960455011
3.69346798563938
3.55593131830559
3.55756791720569
3.66779521904176
3.63096220498432
3.58634180596135
3.65359802756806
3.65813102760226
3.67727418836387
3.77737274480281
3.6592543309706
3.57692259589529
3.46456692913386
3.60364900962653
3.55120691367835
3.64543361473523
3.62153095455932
3.54905794304073
3.53905376878182
3.40046771345392
3.5695945692063
3.51063043531817
3.43369356995699
3.62572355448127
3.4332799267567
3.68841320581346
3.4951313433568
3.50872873217935
3.67173408915228
3.49907918968692
3.50519014119152
3.65244136870434
3.66451081995037
3.63270196548296
3.74045200409481
3.65038297000282
3.63984674329502
3.55645402815214
3.63163729500363
3.53387560757861
3.66337901882926
3.68975126432036
3.5426731078905
3.58090849902339
3.46196678448652
3.52130017237134
3.46645657838919
3.55358962252429
3.65317800940119
3.40947022078108
3.6431728723743
3.56128903720675
3.43341456680152
3.67992382815013
3.54403400289966
3.52838126256832
3.62884295738013
3.68542453255673
3.63835281845128
3.73324283047684
3.70394353428738
3.74321052287154
3.60215121478141
3.67628155689238
3.55694848643136
3.61317477623672
3.53098595039275
3.56112006597443
3.58094185053023
3.54653902432975
3.66558578880587
3.55805476418557
3.62829051696797
3.63964927016124
3.46704488974555
3.69271433939284
3.53304325188739
3.5493673408389
3.71006795282356
3.57900817520815
3.57389178004891
3.70341493840636
3.63998620636806
3.60691008036449
3.67286973555338
3.62498569084596
3.65651822485663
3.54945575011831
3.63571419459363
3.49431713686688
3.61691095569916
3.60610263522885
3.53265233019183
3.60383064516129
3.58413955586746
3.72614161943847
3.5271628537954
3.53169261925637
3.65303802480489
3.42236262684281
3.72686995048215
3.5022409443805
3.54052414612709
3.63909353488313
3.54065564028919
3.57477657646397
3.63474613967084
3.57486594252715
3.49048659335831
3.66685471049797
3.64321928103743
3.71173088653265
3.65369137805486
3.72105126203487
3.63548538814527
3.68319381841597
3.65733577155718
3.49684550300778
3.52703235990529
3.53973538621483
3.65033376303463
3.47374046543264
3.54543989487647
3.6070577255357
3.46754931558336
3.61470062218192
3.54010681994795
3.54255384805283
3.71684624948197
3.57996720449624
3.62842861130141
3.73455903476013
3.62057397490917
3.65149890199683
3.58922229333735
3.64154931370801
3.6158592090624
3.52877307274701
3.63982244768548
3.62726388028765
3.69175766525473
3.67613863557212
3.5470702444367
3.57026532708641
3.59630526953362
3.60837142169834
3.45828295042322
3.47838777942643
3.57491062723432
3.47390924108444
3.59300996243671
3.52199399044382
3.55389872631252
3.66765411200451
3.49525993696268
3.567137278462
3.63738465661813
3.64566677326511
3.6803161197846
3.71674491392801
3.61837527359219
3.64693580882915
3.57116100192293
3.71650596460223
3.46444102576527
3.66535089967704
3.67543115634719
3.52225424271534
3.5645736221552
3.53199792525996
3.64479787939032
3.47614706776056
3.54865126436211
3.58652170096435
3.39784486343277
3.65024058403849
3.53689001014073
3.50778212502913
3.63027087405753
3.54966427126385
3.54192725426332
3.55818756376123
3.64991449501008
3.69982277072742
3.73095387184304
3.62718614059785
3.65243154883531
3.61668226308202
3.80769794038157
3.6158592090624
3.70581527936146
3.64847108650448
3.54456108171081
3.44234079173838
3.56526168026932
3.68738195880925
3.63899173302226
3.53840463567994
3.66651336297205
3.51199216837983
3.67618704851024
3.56777525510841
3.68271954674221
3.65000765735872
3.58481342675574
3.57674366253549
3.61887890674427
3.6385379692887
3.59431946713585
3.68044474185412
3.66126864238623
3.63469994662329
3.56826490000125
3.60228732649822
3.63608624898291
3.69872225958305
3.66704277361781
3.55367793240557
3.56026938541783
3.5156298017234
3.62870483150629
3.47167429382989
3.54500043382872
3.62387704159856
3.49539243724182
3.6297179988324
3.50400019602798
3.58413955586746
3.59553951950517
3.52877307274701
3.59585596459465
3.67354278521335
3.62305071004193
3.6365485847977
3.69208525360495
3.6742506969514
3.77862040719259
3.65024058403849
3.62282124037292
3.58122237387461
3.68014771882133
3.62341712222405
3.53282946404392
3.61047162571863
3.50662838291893
3.71304741574487
3.52735853694509
3.54360361027768
3.69207811253763
3.49906122747555
3.72306614604278
3.51927014996751
3.59154048304342
3.63862264820731
3.59924252875005
3.57142857142857
3.60584473508977
3.65544559499701
3.58552795962221
3.59982941574894
3.69611971821917
3.63590295813011
3.67774260927509
3.69060631389442
3.63640971060767
3.6117039413035
3.53086419753086
3.56768624320144
3.55495891909361
3.47843008477153
3.63835281845128
3.49829977738092
3.49325776822357
3.51398837680768
3.50717990851901
3.67107195301028
3.5541920760223
3.59594226304633
3.59576078728236
3.47891897170479
3.56120906171513
3.71354858885154
3.66389525871456
3.67878780083094
3.61088315131621
3.65534578288529
3.58833601933924
3.61973709277958
3.712629453527
3.52173590687789
3.60548234318664
3.71795370046507
3.60507473935435
3.51255094422754
3.5184504106902
3.66726296958855
3.46748178665926
3.53330789023354
3.61069873940065
3.45092946636847
3.66431774503523
3.58755644756648
3.57410647338166
3.59834425837622
3.52986189106797
3.55951332647063
3.7239840141174
3.60001003487118
3.69673862641043
3.75006533214864
3.61429093152997
3.73514431239389
3.64582005455983
3.6770850743774
3.56764173891349
3.69531068936214
3.61315338906234
3.59140565364834
3.50590017346266
3.46409173204587
3.5987460815047
3.55602914209248
3.56411052468178
3.65996735360131
3.51750171585449
3.6611749043102
3.44545104086353
3.59608203090619
3.66122797841534
3.5543556337156
3.57828591377204
3.65316565260559
3.68189457209201
3.60607126702518
3.68577189309977
3.6877530494881
3.66699575602939
3.63645610822907
3.61563064942289
3.56155512938656
3.62845619935017
3.66015405805234
3.47318867764695
3.50226365821812
3.55184832246328
3.66043415044767
3.57245104995208
3.57436421152265
3.67298881466124
3.5140562248996
3.69792941722178
3.5279655808236
3.53591977035002
3.71002352697846
3.54124251958788
3.6523753165604
3.65339816948203
3.62749311155489
3.68066688041039
3.66730983017928
3.61825516893596
3.6447684238599
3.63038390993612
3.62213668202183
3.63475177304965
3.65696165304896
3.62810640754037
3.57674366253549
3.61398587260068
3.53584056573449
3.60564800806858
3.60683027719626
3.56040235036351
3.65808423826151
3.48101265822785
3.62813511326861
3.50465863159566
3.58718612121439
3.64375039674982
3.58516963973417
3.56145684680772
3.62020733914761
3.67458114914174
3.64535535841746
3.6665256464495
3.68335942914346
3.61392684001763
3.56097076778004
3.6042598081077
3.61242573758937
3.62502534982762
3.64791265417533
3.56902188833704
3.51498168768282
3.59617246538998
3.70236122618061
3.50189788171911
3.52490232569605
3.75781783780943
3.4597053202042
3.69127085182184
3.58007135194471
3.5991071204635
3.68487276275582
3.59563512446911
3.56105913591582
3.6502849002849
3.60883280757098
3.579339949689
3.60147081045686
3.66384537806544
3.64518505347118
3.63857651786959
3.66960746707582
3.57743845434715
3.7406646873406
3.70116340765856
3.56297495951165
3.56199870472774
3.55501604092604
3.64847514079046
3.49280142146065
3.56747753234969
3.70064729091987
3.4596236604506
3.72243839169909
3.56823154963199
3.60661505981703
3.72861910721736
3.55297157622739
3.59997482535087
3.59255863030562
3.59395812913117
3.68186616545225
3.61060963755034
3.6917931566761
3.71107892831282
3.60656973748696
3.67529357527949
3.59770849786269
3.57925035980226
3.58935742971888
3.46037507562008
3.47843008477153
3.52690187567054
3.64772654805178
3.63613247727417
3.575
3.72390984492389
3.49761526232114
3.67978178636679
3.60937933819632
3.63429150310244
3.73944196019979
3.584229390681
3.60196974849183
3.70523915634555
3.64039051461884
3.67755789581967
3.58517292818372
3.5008690968737
3.62263768556518
3.50361386745069
3.62981013300843
3.55584289639567
3.68898978433598
3.68314638575163
3.45393942321627
3.4805890227577
3.47526003693983
3.59522313010685
3.56372970480854
3.52816362784042
3.6939927411751
3.47876856458224
3.65317800940119
3.54781486856958
3.5833761417313
3.69141809827433
3.63396101750908
3.54957616074864
3.70111551103864
3.726675701032
3.61736842770955
3.63826025009859
3.54913567377735
3.64359059291156
3.56764173891349
3.55473799343741
3.47692420305237
3.70523915634555
3.7428676124169
3.53487912196569
3.61608779760023
3.55925031734574
3.61247947454844
3.48529716423549
3.42909212987387
3.54262922545243
3.47188501505293
3.63054737483497
3.42113447690136
3.55372208899216
3.59848008253856
3.54069947384711
3.63368399654419
3.6892277130658
3.74551454988344
3.68946567248897
3.68599450967251
3.65670310628647
3.66899760939877
3.6289149923502
3.66216233459659
3.57276235528445
3.63326854427887
3.68570949907857
3.5941387890517
3.62392295995945
3.57602810808107
3.5650623885918
3.55253024619283
3.51472250897115
3.62098652891725
3.47695000972573
3.65856767712822
3.49050752222614
3.60892801005973
3.69093855294632
3.51027397260274
3.52864245968588
3.57245462607892
3.67878780083094
3.58553250172381
3.66084685883979
3.60742170255168
3.7008281573499
3.6349309236029
3.68066688041039
3.62529368668368
3.63216113587585
3.57428514297141
3.51096870818448
3.52381656440206
3.49859933697873
3.59088968686437
3.49620429568598
3.53047192287277
3.62139917695473
3.51662404092072
3.62700214322854
3.55013483090473
3.53783760462507
3.72790211334381
3.62753896128519
3.59219764623133
3.67987647967061
3.63400719177647
3.69413588220098
3.68366821226172
3.63830653368614
3.65261813537676
3.47475336540798
3.55650616792678
3.5814017556382
3.73100373100373
3.62108556864922
3.48381301513698
3.54028149555306
3.5306564314536
3.63677834659638
3.52449957018298
3.53052613450444
3.66745041913719
3.51349697006794
3.65149890199683
3.53029760655697
3.63299162887593
3.62580661519543
3.56574893151774
3.56752187748608
3.70518596935153
3.7153546416042
3.63959165557035
3.72654677660196
3.60865574430096
3.63544239660523
3.60516531001909
3.57951914291793
3.61947429034258
3.74134976387635
3.68623205217436
3.34969138332884
3.47167429382989
3.55191256830601
3.65252483972312
3.43820251734128
3.55006082272039
3.64986791561914
3.41525160612357
3.56915550785589
3.51178781925344
3.53064625640393
3.67392030419032
3.58814156849461
3.61293582617484
3.6793557268014
3.74227991206951
3.66028463192383
3.69065593021305
3.66524909645863
3.66076097909412
3.58324489668519
3.60394298989138
3.58845671267252
3.70893906187185
3.6794977356937
3.48899624261943
3.62681816452566
3.50198364108341
3.5973937762572
3.59278428219688
3.51614846506596
3.61604207758054
3.39776412863982
3.62799752234316
3.48546306866484
3.49203645345371
3.64513875658856
3.56057316543639
3.51027397260274
3.60308333542572
3.71482564912371
3.64125401235743
3.69702434625789
3.60299286933815
3.76749192680301
3.65074923041697
3.69978858350951
3.57837514338437
3.73139179613859
3.6180548527477
3.56439592213166
3.49782914449948
3.52994902556127
3.66520998064872
3.59097986037868
3.55504729704533
3.65948843934334
3.49304444471585
3.73158585897986
3.52432644841221
3.53317739751323
3.69726247987118
3.54798432458493
3.61115305249383
3.51040277896694
3.67209590951546
3.6166593157331
3.70236590211306
3.65591123906093
3.72456395348837
3.62529368668368
3.70107679411954
3.5505740300871
3.6555126664792
3.65219834246383
3.51273674126115
3.49156913793523
3.52527882867391
3.63636363636364
3.53901548781691
3.58889069514437
3.65386329204171
3.56796538949253
3.60064234455763
3.55523623120184
3.59207990187489
3.68520397026156
3.63065946438285
3.60874649498925
3.67487003508413
3.62135971331954
3.78104209208879
3.68998929128982
3.55294758473842
3.61360832011281
3.54146100691017
3.66932596911118
3.62900676487324
3.69812001494711
3.69146076375937
3.48165760869565
3.58114347034015
3.57125080881987
3.70456422965717
3.55066188296425
3.57365209811979
3.65516626548988
3.48110861786646
3.74093991115268
3.53625893273741
3.58748863339105
3.66598778004073
3.51798692970134
3.60902255639098
3.6715493173213
3.66893002280342
3.63104543849917
3.68423072494915
3.59142547168635
3.6453389026011
3.5747089342899
3.65125448483081
3.66267756991517
3.65702926897641
3.64166983885294
3.60190763052209
3.53261204042194
3.68014771882133
3.66421959782956
3.59680673743311
3.62648471063937
3.58185857274792
3.63862264820731
3.68241422669301
3.38164251207729
3.55920432561139
3.6106078904992
3.51651044538381
3.56645789839944
3.56353522560779
3.57935696290938
3.5464498430665
3.60421454495222
3.61288048541001
3.66066759352559
3.55991069213595
3.56366797044763
3.5410240592227
3.52909350253308
3.53522289149206
3.67425842711014
3.53735795104395
3.56141265232174
3.7093522204415
3.35151168357993
3.47980018429604
3.67045222017598
3.55585290910893
3.66829417929906
3.54211663066955
3.66384537806544
3.61893953722968
3.56013148917695
3.57218425998531
3.63337131282441
3.62204525663516
3.63070539419087
3.5786233561481
3.59499717176796
3.56275303643725
3.65117258811965
3.52199399044382
3.64614541235865
3.64870381710553
3.38561704646345
3.56692982127936
3.66272219660878
3.5999295118697
3.63650234592546
3.60924269002158
3.49894175363046
3.44893888047684
3.54987136354641
3.71105661307693
3.65775674638701
3.66582070804173
3.54640709281419
3.4615104331139
3.57593868390452
3.54935590359652
3.64284804483505
3.47496446059074
3.59093477305543
3.62631231931836
3.37813895254069
3.47007364806659
3.63923245279177
3.56679636835279
3.7229888049987
3.65588648855938
3.58625186522715
3.50726592678889
3.55858602197365
3.75934925271472
3.65902025254916
3.7374384172079
3.51580267250175
3.61471669973838
3.6512136786932
3.55898364355601
3.63631756328713
3.55810118892649
3.64171604765953
3.56858649159455
3.33527019174898
3.54132991128166
3.64351910625873
3.51487391767602
3.58127753029112
3.58588635114199
3.58226094337032
3.55889537839614
3.602269304147
3.71694252337659
3.63216113587585
3.72352198310094
3.4892942109437
3.58445399741819
3.60643377733099
3.55167250361974
3.71939919391418
3.51353998335047
3.64750139799705
3.59689689313331
3.34561223538189
3.57641311933008
3.59761830147289
3.51470174020598
3.67096864967192
3.58315542404834
3.5821715198642
3.57886598580923
3.62355436594111
3.62236526568219
3.55307954193748
3.62964930252558
3.46806839465893
3.52844269046829
3.57388316151203
3.53003616435651
3.64633135717473
3.43898802366409
3.59170141156377
3.56884374454067
3.39925834363412
3.5979821107323
3.71563685496025
3.61718542501929
3.76330644630709
3.61047289620522
3.55288330144848
3.48398099646729
3.53474394659704
3.67736875265195
3.67349560079635
3.71221266046234
3.60569346562614
3.56066831005204
3.65602669155151
3.52616264733442
3.67222207955625
3.55438456949692
3.65902025254916
3.54737481860015
3.30586154681955
3.43832652079827
3.57737000763005
3.5376337435834
3.64164204950596
3.60714871290375
3.5779070494777
3.56364089464831
3.63225339412489
3.69513818007985
3.57929515418502
3.70595933811048
3.61868000711039
3.60878263732368
3.65075705172546
3.52025691699605
3.67718211728276
3.52160535778275
3.71892738304952
3.68459837877671
3.42745814893208
3.55876314315934
3.55588710680095
3.51874407903641
3.60038269802105
3.51416108619525
3.5162781548146
3.53920974148919
3.52021662871561
3.63484384102941
3.52783548240384
3.61766225908512
3.59902348174062
3.64103935123299
3.62149088929128
3.54140095840711
3.74934452018878
3.48249619482496
3.70783312158063
3.66741895773492
3.46351801392673
3.62167432790082
3.63299162887593
3.5333506294553
3.57739386233889
3.47411361683069
3.54526700678171
3.53165569433335
3.59163037493117
3.64645973540776
3.6179909359806
3.566646226238
3.53685778108712
3.4456077568489
3.65644736505664
3.51454974439638
3.64968160994347
3.56049099917835
3.49142403711164
3.6036036036036
3.2779745326594
3.55876314315934
3.61590492445793
3.53282687913038
3.58602703312686
3.57446383042544
3.59481642554582
3.50773910270562
3.69065593021305
3.62669245647969
3.59694070727213
3.50872888321822
3.47247517058838
3.5874664458995
3.650520135299
3.53535977848375
3.54236595365198
3.46738115732939
3.65775674638701
3.59490679638498
3.43816118484324
3.55637349382609
3.68039737996886
3.5602250659762
3.67911906967171
3.6108375628109
3.52611917296478
3.57125018730333
3.59463569749758
3.68366821226172
3.69609325527598
3.68751531092459
3.52025995765841
3.62259179976947
3.62020733914761
3.48020783898563
3.66751301582416
3.5527950310559
3.68994168343913
3.57419580594366
3.31555761650823
3.56230927321417
3.57660947426342
3.54931185544621
3.58113268973116
3.60555709639192
3.53356890459364
3.5350101971448
3.64875036678872
3.64786612586414
3.61713967723984
3.68215058193429
3.59337110979885
3.59802737520129
3.57839947950553
3.5376775023502
3.69594996252358
3.54680291681135
3.66596167403704
3.66666666666667
3.35020148064849
3.55125100887813
3.58135690851261
3.56741923412748
3.55425205363689
3.58288234115053
3.5014262802855
3.55876314315934
3.54601135715526
3.63991477272727
3.6727067977068
3.62985620185046
3.59870647892995
3.59934054040448
3.52233676975945
3.53387347009136
3.6728478007704
3.53565840858414
3.70126771643389
3.58364757885273
3.38703015282941
3.6440279841034
3.68553523731251
3.58320015980823
3.66660704703988
3.52393698660413
3.49411965229248
3.50761408912029
3.59212486075823
3.63691660436177
3.63871491239192
3.66300366300366
3.45364746229366
3.53732746252412
3.602269304147
3.52579852579853
3.62300545344375
3.47108837366811
3.66370506535948
3.65260773283783
3.33732572066467
3.51040277896694
3.61456404831173
3.54658131804308
3.67599969259933
3.55510411376333
3.54259757572765
3.6001003512293
3.6645003128232
3.70615143386593
3.66803042156699
3.68608952299939
3.53557830193344
3.54847514826671
3.63738108561835
3.61938268011491
3.68932289315153
3.52538027266228
3.59576554602831
3.61261636793108
3.36716192987826
3.50894412681275
3.64256966732895
3.51506808908117
3.66478728856996
3.65775674638701
3.41570027827209
3.54785887957128
3.63151545933591
3.6388071812557
3.56694547669057
3.75202635569733
3.5403688398199
3.5489495356688
3.63488987676837
3.54754576581254
3.59568017239219
3.58624481431499
3.67407028099597
3.65507316514054
3.42858508147369
3.59766339910246
3.66052752410591
3.49156913793523
3.65153886280647
3.58490094681356
3.52039251763263
3.58965379227537
3.50581452164566
3.65981624139431
3.6768014398663
3.60915159698648
3.54887143406668
3.52138688468073
3.59351914456715
3.58154568030649
3.72674033579618
3.49522603273578
3.66132139257785
3.62799752234316
3.36502948797617
3.60484833260064
3.70845813721295
3.47547119369068
3.64127113465064
3.55867458036259
3.60428481411468
3.52203736315161
3.61590492445793
3.69065377295407
3.61743426857244
3.71247105695474
3.53026556945521
3.52865960115081
3.53025403016763
3.54543989487647
3.66619664145622
3.56621818771276
3.67656511119681
3.580998171938
3.33971694147321
3.57214228617106
3.62355564565173
3.56066831005204
3.66154988541653
3.53278324027867
3.49834256846843
3.58028091434866
3.61092588165725
3.62167960123667
3.63327931942475
3.7092084006462
3.44388979552654
3.5453108014626
3.61435124922595
3.62332611201905
3.61593025160323
3.41288811197127
3.68132784340888
3.70801033591731
3.27427469681585
3.58696195570664
3.66716925199969
3.63222173005126
3.66267643380382
3.60493889188952
3.5486423660913
3.56110332162843
3.56291588042507
3.57227318554661
3.63788470313847
3.69764355746808
3.51991758241758
3.55589696571719
3.61711513012792
3.50234913661602
3.60938187763315
3.44997535731888
3.67289480419759
3.64162363121899
3.38830974109536
3.52398025588763
3.58342385536452
3.56242940307585
3.72036348080837
3.56433184302037
3.548554613121
3.56242940307585
3.51233600939886
3.74262271484094
3.64661030996188
3.64544828816886
3.49359914003713
3.50026925148088
3.68167657887284
3.5649290753621
3.5600034853181
3.45652751927679
3.53947254433622
3.59807264080919
3.33948296396628
3.45803206538824
3.54447322435524
3.55889599561982
3.69671431895148
3.62962586933347
3.61229696617576
3.69427903432063
3.62332611201905
3.66094058011828
3.66164364269528
3.67325969689186
3.59911406423034
3.50928857149869
3.65934797072522
3.60492084299687
3.65766318804993
3.47045261497391
3.60810435747988
3.62387704159856
3.37264150943396
3.57432981316003
3.59097986037868
3.48971996827527
3.67472278970564
3.52173377662849
3.5546054512236
3.58949257627672
3.73626660744379
3.64444444444444
3.61215294384172
3.63512007295572
3.57213979886488
3.57244749866653
3.6336013167057
3.59595048363655
3.60159122567044
3.63576477742025
3.40919889765276
3.68458891798901
3.55616132829441
3.58185857274792
3.64388918514004
3.57877673171644
3.55272767785301
3.73469361198225
3.62799752234316
3.6393147436629
3.68615060558189
3.6843997124371
3.71323957511224
3.56854211998757
3.67769548168841
3.64125401235743
3.63793629795461
3.73012664171221
3.55708120343768
3.57768326244684
3.59599160097067
3.64622647544234
3.51379008494742
3.46117412741979
3.67722956234517
3.41415496669701
3.66061257663608
3.53095138151559
3.58508304606706
3.66469337023654
3.48483002315097
3.49189294784138
3.54711084101254
3.61869575119569
3.69733559137978
3.5687546793112
3.62879691425381
3.70317618572853
3.65168539325843
3.71023818172383
3.60314960629921
3.71611964346041
3.64893657739956
3.5684429860132
3.59093477305543
3.53413654618474
3.52438107678468
3.4965034965035
3.48631681599317
3.66262838408934
3.51541373715522
3.69326590227644
3.46208593693455
3.56588184133689
3.62067442945993
3.61588469485461
3.53936464088398
3.74282733437663
3.58221623105919
3.68035001930253
3.72415229959894
3.65861431576264
3.65177117263844
3.61556582975346
3.66426638067514
3.55241985394232
3.66056572379368
3.60683027719626
3.59481642554582
3.5404364887783
3.53859668658674
3.61599635871695
3.53969157652417
3.53750247377795
3.64489078072031
3.42707871496531
3.5687196130364
3.51345395783855
3.57632398753894
3.696262524792
3.54233522587015
3.62145110410095
3.73173141935819
3.56061733908987
3.66305041480536
3.69767020918987
3.63171614405386
3.6498206882519
3.6172518968516
3.65791486107571
3.58020533163679
3.71391228955575
3.61716071788667
3.49216392485155
3.43729040912139
3.55076602190053
3.65089293692636
3.57191921967303
3.60592077060796
3.67208063170058
3.45941238372867
3.66440673637977
3.56934097777557
3.66492146596859
3.65838113448056
3.56876398905745
3.55774832959377
3.63825363825364
3.710407239819
3.64180846879084
3.59671658625227
3.53387347009136
3.64921738909304
3.49697213388408
3.54548599100657
3.57926768432605
3.68618454122469
3.5868815451182
3.55752366499571
3.61830078543602
3.4425479669708
3.6337763321729
3.56555128908393
3.41696535244922
3.64944875459371
3.43721081159037
3.65649411253308
3.53199792525996
3.51442018211086
3.60551164227273
3.59585596459465
3.55637349382609
3.62305071004193
3.66788929643214
3.67656511119681
3.71269455947451
3.63017871649066
3.65873939797106
3.53396186781006
3.69394502996487
3.54741881868473
3.61074862854899
3.62858561552271
3.5678517776665
3.59889381369095
3.57914301501984
3.66168591728444
3.55144612393924
3.54751176280216
3.57837905706573
3.3994942506799
3.75791659001918
3.53999826713371
3.56688533586092
3.70025358381204
3.51506808908117
3.50018357606168
3.64150294758018
3.63705972434916
3.59199929420365
3.71374214901879
3.61293582617484
3.67623430209391
3.6135749121876
3.62194952066158
3.63895462757971
3.66351979709736
3.64619189678472
3.50391433787045
3.56120034864899
3.46696083304038
3.60464823170578
3.58998820073808
3.4901458295198
3.62888900167487
3.43878127667761
3.73037329728605
3.5451794206658
3.63737753951054
3.6500063588961
3.53927734615859
3.58960889522594
3.63562660721298
3.66515548177
3.70250501650592
3.71679575817435
3.64023794726094
3.69645295072255
3.53022214568624
3.54522321318279
3.59347415077566
3.66487466639425
3.63876104623889
3.56641357970997
3.51944277533202
3.61734308041341
3.67788399928236
3.59779869877524
3.48601343390543
3.66763788784951
3.40563888361496
3.76344086021505
3.57045109601652
3.48567946374162
3.60997159987378
3.46809594257027
3.64814531353641
3.56937822928887
3.68475978200652
3.74004717411418
3.6807612891642
3.66665389086914
3.61038078824551
3.62469846802814
3.67571721311475
3.63309534659983
3.68196096606416
3.55739091497089
3.5050308222116
3.57365987754592
3.48695440136552
3.67099656004518
3.55032523958489
3.51913375169189
3.7602387620137
3.48020783898563
3.73386761032473
3.50684261974585
3.59897819220557
3.70408744754701
3.57294555630512
3.57370453210711
3.76310838015289
3.5603137059629
3.69661875710888
3.61184077591433
3.5357531401444
3.63052168193088
3.59901685393258
3.69559618851404
3.53513580094845
3.56737473650073
3.59409362236883
3.51290932763407
3.56151077792859
3.59540391723028
3.62916529198284
3.59486161039745
3.5390783546998
3.63243792468407
3.43007915567282
3.64726963107931
3.61380321198873
3.53470437017995
3.74237784931041
3.68276696841319
3.47230653424957
3.61425989814358
3.67085520658187
3.65443835371385
3.7376826367652
3.60401229900701
3.63590134757183
3.61925899770486
3.72466062761181
3.52948410502367
3.57437448446522
3.62341792198249
3.56528459946645
3.56368529917512
3.54561570980499
3.60710321864595
3.54970832816185
3.57920556654068
3.73290174376109
3.41138160955187
3.67402324747811
3.56146642757521
3.55849746799219
3.67278797996661
3.62829051696797
3.62181191905377
3.72653002723233
3.66991312828014
3.61485376273414
3.59070935342122
3.6769416045302
3.55721917180005
3.54290369968027
3.6691383277934
3.57864285892416
3.67694325165205
3.74389653231402
3.77020221993725
3.56995743512289
3.52646699794084
3.64113206105898
3.60919714292925
3.68532955350815
3.58041537825962
3.61289018582383
3.58863681991568
3.34201946784767
3.52503266201592
3.52377314786294
3.50378555852302
3.56155512938656
3.59061919349169
3.54170794531405
3.59278428219688
3.5977558054696
3.68866154281161
3.69764355746808
3.67162613379047
3.50461583549065
3.61752546132903
3.60992603438265
3.57044767920901
3.67373153500321
3.61563064942289
3.64972818457926
3.63622493738319
3.42347285675092
3.58405035153665
3.62337137662862
3.52961432506887
3.58239508700102
3.47684927192111
3.51560586015973
3.45608246429518
3.60548234318664
3.65186410484795
3.6440279841034
3.65614410558231
3.53574552487957
3.55453171831265
3.56756622372494
3.57770602974358
3.60294763799792
3.54482911947433
3.69117590318058
3.64972786001323
3.34979049219744
3.58830736915806
3.66656020440754
3.51961541763241
3.69250562881956
3.60647909624398
3.47718626572003
3.62172530412397
3.5679210333296
3.65626038710337
3.6241066450403
3.65401814232784
3.54728682170543
3.62016151489836
3.63798257330026
3.59174651814083
3.59961234943929
3.53636521007988
3.61243384572634
3.52724985508676
3.33310024939981
3.50619100159372
3.6650221054655
3.55548925272567
3.64382270127024
3.50937469323648
3.53077701785141
3.57737000763005
3.59852535953798
3.66951362962205
3.65204998345761
3.66998286488837
3.57196196545029
3.61775346333716
3.66127468490075
3.53161223635961
3.69512038109952
3.60344524521005
3.63240561440812
3.64773319437207
3.32006848364259
3.56035231360873
3.5524638255208
3.48005335273433
3.55589696571719
3.64810412985725
3.54355985776373
3.62145110410095
3.62566007226054
3.70701611126233
3.66464068644977
3.67374107165715
3.58709645164919
3.55145275454141
3.60038269802105
3.52572795187258
3.66582070804173
3.55389872631252
3.68827618224727
3.67869316354749
3.37037604440411
3.53287051906021
3.54464894342195
3.49556332347405
3.66295674893377
3.57830993669144
3.54052414612709
3.57241000274801
3.60074532910309
3.58292722648861
3.64568063327767
3.68167657887284
3.51978339794474
3.52920851946001
3.59310024247145
3.4962897764086
3.59707706045856
3.54882739794019
3.64275524760546
3.58265793132821
3.25195856595449
3.57942954406078
3.6718920515092
3.5904839620865
3.64512305476606
3.55858602197365
3.52498921550502
3.64372985437821
3.58391498853398
3.68123340558983
3.64926378963965
3.61488273673073
3.50963008254356
3.5703622611465
3.64582005455983
3.5185276315142
3.64889002296504
3.55880742621074
3.65103275716802
3.55982238098782
3.368900470707
3.51156246176435
3.63853038870154
3.60666038328621
3.55483990834211
3.64361161893155
3.52034933640802
3.66188197767145
3.60141044785484
3.68998945717298
3.60493889188952
3.62053740380976
3.50521507608881
3.56004316707394
3.58266340440405
3.53801205636164
3.68747671236397
3.5792230467045
3.62067442945993
3.64093065739731
3.32533861679817
3.59450929312159
3.62135971331954
3.56583753696295
3.66951362962205
3.58718612121439
3.64236309410496
3.48372843911972
3.50470142874588
3.63863055177415
3.56773074859973
3.66351979709736
3.49851374328738
3.59495198350847
3.59803055169802
3.49097857641568
3.66464641287495
3.4521467283064
3.64136385628072
3.62612841058931
3.3826138379657
3.53352524740854
3.68642210822098
3.60869620077473
3.56168819038842
3.58805153746754
3.59820844446681
3.51636461996213
3.58225406448057
3.65591123906093
3.60362622736747
3.71170285684725
3.56814282517343
3.54802818642601
3.61079197545672
3.56368529917512
3.63974190921007
3.55129510517297
3.67722690804361
3.58216432865731
3.39167971158863
3.57160697337529
3.66033147757087
3.60183366077276
3.67651784910851
3.6166593157331
3.51070336391437
3.53692201518288
3.580696676315
3.62392295995945
3.56444034547653
3.63119270714304
3.56599586045236
3.59215252832274
3.56272267016688
3.52343392634169
3.56628918225615
3.49264705882353
3.58827662350698
3.62645026310784
3.44545104086353
3.59070935342122
3.64958846423786
3.55947180425394
3.65233826271295
3.56955642644966
3.50752400691694
3.55571027177562
3.61343794615219
3.6836430845056
3.7079145241725
3.72219700408534
3.54965183728495
3.58261868204571
3.63895462757971
3.55522406613214
3.60367147574742
3.5687196130364
3.63153232949513
3.64587964786138
3.37698706861049
3.48749605074489
3.62040038853077
3.54023782503577
3.53339489073561
3.58875606462262
3.64662084037457
3.53452628726955
3.6164770221399
3.73066424021838
3.62639306562887
3.63973012732714
3.54960793529077
3.59739283028328
3.68438003220612
3.54856320412924
3.6539563307658
3.53993216157879
3.58400559454532
3.65409589773624
3.41634130082849
3.54395366928862
3.63945319434934
3.53400401423452
3.68397407098389
3.55598508220892
3.54574880778829
3.55598508220892
3.63498195174466
3.65931403799566
3.67383512544803
3.67463477715325
3.56885274441046
3.66239599816242
3.61284454662591
3.61581349482281
3.74487698210054
3.55275089750438
3.60410313279734
3.63206888231335
3.34287884986266
3.56049099917835
3.58261868204571
3.51319590657592
3.64597228044768
3.65325865580448
3.60521059705805
3.53622474125185
3.63502799098209
3.66272219660878
3.69241892171039
3.70591131728302
3.52764141401682
3.63050128844714
3.56408498971899
3.59174651814083
3.7096125659883
3.57929515418502
3.64851763024953
3.63839910439407
3.38085443412062
3.61247947454844
3.65476525161653
3.48283546646857
3.63539296564172
3.52446794089738
3.46607848365126
3.49543515723347
3.5577891947703
3.62263960416035
3.59879120741326
3.66006070344581
3.59198998748435
3.58011601072787
3.53034118402212
3.48657182216046
3.62245414935657
3.63844539151453
3.71226084473404
3.67170349068594
3.410242651881
3.64916936739225
3.69241892171039
3.53321967731574
3.56328569826695
3.50885802620602
3.55619661042239
3.60005519248379
3.58239508700102
3.60833815283261
3.64014560582423
3.55748373101952
3.60466722767179
3.5173292808471
3.5628274201157
3.45446010519854
3.61811832633662
3.50654269551725
3.64634285786886
3.69017923727724
3.39769619623767
3.63917630350984
3.59023755613655
3.56331400618303
3.68875636214076
3.59658136795408
3.61042620641071
3.59306925734889
3.59500457204414
3.65275808779391
3.64377627723277
3.6170481851524
3.50959001607539
3.50202652234073
3.5251335840095
3.5220405590776
3.64370916808366
3.43721356553621
3.57447448953996
3.60514805057292
3.32600681482515
3.60428481411468
3.66694873964664
3.61143030318336
3.66878327240074
3.59965765493631
3.50266986724146
3.51260731260977
3.55655039482683
3.65740209759019
3.64319534889625
3.69997937293729
3.55110121257115
3.58038398682618
3.60874173522435
3.56484020541457
3.6621125011204
3.65742931314501
3.68409527121897
3.55597553090963
3.35047621279038
3.50029880599563
3.63065946438285
3.49377936844155
3.67237783265729
3.59946823187097
3.56592614681179
3.5815903758798
3.58499050664535
3.6336473209764
3.62094851187848
3.67035833951454
3.53788121594635
3.61953286586289
3.67092169553094
3.53487455506152
3.6954534334239
3.5359633344011
3.67364702268189
3.62955749750231
3.28589583595709
3.52449957018298
3.66815352564512
3.52091077496841
3.60947266484726
3.53727075527509
3.51879551752041
3.66076097909412
3.64398171660742
3.72799896083653
3.68198904383748
3.69440689965888
3.57657344394218
3.52591177874904
3.53613760134053
3.51797599931357
3.71333566225465
3.58405035153665
3.61693279058337
3.71901361910562
3.37119565855779
3.50059766301564
3.63521215959468
3.59676166127779
3.6589874676492
3.54557359227139
3.60213366802636
3.50585734703102
3.59554503200912
3.61727692404983
3.6139402057166
3.55403121582662
3.53632148377125
3.50769982889269
3.580998171938
3.54328757619307
3.51459293394777
3.4107713590612
3.69566341034786
3.55947180425394
3.43527037739928
3.56159948194917
3.73368146214099
3.60796780582573
3.64963503649635
3.59319052704316
3.54878336290653
3.49304444471585
3.60906050854943
3.64034417799501
3.61727692404983
3.66356672559117
3.48844300786729
3.4964180053302
3.55778593363793
3.47416924689763
3.6589123401633
3.47849436117756
3.56910284025447
3.61766945925362
3.42067045140848
3.63520408163265
3.60955963372469
3.58171571696932
3.67212777977505
3.58503810669876
3.54948805460751
3.46570047138374
3.50859974973624
3.59412580045351
