o
33.9114253814663
33.2350967290129
34.8632558424267
25.5886053199137
27.0161290322581
29.0679869334422
27.1652932969221
35.3836595215906
25.4935314920095
32.2758894288669
32.122964111965
19.1043274069104
27.5001207204597
32.3920029576544
25.330249521861
32.2284000396135
28.5692786194442
27.0620240683322
27.5493421052632
29.7882912923515
34.2161861360526
32.6726985494758
25.7341296773902
25.765314789857
25.265868875025
31.7460317460317
26.5844371247693
25.9624707694063
33.5594219994102
22.9493319889085
34.1116872995414
25.7087992770812
27.4233387553467
34.473879523182
27.4645676895961
27.6508337789878
35.0107725453986
33.4662175083482
33.4987410363259
34.9456997588363
31.7340806737218
34.0759372379926
29.930434096498
33.8836700361763
28.1854094686134
34.6011300808068
32.6955922667317
25.8039668784903
26.1733785258804
25.7520433195039
31.7779172769757
27.263479145473
26.0033788411488
33.1432229529186
23.0690552624384
35.217579428854
25.765386876498
27.3346606855854
35.15022518354
27.4861845121745
27.8640800450131
35.1678888460054
33.3831589436971
34.1089449884706
35.3463257199603
31.6740823136819
33.6977263649946
29.814022275446
33.9569203249609
28.5292239900855
34.21630235425
32.5197446407404
25.6702216410002
25.7081889105915
25.6453574807406
31.7338647861413
26.9940250379363
26.4220566733969
33.8773749125913
23.3048462207666
34.6364466078491
25.662988718203
27.2482498653743
34.5099346781649
27.5515760179079
27.3951177256157
34.4035310478263
33.1817121530208
33.1909060417365
35.3103619467242
31.4277038591067
33.3670374115268
29.5549238736809
33.8320728645083
28.1267370761534
34.3469997284822
32.0302719126728
25.7384109328902
26.0189914641253
25.3824640377951
31.6314203590819
27.123245264148
25.8881287360502
33.671825344035
23.3404030779004
34.4441756380791
25.405960028551
27.5560071611748
34.9263296689818
27.7848927268957
27.8089750476097
34.5559904129122
33.1339765137294
33.7878945259753
35.8577030282988
31.5015073153193
33.2773354758601
29.8640517049253
34.0503131492803
28.3104455353259
34.1499294484974
32.6806774596699
25.4428737586114
25.6491200378818
25.1225760855161
31.8624706014111
27.0994320549609
25.710251341429
33.267558284002
23.0798872371063
34.2235053530615
25.4367044044838
27.1242998450721
33.9218083678764
27.6414269051322
27.8410064370854
34.7572340880618
33.075994824152
33.8919925512104
35.6398727930694
31.4013327630689
32.96305415152
29.6045785639958
33.6487285629805
28.3620775595653
34.0606387118015
32.5356662949939
25.5687243722968
26.1437908496732
25.7673017921634
31.7402764025827
27.2924585996427
25.9692841331782
33.7330112196351
23.4206978874037
34.8474181996266
26.0118578429693
27.5939794953828
34.451441026883
27.4256519014797
27.8005105717671
34.5649763846493
32.674390226395
33.6114597947279
35.515885400412
31.1572091241225
33.386607234498
29.9972334567299
34.0267192683583
28.2786885245902
34.3698113207547
33.0694938639169
25.8163265306122
25.9629198878019
25.6473795068765
31.5081572501972
26.7328825021133
25.6470906264783
33.1426575258722
22.790967690275
34.315424610052
25.4963216769122
27.523268463677
34.9302775093194
27.8518482276097
27.6707700907776
34.6659764935144
33.1653460731764
33.4877564526803
35.5603448275862
31.4462804213084
33.9873181648638
30.2001856025454
34.2345320929953
27.9832862234239
34.2461631056275
33.1035285219769
25.901310997815
25.8316403545608
25.8257781207094
31.9878569822352
27.2112096793477
25.9535891441929
33.2670720299345
22.8739120821692
34.5760034029107
25.2582982831904
27.3893475173891
35.3262556652387
27.8208999009889
28.1036228483935
34.9503232444219
33.4229114351587
33.6223834074424
35.6628016295832
31.6592975723701
33.5697120700585
29.8983691798629
33.6356653273458
28.4692614495943
34.4368858654573
32.7096764929713
25.7427308991875
25.8848929038123
25.4721517147298
31.4553990610329
27.1016251457396
26.0304183378469
33.5285979217568
22.9050616365355
34.2191044148353
25.6312165263963
27.2068220091008
34.6069122673756
27.8644208775213
27.9338518536693
34.9367088607595
32.7237728585178
33.1157597871753
35.1695176928302
31.6961179908167
34.0228511686954
30.2849014211835
34.1431975898919
27.9763220592931
34.1429021466825
32.3309231927497
25.5388862083282
26.122786277503
25.7224551608784
31.5843521460984
26.9151628391003
25.9210751096179
33.3748808563678
23.2119364017419
34.0079157643193
25.6436245692276
27.3730525100981
34.7315436241611
27.4897079595803
27.5801897652776
34.5157034318557
33.1382312687458
33.5026127916391
35.279164212419
31.4264805379506
32.7776818103299
30.2045472634176
34.0038528739752
27.7825227555577
34.0863160731127
32.7880655473317
25.6387159248291
25.9513796286799
25.5552687399692
32.0248660356394
27.0939184445687
25.9801013189722
33.6804425642694
23.2318491613272
34.6227533984125
25.7148665130776
27.2153562976597
34.4582324455206
27.1035935770316
27.4655022676831
34.9662162162162
32.9527200104198
33.4729878721058
34.9565537781326
31.2628660829468
33.760151757662
29.9701351155784
34.1814906552578
28.338166295379
33.9018395769718
32.4438362413046
25.696028179827
25.5449056095535
25.39470013947
31.9322071945676
26.9422446346343
25.9054383209269
34.3837810073421
23.1977413798375
34.6017604937896
25.3361830973372
27.4220171327365
34.7046445671068
27.9394073310255
27.6949659897056
34.5954490872334
33.2982209737828
33.6646550704059
35.0256228743787
31.3662798710069
33.2117320881366
29.8186772874961
33.8501791368725
28.1188999530528
34.0871648944137
33.6706313983076
35.1511220250506
25.5328696432578
26.7748955943768
28.8795838091613
26.8713105076741
35.2022272059392
25.4443823365008
32.7128997484729
32.5403179686606
19.139882604235
26.7550665350073
32.274074389189
25.9633592662727
32.2416137805984
28.3737455588107
27.1204213436286
27.7050796703631
29.4296391119387
33.8388864956402
33.1504576742291
35.0574801089583
25.5355401360849
26.6919760029996
28.9453621346887
26.8318825899009
34.7876548111724
25.4998097029127
32.8592447278077
31.7199509858527
18.9102138398194
26.7936956010351
31.8054256314312
25.5819960245713
32.3313179482813
28.4764238211911
27.0546318289786
27.362706001057
29.3878604141134
33.7909030199599
33.1065166186862
34.9168864626142
25.7076084133991
26.6918306821246
29.354131751966
27.0466099681665
35.4396887159533
25.7232910448604
32.6971955369836
32.5295008428812
19.0168370414913
26.9375007393912
32.0618426054999
25.9898871146317
32.2092398223329
28.424482254984
27.1559589261649
27.8781052193396
29.3821616599566
33.7176773582392
33.4409864944216
35.1050222681111
25.6364086520066
27.0909890946282
29.3039350630974
26.5260020028412
34.838196610999
25.4684495326685
32.9557455550251
32.2704027425593
19.0686656119468
26.5535208476611
31.9472687749807
25.7712714807734
32.5057077625571
28.7303409047913
27.4576924931295
27.5436793422405
29.3258152138931
33.8660238669166
33.2899413476868
35.0434193508653
25.8806940938346
27.1832600802599
29.2315793529495
26.8007489137218
35.7361553800499
25.9906360625785
33.1174972717352
32.3029322433223
18.9796360846579
26.723024539157
31.9160870540722
26.0031075770039
32.9030112905324
28.4638761396181
27.1634701452458
27.6052784785562
29.7380283530411
33.1261734612194
32.879442045832
34.5146425756382
25.0503316941153
26.7885504535348
29.4098644510202
26.916117740276
34.8193250313619
25.2953532569434
32.5799109635122
32.2461817460542
18.9414114513981
27.1194518915699
32.4018051620802
26.0251103437236
32.5036059580424
28.9041565599482
27.2679350170125
27.2973686104248
29.2454769736842
33.7780680013654
33.1933263329833
34.8022875317288
25.5704479322316
27.1764438978376
29.6076594858986
27.0971736076386
34.8246526715221
25.6346721329939
32.7354840565536
31.9375841939829
18.957503873128
26.9607552802094
32.4018051620802
26.2547728085455
32.5031417799611
28.6646263900958
27.4630467571644
27.7358030709237
28.9792332471766
34.499484629843
32.7547995279625
25.6499836588417
25.7734293608733
25.6213976945245
31.8597945071251
27.3344142196601
25.9518135483062
33.8529271775345
23.3139391952799
34.4108446298227
25.6693534750014
27.4031978424196
35.0855557268383
27.6216944380393
27.5628216772631
34.4968701214059
32.9463536087548
33.9104264131827
35.8239025388381
31.115425102875
33.5337105139085
29.8233660045076
33.6515724757626
28.2720172835521
33.8018542731487
32.2087409567766
25.7015680780876
26.1386093110897
25.6020706729687
31.9688602223065
26.9339142376814
26.0148656375071
33.6289726533629
23.2677064689338
34.3210435044862
25.382239123889
27.5177202022401
34.7912524850895
27.8553237339602
28.0989081567116
35.108024691358
33.1217424220365
33.7472000949372
35.3788255785021
31.471674110538
33.3260121531591
29.614593905327
33.8756009347046
27.9448960047148
34.4045368620038
32.3396875488649
25.8378857227226
26.2850804727848
25.3256150506512
31.3714679531358
26.944158350203
26.4482017314508
33.6835873908539
23.5335477133374
34.1331733653269
25.4164385704231
27.225619607233
34.8937083959631
27.8062970568104
27.5941536782097
34.3385860049508
33.013597248625
33.4283531209592
35.6287096925751
31.4052323656033
33.1093072648454
29.8644552623637
34.1916293603341
28.0236896216309
34.1559960416229
32.6347005143045
25.6271796602543
25.9284974447113
25.4082270009815
31.9114659942565
27.1769604275778
25.9290877013261
33.6573978310334
23.2524906091785
34.1821346578035
25.6346749226006
27.4946870170016
34.3526997872758
27.2720739711589
27.5392467526185
34.9672901501889
33.085350614629
33.2826614435642
35.291382517049
31.5145813734713
34.1744426775481
30.2009863711089
34.3056789602879
28.3439094189374
33.4258158277183
32.9977547620772
35.1597468745177
25.9500592363073
27.118079116222
29.1930562322111
27.0020278202711
35.4165370497107
25.3721697272241
32.7051793973169
31.9242902208202
19.0316190667235
26.8574326794919
32.4511522510582
25.9413272571917
32.5681184295216
28.6591735786837
27.2420558958652
27.2626046144083
29.2144057684659
33.3621612113572
33.285559682939
34.9406653464131
25.6041200481272
27.010035349102
29.2176949344014
26.8193815987934
34.7496831915966
25.6858784096424
31.6779868611513
32.2046609030323
19.0167440927776
26.5101218347427
31.8268262669202
25.8653999136305
32.2411570552321
28.7011349306431
27.128826165729
27.2783930197996
29.0450606806958
33.7625348602623
32.9706943257377
34.3376129625998
25.6517181917567
27.3127647574132
29.4887408981369
26.6638550123596
35.0698778101358
25.532296784905
32.2288303596715
32.1673379973147
19.1141643011909
26.9840893462642
31.7464745512114
25.6084251268607
32.1146872486631
28.461740467943
27.1936532211814
27.3952816562349
29.3586502244466
33.3925086929092
32.711019129335
34.7369545641855
25.743985340859
26.8713105076741
29.6625638885991
26.9584898505729
34.8696411875603
25.1070498388734
32.6989967516601
32.1432103649491
18.9804772234273
26.952421571415
31.9365480452025
26.1263020085671
32.3475046210721
28.6574458972615
27.0389122631867
27.5393722233655
29.2597639678091
33.4961311012386
33.457249070632
35.1521511017838
25.4102109337528
26.8587733157262
29.3038878807768
26.9117125635268
35.450723960766
25.2209742805875
32.3198773633112
32.3750213274185
19.1262568143065
27.1126299370111
32.7268023456364
25.9032580997452
32.2046843177189
28.9286122651218
27.3428118545559
27.3694332592103
29.2681045785239
33.8071684268378
32.7599856063332
34.3567913534402
25.6902273291645
26.9703397362216
29.6188332053668
27.1576359969931
35.4793452844895
25.6757366544831
32.375533428165
32.0640153276137
19.051286129224
27.3166984721372
32.4771689497717
25.2961966790406
32.4980366959377
28.6166922322529
27.1200981852412
27.5902197762234
29.4860666675303
33.6810950795412
32.7991699331335
34.8577204643612
25.4406849759118
26.8748007415367
29.7364742157593
27.1443564545368
35.1223727662726
25.7085088838938
32.5626645301591
31.7637535936584
18.8551072819153
26.9534118092892
32.2434408114694
25.7436941522452
32.4920054819552
28.4368479578195
26.9853690925043
27.6129814983318
29.8081330626678
33.4321523966069
32.8967319883894
34.7399081939213
25.7663160275987
27.1006578869101
29.2253611474611
26.8781046098663
34.952052167242
25.5009515280421
31.8730673979656
32.1774136591567
19.229470556456
27.2569548309901
32.374049598522
25.5690746643919
32.3556565584831
29.095460699415
27.2032481490327
27.6137947754409
29.4007563144513
29.8166311604489
