o
64.8400334095944
56.662752689537
37.3648910234276
37.3586366346888
37.4703573901912
55.5330928091565
41.9569738341695
37.820377038763
60.3637715947125
30.847240938461
64.6001374471009
37.2626747339871
39.0160782943027
66.3040855344978
38.540385403854
41.2975598473459
68.1332519270396
60.1735613783807
61.2731640356898
70.4978876298022
54.9758364884415
62.2516556291391
49.7056899934598
62.6732638523353
42.0141380162082
62.5372036836024
60.204614788222
67.6771504357711
39.1997629577604
41.5803319907806
47.8449026622185
39.6179107127008
67.0684766893858
37.3444851019341
56.1564583071312
56.3958445167198
26.126007518907
40.8471320098802
56.0586324330262
36.4452606876849
56.8916637466951
42.1186680501839
41.446689022197
39.7529352846252
47.4432195510692
49.8154410605507
