o
62.2324264604336
59.9973371500849
67.7937415375357
38.8930844751322
42.7043734678651
47.4360830032764
41.9249421424169
67.4411643656228
37.941777001284
57.719711161279
56.2929419113054
25.3569670113245
41.7520818132333
56.0304631644389
37.1990795678509
56.5747555750851
43.5923480616218
42.1701545264192
40.9687024115281
47.108787977785
64.8486265762444
56.5791951786051
37.752644255943
37.8760020592778
37.9146420983993
55.0953661816848
41.6657035204919
38.5850369260409
60.5719470394516
31.2844410889242
64.4757545415534
37.7307161093207
40.1997725803215
66.5977172829018
39.8413417450198
42.2477440525021
67.8907721280603
59.9783711837618
61.9980394517344
70.3826630222569
54.8524490416794
61.8917666443541
49.2266528333311
62.4880863673385
43.308552418241
64.8228020990583
56.5741800900293
37.9189268743955
38.0561504942974
37.9608288868542
55.1453163937684
41.6758137009093
38.4418629436214
60.6004603417281
31.4571269099281
64.8531051098565
37.9344796760793
40.0102049871328
66.250344384241
39.9893568664841
42.2390069676211
67.6240649430998
59.2194913723752
61.3748511145142
70.1287086363106
54.8167960973238
61.8876859461593
49.520174631722
62.6748449201578
43.3148401661983
61.820861755733
59.8195628379051
67.7510847311182
39.0148401332583
42.6006850124011
47.5543836519446
42.0891725691082
67.5442867308341
37.9924162629029
57.9307464987794
56.5910445887853
25.3658605194129
41.663297718741
55.7935930950208
37.326793124502
56.6470357283078
43.6286664650741
41.8654317118748
41.0749871889768
47.1854846094476
50.1351842955662
