o
15.7409830195695
15.1142494446208
13.5203930622151
13.8313591551002
13.6986301369863
15.0269089569325
13.9999019271319
13.7114590337143
15.5317094400696
12.6594907381747
15.7605173531156
13.4284170210766
13.7264320883872
15.5102927007993
14.1719982145514
14.0082112874563
15.8422154153211
15.462453159454
15.4207309669325
15.6824543109599
15.1148490498671
15.6508879790774
14.7068284460685
15.5522899828557
14.3769968051118
15.5105031753786
15.256680637497
13.4679340519376
13.5478207227086
13.4126592973315
15.1825088996334
13.9842172875757
13.5867627130733
15.3515546303136
12.8503490842862
15.5658450224704
13.6466205809664
14.0315987183737
15.5191375541405
13.9582595527984
14.1514690041972
15.5529248479406
15.1559350800891
15.5908991706678
15.8043195708083
14.8433847592333
15.6049477104552
14.7878850607429
15.6502450913273
14.2272121883519
15.3567353513659
15.4425561210027
13.6185612418604
13.6275842334931
13.5669266104049
15.1132502082535
13.9152666179693
13.639129864086
15.5580056351831
12.9531623621673
15.8404873996123
13.6507368295448
14.081733136386
15.7376327518847
14.0888434586633
14.2554517133956
15.7426137692826
15.5913538855726
15.381512605042
15.6200931197859
14.895057549086
15.6845540047712
14.7360014426855
15.4824739477602
14.3475261804728
15.6536493254153
15.1422898742555
13.7166974413084
13.7102965166491
13.6021230260261
15.1802908559665
13.9451466497487
13.5323924985793
15.3188409681829
12.7849488825753
15.7093226041223
13.5286952614089
14.0431852497453
15.8148665275032
14.0007343042467
13.8764222119793
15.4828930272845
15.3476703470666
15.3889613796258
16.0608740821856
14.9769585253456
15.7039314737536
14.675133089603
15.5913538855726
14.2279708973323
15.2799315544623
15.5172413793104
15.9665861120036
13.7898584820298
14.0602511901394
14.7453428969503
13.9655930795171
16.058783859728
13.5753055334513
15.3916591481397
15.3974647394016
11.6321670635648
13.8577369333544
15.2209231097025
13.6244978722897
15.0801504056996
14.089889302532
13.9095090904666
13.822711331479
14.4898140283711
15.8404589991269
15.3120688038367
13.6027705380413
13.5077643054669
13.249715994714
15.1950227327112
13.947528981086
13.8197030517
15.5037708208996
12.8008421901423
15.6761719445853
13.3997071742313
13.971495218671
15.766914288077
13.8691711259146
14.2714446247971
15.8789697424356
15.4896938651055
15.6744970584605
16.0599120428264
14.8665522085219
15.553199010251
14.587371212894
15.4475606627328
14.3428492621707
15.569237475141
15.3250026815403
13.5830491152598
13.6422228587797
13.5563067069916
15.1768642447419
13.8136904186406
13.4284170210766
15.2170729434319
12.8810503183637
15.625640255146
13.5299752817759
14.0299239636988
15.5777662790381
14.1746344730087
14.2623625859423
15.7435847991075
15.3711672942442
15.8266408197175
16.130625608603
15.024756701383
15.5120747399965
14.6822901292401
15.4724228407585
14.3335045669252
15.7375153175729
15.5239854403216
13.566765578635
13.672575898945
13.3989801301213
14.9644545109386
13.7689277583029
13.6846894305828
15.3620773076716
12.7936781544867
15.615607410241
13.3022985161478
13.781877373847
15.8858111770511
14.209701882195
14.2290326994117
15.9625724460582
15.5994104159843
15.5794237112559
15.8807347097563
15.0895073137245
15.421771277457
14.6154337957931
15.6060130254912
14.1554999628465
15.8239687400407
15.4969331813494
13.6593067483195
13.5210333763512
13.5631064501954
15.1138168343039
13.929207425658
13.5645563606129
15.1557378136986
12.4938460696898
15.7351321585903
13.4079391891892
13.730059581011
15.5911118386054
13.7941854430914
13.7687618955839
15.5622421610141
15.477610322021
15.5346673377498
15.9181511527418
15.2454883758153
15.6395380657873
14.8022481804761
15.8130654934839
14.2483171278983
15.6419071621307
14.8325172418272
13.3039760481832
13.5756826476148
13.354382272116
14.9729254893734
13.9926973313402
13.5494281239618
15.4453731504774
12.7873514954035
15.6631128895223
13.5157506385394
14.1121564560338
15.7536797671435
13.9772838539117
13.923433308949
15.6947899344447
15.4290964115867
15.6504817114117
16.0074009699756
14.8174075370435
15.357949048694
14.3804335518287
15.5364351832973
14.2791110222744
15.380057102839
15.3327694311301
13.5748757815658
13.6676440667824
13.6275223446021
15.0172264155906
13.9673687042881
13.8091843761704
15.6380402511937
12.6154763087315
15.6680511576264
13.4333094362241
14.0149100004905
15.6771226576979
13.8239922527539
14.1139248328452
15.6414786812946
15.2945745777921
15.4734160750095
16.0734141226478
15.1509126337138
15.4213551364041
14.641457228499
15.4132448723654
14.1595332185375
15.4261421148526
15.3569173306104
13.6363636363636
13.5874087634626
13.3464111815602
15.1669961916641
13.8377723970944
13.7052003021619
15.5415052008974
12.8542510121458
15.5554648266852
13.4036939313984
14.0056365641466
15.9150085631936
14.1579547143636
14.2454758462536
15.8805140673845
15.60260452926
15.6960217519672
15.8602411644719
15.1068582228625
15.4968341987879
14.4931211564065
15.6382426114772
14.1364170428545
15.6530313197573
15.0517527456609
13.5357578484895
13.5009036037845
13.6601572770514
15.1010701545779
13.6256347900722
13.7656112629918
15.6768618845152
12.7450324479829
15.7420669898634
13.3453203810947
14.2447657028913
15.7392489775685
14.1941733104836
14.1966414944356
15.856500749126
15.1210477576399
15.5953664160675
16.1308532558074
15.0943396226415
15.4040880079713
14.7056933143085
15.6658678534748
14.2862494848708
15.7256954007161
15.3589584958442
13.5064812186583
13.7159054058923
13.6286607633005
14.9265436294244
14.0225933202358
13.3373784991657
15.244675033677
12.5774398362622
15.2819744899324
13.0781024737408
13.7553402731813
15.4970443082597
13.7881949889622
13.9266594309826
15.724179712779
15.5163043478261
15.790274186635
16.1715143447846
15.1794844553049
15.7275541795666
14.784442058698
15.3815098909972
14.2723356433789
15.7099697885196
15.2354570637119
13.407559331966
13.7397612356177
13.575734561162
14.9981645602811
13.6999425177237
13.6600277021541
15.5337696548353
12.9677280404448
15.5510847697243
13.5162253727291
14.1433106463925
15.6077479859871
14.1862424422639
14.1829903297793
15.8873442859722
15.4761904761905
15.4175819732888
15.9378091085136
14.9832355406538
15.65150768894
14.7937411095306
15.5896541386171
14.1354981403912
15.6834788807699
15.1224735290619
13.3088252402336
13.5683279170719
13.6452009208125
15.2743100524721
13.8155908459634
13.6125654450262
15.4724228407585
12.6801152737752
15.5486933928256
13.5373609844492
14.2415709337387
15.5955792058944
14.1313485979922
14.3078887414566
15.988595547232
15.2529265886243
15.4680295839587
16.0624526129567
14.8718215381415
15.5998581831074
14.55433703977
15.6616105561722
14.499923884914
15.5864344837931
15.1222480948349
13.4544983696868
13.6595042902555
13.4983525632698
15.0656403226657
13.9062937233098
13.4930940857042
15.6004749750911
12.8235333714786
15.7425006197835
13.3748347160627
14.0094131489925
15.7409830195695
14.224202299766
14.3544275183041
15.7466212958243
15.5930261111566
15.6841758603656
15.9130144233447
14.8803329864724
15.5436894523023
14.3657231835648
15.6337546976426
14.1586562283223
15.7570410399923
15.2850399176239
13.5386437666568
13.6050373156535
13.4878397035743
15.2629962476798
13.8851769965257
13.7369901209047
15.497884803124
12.8169187813274
15.6489594742607
13.5518063146912
14.1175598730284
15.7370819622475
14.0187488511733
13.9697891099144
15.4674021794976
15.3587970732362
15.6927297668038
15.8266812390189
15.2609583828458
15.5709342560554
14.800139843841
15.6945130993574
14.3145186539594
15.4536121467553
15.3190462787986
13.3024533308505
13.6042276655003
13.554859826384
15.0817422513096
13.9626928574046
13.7145736843368
15.5669050051073
12.8452945539547
15.631618501059
13.6252114051595
14.0473237637987
15.8968373075427
14.2994637701086
14.0943979696182
15.6564343291957
15.3505535055351
15.4155044400426
15.6927297668038
15.0048529681803
15.5236518576818
14.4819292360276
15.5652611671225
14.3767358274792
15.5367808116676
15.4750935010028
13.5945193748662
13.6593410533109
13.5203870403009
15.3575363448257
13.8861891340266
13.5171891815182
15.657319762743
12.8422637439187
15.6453180393391
13.2954902348521
13.9992896248484
15.7078855509441
14.0761813278162
14.0982312455288
15.5717827852102
15.5090299732697
15.5781497028839
15.9203702671053
15.0825383001465
15.5896232848687
14.4953267472385
15.2532194568626
14.3652519260498
15.7548691229376
15.4490775157126
13.6505320482964
13.7893593919653
13.353115727003
14.9823043649233
13.6064949288129
13.6707770694543
15.5569468641115
12.7963995432256
15.3850295451792
13.3834480820571
13.9532614528955
15.7175242151542
13.9995349804814
14.1619212676405
15.8111507311275
15.4730506526003
15.4851983702641
15.9023617231265
15.1014691893035
15.3788194771471
14.7221721322033
15.615607410241
14.1308244835388
15.6092098434982
15.4985152341049
15.7186863963914
13.5622582405847
13.9188251196434
14.5436500362637
13.9998040272402
15.8529819694868
13.6524886229261
15.2648307914207
15.2760514814963
11.4124248657068
13.7516994116727
14.8832000833355
13.6340864088556
15.1100535395598
14.2444106577603
13.894798264062
13.8762428524602
14.3683218101823
15.603475319503
15.4862464803985
15.7376327518847
13.6530176271915
13.843510249522
14.5464263897373
13.9539994140053
15.7251740362656
13.5706313964809
15.1497077418585
15.2460984393758
11.4143623236167
13.7505413598961
15.2764598174309
13.5985628115594
15.1575429662635
14.2313338143458
13.9145665077357
13.7093005140988
14.4956918398378
15.5459441814918
15.3264411279617
15.7809717102266
13.3735827863386
13.8796128765892
14.6266555761725
14.0310819768727
15.8813966736602
13.6601572770514
15.2353278327979
15.2395936108371
11.4058196623159
14.0047785333578
15.1857363022798
13.2995124675657
14.8638456136701
14.2134125868908
13.9439557892425
14.0812102695511
14.5231379126325
15.2033093467765
15.2035115722267
15.8763230269189
13.7435971430633
13.9956898662879
14.4093673505438
13.818639432734
15.5904436860068
13.5298438499633
15.5144072056406
15.3701211305518
11.472774763914
14.1025957667515
15.4490775157126
13.7075013491635
15.4683122893914
14.1816692929017
13.9081550704534
13.9118792599805
14.2825011246064
15.6333347010791
15.3918664152976
15.9141222171171
13.6243354709514
13.8932782302176
14.7347233691164
14.0315525630314
15.8452658452658
13.6905832284361
15.3296821305842
15.0055843899875
11.3370130643688
13.8091149832525
14.9597539428048
13.5219865371648
15.2458950794307
14.566447469032
14.1311738888546
14.2169483935968
14.7238789627588
15.3980870268086
15.0891089108911
15.6927892800264
13.4611534430168
14.023851590106
14.4630452112516
14.0185196541363
15.8176609789513
13.6840340963509
15.3073523503415
15.5919625683768
11.4090074263355
13.9346061005047
14.8536081402451
13.6042276655003
15.1808957126919
14.5493890020367
14.0970140970141
13.8841650065595
14.4916511353695
15.4646840148699
15.6288423180961
15.8078735370117
13.6458519711338
13.8946243350256
14.4643511904009
13.9512195121951
15.8363211007904
13.4773747393471
15.1290732120186
15.4071999030316
11.3865968607232
13.7400912803267
15.1015127914037
13.5980030904553
15.1623591782638
14.1554375935756
14.0620006391819
14.0209824492597
14.5284600340352
15.5682266646707
14.9736259996597
13.5224586288416
13.7629027213012
13.5230980188189
15.0216848468918
13.8354274093979
13.7550092061085
15.689127420971
13.0057803468208
15.4910696150253
13.4056739749464
14.1267704770255
15.6258536851882
14.1666563471326
14.3376362952751
15.8725754086078
15.2681943758592
15.5112334413515
15.8721349686442
15.0993202666139
15.4111434421813
14.5778910481045
15.7022070934446
14.186332014732
15.6173210287774
15.1238729806192
13.449013660624
13.6399947538482
13.5707422389352
15.2247752247752
13.7886939947403
13.7211591558426
15.478366849482
12.733815354107
15.8269001964528
13.6090028788275
14.0588900358846
15.7004830917874
13.910167554291
14.1128286105526
15.4377631436899
15.0869742967545
15.3707659854623
15.9604894178049
14.879906268307
15.4690753711767
14.7778796842908
15.6895014743194
14.3304522109483
15.5446756425949
15.0702089788384
13.5325527153902
13.6121663947409
13.5176687638961
15.3887579939414
13.7394670096525
13.661953312695
15.4384353557729
12.6366762114294
15.6895014743194
13.4220313728251
14.081733136386
15.5572176514585
13.7285491419657
14.1405651281798
15.7214121785974
15.3974534980753
15.7544348113741
16.1859042440206
15.0756417690159
15.5885919849565
14.5524856256042
15.6697302998343
14.2531427930678
15.5669050051073
15.348462468108
13.4873622353857
13.6121663947409
13.6751932234213
15.0815432522299
14.0231633704667
13.6103834246249
15.3819238843732
12.8223825175845
15.7106170262439
13.4807098583583
13.9072928190228
15.5888044041098
13.9901188670939
14.0015910898966
15.5735250074873
15.1653741631869
15.4481864585303
16.0544982091439
15.2433743287719
15.4365132910538
14.5004689836997
15.5656847404585
14.3986306197453
15.5887728103434
15.2499633093621
13.306634690385
13.6810858688627
13.3475145805818
15.1619755708975
13.9445149946273
13.5191126158654
15.631844064827
12.8885177076045
15.7635603856073
13.5629019626457
14.1642708436602
15.4880147427472
14.0891945861992
14.1469150318708
15.6753569126541
15.1184476806476
15.5453098861643
15.7785753727223
14.8489769405651
15.4511659344373
14.6867973016383
15.5499625875791
14.3375020383588
15.5713585090731
15.3135048231511
13.4299948300982
13.7926873416194
13.5420372346733
14.9640966507679
13.6902549839961
13.5957236567973
15.4853756762987
12.8636921725222
15.8351920865602
13.2253398900781
14.0765280360596
15.5955792058944
13.8851769965257
14.0271215561146
15.5527132204866
15.4378098029417
15.5229312943925
15.702274975272
15.133861186876
15.6659037019778
14.5988198329374
15.6060130254912
14.4442197846636
15.6601085109881
15.2491494896938
13.5651554711607
13.7717480360499
13.5493966191707
15.2583099719664
13.834590106392
13.7627934978928
15.3317862939464
13.017481920164
15.4615488579538
13.4875440644195
14.0397383503307
15.7601807461288
14.1100435388581
13.8441803615945
15.9092173332592
15.5404486743712
15.5155562795244
15.9389772838198
15.0859795337061
15.3238229187596
14.6220506659168
15.749549127855
14.2664737866015
15.3150857617981
15.1202203156445
13.4408285764727
13.4956275112267
13.4059587256122
14.8257776393
13.8691538844561
13.5269591585331
15.6203022931642
12.6912571339744
15.6947286034026
13.4994685248612
13.9927771316643
15.672992540588
13.868329733796
14.1576039834518
15.8587007797541
15.4055584009489
15.7502034286345
15.94215037552
15.1250496228662
15.2156549520767
14.7645805076536
15.5569468641115
14.1795581138582
15.7326279825866
15.4355612624181
13.6283354814072
13.5184724836346
13.4413031708293
14.9774420312664
13.7055289758624
13.6249850995351
15.3542355122109
12.771663221409
15.7498759852285
13.2889979188708
13.9596856014767
15.3920802221204
14.0236264950758
14.0313801619384
15.5915079527613
15.4895764102703
15.4723678684171
15.9159326569294
15.2371557309302
15.72344347539
14.6504652772437
15.2975186702
14.1630422660868
15.6077027156309
15.2471995620769
13.6485323644708
13.4972367861698
13.5604883199469
15.0374950664386
14.0647495293293
13.6613001541827
15.6292730952251
13.0247504444141
15.5569468641115
13.3535837373678
14.080686525942
15.8648569801203
14.1415392235775
14.1606527292116
15.7259119514177
15.3723969901331
15.4093184547503
15.9101674607819
14.9509483322433
15.3159671972986
14.409984871407
15.4045202765536
14.2928598224334
15.8496845316508
15.3085824493732
13.5290288216843
13.7951843582162
13.4921384390198
15.0755757208051
13.8924339106655
13.7475214805023
15.6151893205209
12.8098895930845
15.6326865263733
13.4249471458774
14.1315233114499
15.5092404135798
14.0734082765923
14.0422865707581
15.5979202772964
15.1418806136237
15.6064391922337
15.9529924073247
15.1248727474649
15.5525646777329
14.738849236002
15.5512961679105
14.5148193260252
15.7911475545846
15.2759570882046
13.6910756246104
13.536740040065
13.6067390294177
15.0053872230836
13.7080027367992
13.7969361619871
15.710908291181
12.7404864346702
15.6917120852267
13.4661871351925
13.7333894534303
15.748900197206
14.103466587628
14.2916140012765
15.8279164529944
15.6324860033127
15.5829978849696
15.9370333672914
15.1730363329838
15.5654210698333
14.6448339483395
15.4240604547601
14.2978659528158
15.4305154305154
15.3889651829712
15.7420669898634
13.6506950747623
13.9364750350546
14.6988850452026
14.0181757974907
15.7448860114333
13.39788072018
15.1863415930379
15.1798876449261
11.2423649293295
13.8103523270987
15.1702170017918
13.4586174008266
15.1913875598086
14.2661008487269
13.9039254564697
14.0135353832573
14.5401348428953
15.4795410261962
15.1917560820142
15.9165217391304
13.44853935226
14.0137687728153
14.4259894991922
13.8550492745191
15.8461687762543
13.3817245214541
15.0761722614258
14.9781813893148
11.4712966680048
13.9079858364869
15.2355309109328
13.6162203373678
15.1559350800891
14.3636272242887
13.9156054444958
14.1213647360885
14.5037780820528
15.3457836016272
15.4607799375076
15.9034937596527
13.55437760148
14.0517813675592
14.4811858608894
13.8389451890596
15.8919956064124
13.6614634379557
15.4831892931646
15.3024339304362
11.540092482281
13.905278653025
15.4117900868346
13.6318099417994
15.2489460483484
14.1878304908021
13.8993603618941
13.9022343310994
14.3864065449969
15.4966240950134
15.3955981789284
15.6367566384393
13.370610392345
13.8428000484438
14.4641433506701
13.672085262138
15.8984059865914
13.5722428042177
15.4001616814875
15.1915894682279
11.4037713259503
13.8187005827309
15.3128893533218
13.5492360032717
15.1487038116949
14.3030545718469
14.0068379838977
14.0569657615112
14.7324190554754
15.6871349038752
15.3939312386463
15.8873442859722
13.3774571137902
14.0168594393256
14.6476997733704
13.9626280009276
15.6963901046883
13.4373238113137
15.3524075366364
15.0651197703359
11.3646523548871
13.694858442569
15.3154118025062
13.4680134680135
15.1786543539121
14.4062460647274
14.1234567901235
13.9694479381632
14.4650827569639
15.6209462688605
15.4642659204888
15.7289776164549
13.6317056314196
13.9890924209445
14.6619290121477
14.0850277264325
15.7353487795812
13.5675707757137
15.5039811185112
15.140877720523
11.2639445467345
13.7176843014053
15.17080415871
13.5931558935361
15.087969191
14.2483497322207
13.8132554124054
14.0271715140517
14.5972362225823
15.3713855745458
15.3474644486182
15.6408082907222
13.5028268592944
13.8671709274277
14.5260618373437
13.8062538468037
15.5620851017521
13.4400075188853
15.4778655698669
15.3825467258303
11.4746534534294
13.850885052183
15.1043041985741
13.6765215728
15.1007154359936
14.4387928967197
13.9172749391728
14.0000489512201
14.4956918398378
15.5090299732697
15.1398749602628
15.6043085912436
13.6357129223134
13.8292337660766
14.5863375914039
13.8740532142163
15.8620019706074
13.55437760148
15.4144920500061
15.2483357568804
11.346602471832
13.8574009189772
15.1262505955217
13.2681726371509
15.0313646585395
14.2520480305241
13.8428000484438
14.0216151232258
14.3600180913614
15.5177558937631
15.4225703385146
15.6933755847291
13.5154293275365
14.0280315385464
14.5484630560682
13.9123872585416
15.6592503288032
13.3320891605333
15.3947687417504
15.2601433892738
11.4285142931419
13.6139498320589
15.1718101401801
13.686666267871
15.0449111640079
14.2910680824485
13.9061094498335
14.2081796390824
14.7500612436984
15.52229887555
15.496413996936
15.6395380657873
13.4051087185983
14.0070096321169
14.3396605151238
13.8723693472826
15.8791903418958
13.5899935795306
15.0268195204039
15.104662226451
11.4322864572915
14.0260887705391
15.1032651065685
13.8248847926267
15.3040730525132
14.6001251804259
14.02763800594
14.0808633306231
14.6540340260773
15.2717652717653
15.0406611048241
15.6914966640125
13.6449914644192
14.0367682275356
14.3299524842345
13.8600894903416
15.7102604631984
13.5237464208808
15.3598064906269
15.4007841869114
11.4602550733938
14.0801695040528
15.3206889618658
13.6233611442193
15.061669829222
14.0921476038418
13.9746426868482
13.9857572865428
14.3960099248082
15.8617818484596
15.411374484265
15.6113417832168
13.6230363996091
13.9098476366646
14.2415709337387
13.9548512337163
16.0106457487043
13.3013697035994
15.239390424383
15.0753768844221
11.4274859530903
13.8404533565824
15.4681029582916
13.7279158309413
15.4440676133984
14.2219014794261
13.9860995545984
14.3663352647654
14.3990929705215
15.4986249034723
15.4173741947656
15.666940564229
13.6989582085978
13.8415003024803
14.5172352477964
14.083812856562
15.8977426040029
13.5666045506878
15.1839207194761
15.3662077866208
11.5362488519262
13.7958503820111
15.4107511224366
13.772079909391
15.1076569253341
14.1404394299287
13.7312141853173
14.0567928867463
14.4389282601281
15.4453197843331
15.3059174846338
15.8358502590817
13.6202766953848
14.0893682588598
14.3759118579263
13.8277280425841
15.825106954463
13.5838562464347
15.3556794518708
15.2367494934414
11.494368463395
13.9096783615056
15.2428453311285
13.72280651203
15.3433116316531
14.1621648411558
13.9334170394841
14.0984051410457
14.3400203244383
15.4348912265539
15.4903236298585
15.8433133732535
13.5925793792365
13.9120485887121
14.2477511758761
13.8061099894822
15.6205118384877
13.6571831760724
15.2335725528906
15.025722668842
11.2658827243311
13.8753888024883
15.1889979517463
13.762352374066
15.3408022352973
14.4289032518683
13.8990223259886
14.235008406501
14.725775905384
15.3647618663548
15.2897426293542
15.7451029010662
13.5645115351752
14.0020335411792
14.3712876271016
13.7552244558737
15.3249506837183
13.439879488296
15.4288879581718
15.3157019473204
11.4266274439175
14.0293116792177
15.5038759689923
13.7600308456033
15.0712025316456
14.3750078603499
14.092321349312
14.1553246560244
14.4775174160861
15.3028436780378
15.3908301353262
15.6874047844526
13.4864074004153
13.8676566936012
14.3211547135769
13.866142591986
15.7279870103064
13.3456320201761
15.2164652004899
15.1378698381586
11.4604848898069
13.897670346773
15.1911856567563
13.7715821053773
15.4238523196502
14.2650325736964
14.0365958491956
13.7297297297297
14.4010885862238
15.5985819470957
15.3658110703684
15.568650399423
13.6644330574169
13.750495811147
14.3688636906483
13.8128557444803
15.7809717102266
13.3798447797535
15.286675315296
15.1613630635769
11.3131353122247
13.7185242084544
15.3953908112549
13.8237143824682
15.2695210740766
14.1208736904527
14.1952309985097
14.1186061736477
14.8358708773023
15.4680295839587
15.2902337641508
15.6774609091283
13.4768984284805
13.8428402023184
14.5259064394373
13.9195031358461
15.7364319740067
13.5223064819525
15.3221265985683
15.2434551831749
11.360586814563
13.7651139264897
15.1951864199663
13.6132133847399
15.2433743287719
14.2666517016474
13.947307462541
14.1472101305896
14.4522910165873
15.3501114662512
15.506084408449
15.8474870017331
13.6925583401217
13.9572368822732
14.6734107014481
14.0902366863905
15.7676920954614
13.559362247319
15.0968815627848
15.2893335830279
11.3646532438479
13.8280626194682
15.1806940884279
13.7083233389302
15.1056603274875
14.2568477772789
14.1637442843158
14.2476067012365
14.5861514509584
15.5362240043496
15.1284528741413
15.5260941617539
13.5798215495016
13.9122179215658
14.6775560520841
13.951104004687
15.600262051646
13.4548151287213
15.3732347007398
15.2638115460118
11.5743319190303
13.8934471064435
15.1380703264685
13.7033928785517
15.1050614510374
14.2021098147389
13.7815450281539
13.99089306698
14.5030516044715
15.397257321443
15.472919007459
15.7999502363772
13.545863948803
13.9878111461928
14.6407070577687
13.9594528578407
15.8354114713217
13.6657101865136
15.4157394294963
15.3445475170831
11.414134353249
14.0429766687553
15.17182791988
13.4277860012688
14.8737100992882
13.9818224076135
13.9965467837332
14.229337582631
14.4795348306921
15.4724228407585
15.2694171193657
15.72465361777
13.4886572654813
13.6052803710531
14.7485774009987
13.9363051111978
15.6721329457577
13.5031365553416
15.1340615690169
14.9442855090071
11.275157201711
13.9609240569664
15.2166105798008
13.4753109687147
15.3347095252138
14.3919284429292
13.8910812943962
14.1606941710919
14.598912738317
15.4534033959665
15.0587739735945
15.719683957403
13.5545023696682
14.0424957344692
14.4934887082662
13.9325678344182
15.464126743604
13.5686982122083
15.4103355758989
15.2332973491664
11.4009276345319
14.0716756743447
15.3813029026658
13.7168778801843
15.1963974973765
14.428594851615
13.9609240569664
13.9479876613955
14.4881650435025
14.5661498035299
