o
61.0806311891699
58.78987035493
66.6827377751405
38.3561059379433
42.5557093998888
46.9609290295612
41.7989233434488
66.4129611498033
37.821403021504
56.9721557503051
55.4099876695438
25.0714833670409
41.6097594851733
55.4424915201974
37.7243687252814
55.6225831399845
44.2410373760488
41.7818883182674
41.4295260259453
46.6104990278678
63.4080970517704
56.3221451281971
37.7945473272655
38.3491521808681
38.1069452980946
54.3292692139177
41.0717956918016
38.7203755747219
59.7322348094748
31.6786327798088
64.0685392658034
37.9686708326296
41.0124850350607
65.6051652440359
41.097768586543
42.8193895528784
66.6296090420604
59.0650767057587
60.6397868501374
68.8572303921569
54.0430902370865
61.4378191880028
48.5916919959473
61.9883847174591
43.9973090330867
63.8706237782122
56.4322389184606
37.9398072395993
38.2495051190907
37.799350027871
54.1077638769703
40.9586652535129
38.6493171308743
59.837170970481
31.7390229255714
63.6474691500097
37.8827794052562
41.0238269125434
65.4385932977775
41.0154021677125
42.6493617425141
66.6444209628682
59.0157473850145
61.0476966979209
68.7596854732251
53.8560642377757
60.9590667073626
48.684370895007
61.9645965837599
43.722559381195
63.4318482576092
56.1903124462714
38.033071315976
38.3954032318356
38.0157773406933
54.3494693556678
41.1572102395018
38.7108584227075
59.8747543386296
31.7486951683696
63.7317453565859
37.7034054688811
41.0511655517249
65.0188945341458
40.9101251422071
42.7325028527957
66.3565719770382
59.0748500534056
61.0149355057705
68.9913257081446
53.8412013954394
61.255429690827
48.8421052631579
61.6619225625021
44.1264893917269
63.9262908877466
56.3923931463001
37.8690493751712
38.2922957264775
38.0128401747279
53.750093471921
41.113754919008
38.7134301348615
60.0210424355784
31.7583747912377
63.655358028189
37.903548910866
41.1454339441246
65.3173204455023
41.1416669527701
42.7577181607281
66.8153931957613
58.7571729854333
61.0435491541545
68.7873220027561
53.3477770522942
60.6935440302539
48.684370895007
61.9176383458776
44.0196894744576
61.1308441392906
58.9401586157174
66.8140277880972
38.3712743487444
42.5413645878916
46.67583915267
41.8918918918919
66.2649492324986
37.9108946380754
57.0875204394279
55.5109601728929
25.0670942107281
41.6372454826425
55.4203130777764
37.6736002010934
55.2916762739221
44.3193159276007
41.9186798587561
41.543472235055
46.9006701958432
61.2217094395531
58.6555718714309
66.7074890521784
38.2556691815734
42.4504351317203
47.0523545815168
41.8612777357172
66.3920344337096
38.0337583999153
56.8356131888986
55.6536281705844
25.0535018438095
41.7800097649439
55.6734567423128
37.4867012954503
55.4749706808222
43.9223448056787
42.1483339977021
41.5103054096184
46.8159916655815
60.8837028130134
58.6708881417893
66.9522301890306
38.2935662547933
42.6468320343547
46.6535126434394
41.6237188024784
66.3552609715119
37.6016153838106
56.9364573927095
55.6536281705844
25.1207459337802
41.5184141213438
55.2260364485694
37.8712062953638
55.7131123405706
44.1830740112578
41.8617107990405
41.5184552131935
46.7812666727393
49.7534716293985
