o
7.53144674754538
7.48549929456028
6.99745547073791
6.98054721632374
6.98515044939429
7.2941506522654
7.0200414820633
7.02504206428159
7.43161744679195
6.68089125188009
7.62008617479653
6.94158408644877
7.17748299575364
7.45870377360947
7.0290361756155
7.10706489382814
7.67859775136352
7.4329670899869
7.3645652593021
7.60047751691206
7.28812912580608
7.47388054834544
7.12970336452319
7.59745425616547
7.20818185249016
7.54026739656806
7.47651356993737
6.957029397098
6.99437515284911
6.99933922322019
7.39849701861265
7.02228224172856
6.90037879701788
7.44917759516585
6.59868026394721
7.46443645458809
6.99147113730371
7.03620020629697
7.37404285438518
6.87866892354233
7.07337546908947
7.4841305086074
7.35275247016553
7.61471913248017
7.62931895346515
7.29722501687404
7.49470269704659
7.20319806909036
7.48510816177239
7.29741088371264
7.46375584530617
7.31147122623453
7.04069595989384
7.01367175525719
6.9968563075681
7.33860207328338
6.98012129791207
7.01659695047902
7.53057651039404
6.68747734792419
7.50786163522013
6.97131177458209
7.18630463410046
7.57465596785067
7.16877267609158
7.20945155324048
7.52907167728796
7.39383460004903
7.28275651698674
7.55528012552577
7.28470085687406
7.35114885755706
7.15668519328046
7.60905650355222
7.11553745281144
7.54831315619607
7.35511199537899
7.01449417295074
7.03861393448675
6.99420410359248
7.41720480302913
6.88708551063164
6.92787500756979
7.33239328291245
6.71007097190451
7.54831315619607
6.87157470588941
7.02455529538684
7.43537838679539
7.04121507041215
7.10257204834211
7.5583696082311
7.48686858128414
7.50481329648597
7.60693518838117
7.37442246560533
7.38097691673537
7.21017729737892
7.60219176628236
7.03862028301887
7.43489600228367
7.47222367117
6.86984461922118
7.09096984172163
6.98985068800625
7.40348338415422
7.01896222254887
6.94899221421815
7.4440720243199
6.63470890648882
7.42940123953012
7.0299847867694
7.13689638422161
7.48559708414438
7.1554340089162
7.13725197115205
7.35785094252401
7.41315738404813
7.50786163522013
7.5986632718014
7.27235741348183
7.52491890685122
7.26511981742107
7.53560672812636
7.26613322512332
7.49911659621249
7.30513271628547
7.01879026923737
6.91477807544711
6.83966768525592
7.32858403570926
6.98235523493859
6.9892538697047
7.63663987845348
6.72843202874555
7.44995376339885
6.91572965784065
6.98796652617433
7.55793980074522
7.12151394422311
7.18315156073712
7.51613410986935
7.50186564721593
7.57155315943867
7.62718632697069
7.3904673307751
7.50951818301168
7.10532526738134
7.47243559596593
7.13955839584608
7.54211231703151
7.39566825145272
7.11681999652838
7.00786247985545
6.88794489644083
7.44169162355931
6.91199845864843
6.95698546789969
7.54379739515567
6.72453988448787
7.54374185394368
7.00566076952232
7.11549665918755
7.63338475450822
7.02484396034757
7.19532679820493
7.47220703480955
7.44661529280507
7.55054524407729
7.49171213030881
7.27628287343331
7.52037588754873
7.24015061534963
7.61117900217842
7.14526205529161
7.44213834844274
7.43875683184255
7.01767277804314
7.00163738116767
7.10750567484092
7.31688630095005
6.89912586991596
6.99736225087925
7.54761716588951
6.66286817288573
7.57916457236581
7.02137045387707
7.06369654458265
7.33787521770311
6.97869852753115
7.14704451623364
7.47670868237689
7.54116052274851
7.52462245567958
7.52808250673323
7.24545892128797
7.42237593751214
7.28423782464437
7.54712010853101
7.12279044327872
7.52285131847176
7.30616937028995
7.09079188773739
6.93518271539077
6.97543962342382
7.29256973838544
6.92359833446306
7.14946379021573
7.41287922968262
6.76490763299193
7.52374187777866
6.98566229452138
7.03541074745089
7.45364277244237
7.07194342445261
7.20330445295184
7.46453692466299
7.44956565906516
7.39495798319328
7.59718957113068
7.30710270822688
7.39342863790296
7.19017510339019
7.3758865248227
7.1211593048155
7.44310506079185
7.33552673690679
6.99556825257298
6.9614024856945
6.9537991043798
7.29592421406471
7.0639577888456
7.07206595658023
7.60037670278946
6.66147389469524
7.50904230224878
6.93394000266225
7.12633385568241
7.66083747794
7.07346278716654
7.17451731650515
7.44765197499253
7.48941287185654
7.5456293291896
7.57275394496868
7.32895898085261
7.42940123953012
7.18297146868575
7.4609375
7.2379556880479
7.45667593338357
7.49435312242953
7.05437026841019
6.93580154424292
6.98008123160736
7.46588972854857
6.96492058291774
6.96196390452164
7.45396462613303
6.82610091688568
7.47924607111158
6.93318490913051
6.98959489625392
7.48520594113728
7.01363558471444
7.18018119619563
7.5965477468878
7.44881377965551
7.49171213030881
7.61424686608742
7.4017619552019
7.40893986216527
7.34154185191354
7.49990183374563
7.25536871961102
7.47826994857874
7.42112624980573
6.92028985507246
6.94503363432519
6.94579131109387
7.47670868237689
7.09325212611877
7.05656334281598
7.53848177871333
6.80821738768818
7.55438365194463
7.14936304540407
7.19117480955309
7.51889565399958
7.20446601453466
7.17074635831206
7.51170016124592
7.4182439605396
7.43701896245149
7.42074181516784
7.28244955121268
7.31420387703954
7.12852531748109
7.42384716219549
7.31298822506616
7.60088080014857
7.45909215168122
7.0776565916081
6.90744267907515
6.84399746784038
7.25536871961102
6.89082906414604
7.01372143407959
7.50550141464948
6.73539195749533
7.33869622672979
6.93114897123331
7.06530466038365
7.44113438272408
7.12737059835024
7.19768466087832
7.5801749271137
7.49112720510235
7.52304920232005
7.64583221943004
7.35105125173495
7.51642575558476
7.16235506248278
7.37855060498955
7.00096691675948
7.49621271483049
7.45648220316965
6.91791305605438
7.02501591031478
7.04225352112676
7.27272727272727
6.9710107965655
7.02630580343481
7.52885624344176
6.73440176455405
7.32086830089534
6.96466705494079
7.03009222403214
7.51938796897925
7.13424562188498
7.21867297147744
7.47980192859005
7.40807661035324
7.54240962905536
7.63978544714041
7.31107742864057
7.44555277392241
7.38757754382352
7.45532003325021
7.29444656246029
7.5917166819031
7.49225277527164
7.04251318166734
6.97801863240577
6.98116425838836
7.26935958591292
7.08080520989088
6.9034481096841
7.50422358133505
6.65884184960082
7.51227968795146
6.85506100045541
7.08710197001611
7.47184993599289
6.89173233089954
7.07570509648689
7.55677472107193
7.48491261070617
7.42940123953012
7.63297766055229
7.42924681464549
7.4796662918116
7.31513926899762
7.49161777032691
7.23135271807838
7.52462245567958
7.44552294078665
7.15454057361186
7.00197961727399
6.98831621825987
7.32774054938872
7.00745994863642
7.04545733994024
7.37062811129263
6.63724502206623
7.45210752883953
6.99650785122958
7.1791916205177
7.42035742035742
7.1241188099116
7.06378362385661
7.46346419360721
7.30708902406366
7.62515636228143
7.57826242213435
7.34642503949346
7.43832819672558
7.32995027935825
7.46599838149685
7.12855027929486
7.4473615804523
7.42314518531953
7.52057329605859
6.97360254116616
7.01741494599162
7.19514640994785
7.01085828050762
7.50670241286863
7.00093915037383
7.48428821029024
7.35708792617278
6.33386299435028
7.18585402558315
7.4182439605396
6.9518586819373
7.38973433066804
7.1261566013332
7.03257320994624
7.07617071724956
7.18747648077068
7.46872796594678
7.43629745189808
7.42211322615387
6.88484731767793
6.88592478451389
7.15284366105757
7.0310199273584
7.5275880189175
6.70881629785739
7.44958851749288
7.4071201427131
6.2514319379439
7.08139894769421
7.23208415516108
7.02555977252908
7.45053599572767
7.26626016260163
7.12452980594375
7.15178794698675
7.22413771328256
7.5600375358507
7.57124515215291
7.51227968795146
6.86238047820714
7.12976927966894
7.17272112760684
7.14098777432983
7.49519287368049
7.09755735024526
7.5505013901883
7.51859967721195
6.39394750937333
7.10530231635336
7.19433493207443
6.86630477765395
7.1555233647194
7.07590856888823
7.06190276303119
7.1664829106946
7.20058410332586
7.426320018663
7.4091314635944
7.63257096426145
6.84032088625728
7.07555906795253
7.17955143465731
7.02016613168018
7.59081154121294
7.00454745489218
7.47310074991849
7.24060805944122
6.3988028766695
7.10838740091057
7.35558408215661
7.11841204654346
7.26100257689427
7.23693366565873
7.04208012212838
6.94242159432955
7.15909942777181
7.49735041281223
7.38868615491741
7.38554341101258
6.92907672773445
7.08413179205044
6.99505585057682
6.97097252974525
7.46579804560261
6.96233292831106
7.53045695285908
7.30252593479979
6.31815725926498
7.09905222077681
7.40597130670803
6.89049760696505
7.40539350862884
7.1146933343284
7.06617746976491
7.09853561677836
7.11889675736116
7.46239448930869
7.41095837166215
7.45140951487677
7.01315579750126
7.17979615403926
6.84980634055372
7.1775729030965
7.53392237298832
7.02283340074273
7.46074320981224
7.47183392447319
6.46152455831187
7.19297804381178
7.32413121974955
7.00233819334778
7.26321536957322
7.20276021860125
6.97663072644777
6.92586179757595
6.98233664139842
7.40951838130522
7.30346403810059
7.57746366924106
6.89073605589688
7.16702167648164
7.22955411441116
6.95261784869259
7.52877489882798
6.90977498010274
7.47427050858954
7.38021638330757
6.48761455403321
7.11699493598437
7.45335140206401
6.97161383109681
7.39065831126042
7.16809945111406
6.92703602785347
7.06321079732783
7.03134603564843
7.39840132446905
7.4651214387325
7.4713619561384
6.83875133008931
7.12674898144803
7.08991697496876
7.09720570749108
7.38630504279674
6.88015561399085
7.46210345366464
7.40204880443348
6.35903582367825
7.11933900726844
7.46902053980648
6.98301856848119
7.41326352078176
7.2306214289326
7.04919649019028
7.09299009213447
7.11380849926002
7.50892669607225
7.31261425959781
7.42837848367575
7.06172839506173
7.01900776753832
7.13831894457525
6.96936156755902
7.51248803639558
7.06988451288126
7.44610346575182
7.38421093327148
6.34903047091413
7.05682405970591
7.43866026223549
7.01363558471444
7.28349709549898
7.17547292889759
7.09202271431051
7.10082677458599
7.16603400107741
7.56884072353883
7.39027636015969
7.60324866079143
6.93207295643216
7.02685437704233
7.15382598599199
7.07503488128017
7.59433274575553
6.99377517392896
7.54384117120438
7.48970655512712
6.32520145711447
7.08141776657274
7.28636826042726
6.77336989928602
7.34502384248577
7.14000897173902
7.1301247771836
7.07106919016479
7.14633750203021
7.43769470404984
7.37489703459638
7.66524420424598
6.96902251249681
7.06030212671579
7.04493292585638
7.14774920615155
7.5332038427214
7.09272439699486
7.4090328243388
7.22230610498767
6.33085907772398
7.03327941969318
7.47600255278136
6.88208140998741
7.41324310013044
7.19433477470703
7.13008049289476
7.10274813134506
7.22026209677419
7.6041583579272
7.40424320091129
7.60759695696122
6.93030919841039
7.08736540820499
7.17110532639167
7.10635975791249
7.46540896891367
7.01612606986739
7.45394942241649
7.46239499902325
6.27855757535913
7.14223391127675
7.44320174583999
6.9935190948702
7.24729333198422
7.20365085551211
7.00874564246835
7.10627162576117
7.085346215781
7.47868835311961
7.46580348752219
7.59941011571829
6.89472288517635
7.14348157306458
7.1731333550701
7.02737235244975
7.5204775240274
6.93131695022054
7.3839798618731
7.35096024323596
6.45059608911504
6.94284571857847
7.47895320759642
6.92631273571221
7.30943709667114
7.12550607287449
6.97356871159661
7.19750352325347
7.22989028767885
7.46239499902325
7.48872770045089
7.46686821564003
6.97750879799321
7.1466879529042
7.13805217131325
7.13174435247993
7.51328568810702
7.10272972504764
7.55859889386358
7.27152955484051
6.24333790162936
7.04458708165094
7.46239550696187
6.92851797310673
7.24390767172731
7.19912555124194
7.13298726519028
7.17361910961991
7.00446182996149
7.46336698143927
7.49842964824121
7.60047751691206
6.95658508158508
7.12662801236607
7.20625714034625
7.05558423679229
7.52017608217168
7.06913963398113
7.35680504466632
7.38282656788599
6.3972538617569
7.07393120786759
7.50287566663181
6.88315425940138
7.44854792245205
7.1864084233721
6.9972693582992
7.03067484662577
7.21498904530459
7.36210507381378
7.34832065865576
7.49715422156511
6.89472607602248
7.17658404619065
6.96157163858144
7.01200484599288
7.53808508958876
7.06971005552128
7.4709571430434
7.4136369517402
6.3212938243276
7.03352277609339
7.42487657600456
7.0813302519866
7.29425243459996
7.22773026564747
7.11765874987578
7.08676024982994
7.09606310914067
7.51207062135744
7.43518627029702
6.77254450783409
7.04642495742528
7.08357627560198
7.42992232353934
6.9440229201316
7.04711216242854
7.56844013390317
6.66456942454006
7.43208944539172
6.99163697363749
7.07690400941935
7.54353053082147
7.10084190367229
7.16805382944802
7.47969609641079
7.24132246078146
7.49019453517506
7.5247420370834
7.27837229128759
7.46629074153842
7.14893830128205
7.48018602213926
7.18031261396074
7.66684091305105
7.39553165080679
7.0462440562714
7.05404407238705
6.96919203590411
7.45084781025694
6.8099975041894
7.0722405302329
7.34756683977688
6.55321484937899
7.40721556033255
6.97577989707066
6.95618334164346
7.4953481667846
7.11221635063724
7.10709093845905
7.41547396805642
7.51494449188728
7.43204615144743
7.5207741664037
7.36210507381378
7.51978372419586
7.20437543219966
7.58681062153487
7.17736369910283
7.51514195998056
7.28254226930128
6.98864955343507
6.99300699300699
6.99822597418487
7.38007380073801
6.96270328172169
7.14036051330704
7.40434439893005
6.62864546579827
7.580677224836
6.95719863288614
7.12142528105975
7.40433904623829
6.99540162410723
7.25124551551031
7.55754036413603
7.4376511585572
7.54985943006481
7.52186205536196
7.32610115655058
7.42548551251428
7.2785575222365
7.46892301263972
7.14794496582233
7.54413913867787
7.49313456257356
7.08649731628287
6.98082405399479
6.94924504275059
7.35246942886839
6.9563317186874
7.06535141800247
7.60622834614312
6.74951410565993
7.50815676716852
6.96453314534361
7.15454057361186
7.48628168278025
7.15811565416183
7.22126302788945
7.47719650803179
7.42256823451689
7.51219256384708
7.4930365759569
7.23876536022982
7.4717523349226
7.19080783446056
7.44123118552342
7.24830177222876
7.61937688656038
7.29806149221795
6.94814958529369
6.88337898226899
6.93108828972675
7.37347351082858
7.09360337719895
7.04745037266623
7.53828342893227
6.68634841359674
7.61117900217842
7.02059619932122
7.13840787342718
7.50461671447095
7.0701462150657
7.13218820014937
7.37622615277671
7.52748912914964
7.52116558377633
7.70016394764426
7.31969035027209
7.43132830129951
7.20184005128012
7.42612752721618
7.11703990759027
7.60264231694512
7.4258711118035
7.00885909987624
6.96741245136187
6.97173587706384
7.28072070240531
7.00069640435436
6.99155644492167
7.42362604617418
6.68244953176204
7.40961436325246
6.83981441622423
7.20566375248797
7.42018758026645
6.99181029214033
7.09281418562837
7.59799689172855
7.44898357837711
7.43465432756671
7.56073703968065
7.4875970311416
7.38626825583347
7.26459905001397
7.52700906662456
7.17799417729144
7.4462684041293
7.38074039665028
6.98856416772554
7.03618963269122
6.82993229769908
7.24151464127917
7.01367175525719
6.91263731615648
7.51445086705202
6.68673855202353
7.3429356337775
6.97297363191964
7.07115660386689
7.41951384024697
7.08622398414272
7.18764529221799
7.44336148450818
7.40558526133171
7.57435313435208
7.66427269803837
7.41584376253769
7.52760340584574
7.25713343229424
7.40683189599358
7.17520290018691
7.54413913867787
7.4761233756067
6.86252200677869
6.94772834745917
7.12270190311634
7.25316455696203
6.98448298979754
7.08588388054164
7.54980499631074
6.62626916761107
7.56143667296786
6.91196906531328
7.26229320874014
7.42045351532654
7.1819811237983
7.10169176426845
7.33383676133673
7.58086922008335
7.54503318234489
7.63989813469154
7.45443428259201
7.55557899733643
7.10285480125666
7.380359469956
7.20421169298975
7.54403981357137
7.48266450761978
6.89472607602248
6.84391572309015
6.98107920418134
7.37575141272028
7.0805427180387
6.96936156755902
7.44678085930393
6.65667584428258
7.54090148049517
6.99018685307165
7.07929553583584
7.48269952775271
6.88139501369073
7.24756833331225
7.58167167259881
7.4004236193625
7.44233167082294
7.77687296416938
7.47810171264218
7.44036005098988
7.08166196206606
7.53146889977353
7.04416147385532
7.53937448191471
7.35775646211333
6.92698259187621
7.09167192663275
6.89248682849376
7.4645336946185
6.96317900109369
7.10283617612059
7.5207707149326
6.72922220525889
7.69323720143392
6.98610095098757
7.1139473096119
7.48980445466904
7.0238664362152
7.06160728590267
7.55199409547408
7.47953895756373
7.43460660161927
7.5724537128811
7.18403436279374
7.36163214964798
7.20546257057707
7.53560672812636
7.23137888386885
7.59151552087336
7.35926843991215
7.0777440154154
6.88693645509069
6.92874158091392
7.51022334067317
6.98482355092339
7.04285942550916
7.53550762756444
6.76561227019943
7.5724537128811
6.83893298323089
7.11235787696738
7.48647730539079
7.07826860361696
7.12846159587967
7.53342711770816
7.40846090194456
7.50392875851231
7.54523188749309
7.30635601880237
7.47956848643348
7.11664074650078
7.44571643905038
7.20772849631437
7.62769398703425
7.4034902168165
7.05437026841019
6.93898768148354
7.09316263608616
7.26508707978939
6.937981216685
7.18101409930817
7.59229131119136
6.67441860465116
7.54632495291778
7.02963980763569
7.14187782777231
7.44678085930393
7.05421775742355
7.15382598599199
7.61299922939973
7.36589065573138
7.31109806823692
7.57165321035453
7.30271207177814
7.5079600099582
7.17937152307924
7.50982961992136
7.24436128249216
7.57365478409136
7.47953895756373
6.97453624811335
6.97292363857621
7.02205882352941
7.42824548212295
7.02739826829209
6.96174079968897
7.35190341164244
6.67910012822007
7.50029451418249
7.05126627451946
7.10741751426445
7.23293066232438
7.00782867574091
7.06617746976491
7.57485466078688
7.44723788196388
7.4531737773153
7.49176298310758
7.4611318003073
7.40137952414167
7.31352427630571
7.5389776988356
7.15686396962392
7.57114493712773
7.43223928692082
6.93728548385141
6.94031571156436
7.02581865526814
7.31940984863001
7.04996493472938
7.00326330070033
7.6362327918227
6.79812072892939
7.44600670530447
7.04086898822836
7.13947519250417
7.47037273639884
7.08701416163844
7.18114823044957
7.53871499176277
7.27041626946298
7.34255859926574
7.46239448930869
7.40836511733144
7.46910683560144
7.28201608906173
7.59101266493562
7.23183522017341
7.46326977180369
7.52254795132006
7.0104606349789
7.01861832435081
7.01646972387192
7.33533892338219
7.03455895893438
7.04294599178937
7.44629699419111
6.52366964956623
7.55846931103167
6.92539189499511
7.0968540995789
7.49911659621249
6.93435957014232
7.1555233647194
7.56585462467815
7.47105455304058
7.57695969533482
7.56555493939634
7.29202458672164
7.37717581625296
7.31343093083511
7.5901076921039
7.21471651074653
7.60431043635205
7.33074049434522
6.9280713845261
6.99010649848121
6.96343286302818
7.36390273993729
6.92095854671949
6.98831621825987
7.43779124858838
6.75819121081311
7.53801955668011
7.03991335491256
7.09976913338133
7.50095073239178
7.1194752498662
7.1165522046382
7.39916694693814
7.32600732600733
7.60466383929165
7.72820457488131
7.28384057048262
7.41009431029122
7.15608267026973
7.54926157135504
7.12328767123288
7.6351135273425
7.48198057035412
6.93587043358269
6.98840144890418
7.00411935117163
7.47310074991849
7.04918436139065
6.90419673948405
7.47339315525877
6.58666114904476
7.56685374711126
6.88668813999327
7.00394812433536
7.50766489347763
7.11783558172468
7.04467776439057
7.40606702943039
7.37812572429245
7.61573120323237
7.4796365914787
7.42535766120672
7.52314055012145
7.30811417493559
7.5965477468878
7.21862480788128
7.47222367117
7.43364209543084
7.08010527486377
7.02042416594175
6.86465958236992
7.2958313173241
7.0801927591746
7.05274170718198
7.6351135273425
6.79409044558799
7.57595790253061
6.9334365887008
7.21462567046914
7.47680624241554
7.08351876576176
7.04502422111294
7.53303096036285
7.36182131202302
7.42997925311203
7.65889193343581
7.39421625179049
7.42372222582108
7.2274567676997
7.66257906631541
7.28340451494814
7.39985019500478
7.41507602717567
6.96267133275007
6.88461954366867
6.92991473665115
7.24601026834265
6.9924096356137
7.06848909503602
7.60431043635205
6.78267045454545
7.50370593868475
7.07150628028879
7.08395663085539
7.46258937525233
7.05882352941177
7.20754716981132
7.55797082333078
7.46570077262837
7.46754939269145
7.59242082946866
7.23913181041574
7.45315716780028
7.14919571548201
7.32619498949741
7.17817433426198
7.51247701602312
7.44103758244331
6.88145136065061
6.93047713669518
6.86229815005879
7.32431878713378
7.01384375804691
6.97909930575044
7.50488736108742
6.63034658629883
7.29331361248534
7.03627618614149
7.16083075651923
7.48436395990893
7.02780405695962
7.09263828784704
7.63603353446895
7.55963787748629
7.54378560877822
7.6260565821401
7.39002024839754
7.4061605790271
7.0892978868439
7.45937768967946
7.12603869488844
7.38135724223218
7.38040650197068
6.87850377537424
7.03032979976443
7.05047105499122
7.49014797609416
6.90509702022207
7.00504021185975
7.45938921377518
6.73566617381304
7.60067915318088
7.02713972112189
6.97665923950762
7.35841787594709
7.14775774964136
7.22117202268431
7.5917166819031
7.46949629784128
7.62008617479653
7.46988580069875
7.14303522900097
7.32156091078684
7.19758824268308
7.64703527245066
7.2495856475917
7.45482221615081
7.42805289084781
6.9642792031795
6.9518586819373
6.99719135425571
7.38497229024359
6.99300699300699
7.05196051886676
7.57485623636724
6.58567701449309
7.58106981728696
7.07241511250447
7.08098021527168
7.51573976915005
7.09149639237138
7.15052287418574
7.41834000077679
7.49401655746067
7.39755738593819
7.49558506115508
7.22842844866805
7.42770325546365
7.32647650276024
7.6112412177986
7.1904462602137
7.51099730812159
7.21175061463784
6.93913697516711
6.99788350726092
6.95948412215598
7.34906787609369
6.87863774111309
6.91957805090487
7.62748026456155
6.7330555359371
7.43132830129951
6.87999039442877
7.10539042446338
7.56186077202244
7.08562101201959
7.23612759831283
7.5534485718436
7.43552412645591
7.50321378912296
7.54587549305437
7.26834527811251
7.46258937525233
7.21190152544933
7.4442654471756
7.24582701062216
7.49034243436129
7.27994705493051
7.05319489999753
6.92804282790112
6.82243770947389
7.4143205267797
6.86485124155395
7.05041291753975
7.57325000992996
6.68060405741582
7.42240215924427
6.91380706610422
7.1061197107859
7.4752675806009
7.17241379310345
7.20230675279215
7.52582066969278
7.3239870194836
7.53553690700463
7.5897299807603
7.38426583357001
7.45208906028115
7.19225449515906
7.40299743742396
7.22213103369907
7.55398528752604
7.38916256157635
7.09088209088209
6.90994163330278
7.05308895754607
7.4041530450064
6.88586055231091
7.06056311995564
7.48022244850004
6.65366125548666
7.60986493485796
6.95681683210316
7.04822014022766
7.55807051561078
7.1494522496444
7.0762581043532
7.53085283951266
7.25086997785511
7.4442654471756
7.50442014275424
7.33627808719032
7.54443712969059
7.25858552589909
7.582072962566
7.1160676585281
7.5893034529344
7.29518110637214
7.07372475433312
6.95979594315559
6.97131177458209
7.41008961940849
7.11165169041354
6.99556825257298
7.55537974683544
6.72930123311803
7.42599875802111
6.98279847205664
7.08405840028632
7.44068875066551
7.10239597406944
7.20093499051186
7.47456300547874
7.48295766186956
7.46959366974749
7.4531737773153
7.1864983974359
7.47094271843397
7.11064862989941
7.55024729032937
7.3069823690408
7.44310506079185
7.33280438176653
6.89862749819408
6.99599531158429
7.0116616292018
7.42093402750797
7.02059619932122
6.98558993489869
7.60622834614312
6.71652288072018
7.51140475066855
7.03706432834721
7.14472749036771
7.51642989256621
7.16572457605923
7.19081382945347
7.41997306536828
7.44987908573212
7.4930365759569
7.51840237229869
7.37770237268965
7.36312791831289
7.16666874758094
7.57056185702981
7.23229161407583
7.52905375272174
7.47609992445753
6.92676216105325
6.97779020434957
6.95766009284961
7.44555277392241
6.92642782155398
7.0690525745391
7.54320257572771
6.69582968795567
7.48804265440004
6.99890069622572
7.22353890373657
7.60370498155471
6.96842924551248
7.03412717898355
7.46132611073493
7.39612510164832
7.52907167728796
7.67787752914378
7.35115197930407
7.40492285463646
7.18487920891225
7.52727654217373
7.30949470252649
7.52659923814528
7.40453576274472
6.97105733785905
6.97606467165015
6.9953974435668
7.3666482393325
7.09694199829079
6.9659725008206
7.52205419029616
6.74117647058824
7.55777144666034
6.95599393019727
7.14837231313358
7.51643401513763
6.9819491071863
7.16949025299667
7.42478036644466
7.44349181605612
7.59252143264122
7.582072962566
7.42911226646268
7.54165679538814
7.19171634766238
7.45152606733683
7.19686503052074
7.59718957113068
7.50803964034915
6.99369100601555
7.02711335520092
6.97178377719544
7.35407559784006
7.0451108406182
7.01071795624725
7.41641966839673
6.62665232626722
7.31464460784314
6.98414246187975
7.10653602877341
7.48598826803235
6.98295087561086
7.1100062150404
7.48495158335514
7.43465432756671
7.5217631433606
7.57907010639848
7.38249845392703
7.48207826802293
7.2290068631409
7.47641601753631
7.2052813580635
7.65340255291819
7.35076784681617
7.12435233160622
6.99343448545684
7.03575689737881
7.46005868927291
6.95204064269914
7.00731357728258
7.48583319155619
6.6652683586194
7.68321513002364
6.9910412006991
7.1607411116675
7.30281132701785
6.98566229452138
7.1326142527589
7.5162282200205
7.46989839893436
7.41115041266633
7.50685722535008
7.3652278978894
7.34408243828664
7.24015061534963
7.696033582692
7.18186954611087
7.60345079690013
7.52225772938283
7.10320761980454
6.93106498479286
6.9797806006028
7.32263102644852
7.0328157082611
6.96617992717176
7.45121538180965
6.49291681801671
7.40347652761419
6.90737833594976
7.09747865793131
7.4861271071092
7.03212402109637
7.03324808184143
7.34755745096276
7.47321661876143
7.51632698650478
7.62067173823259
7.37860077005293
7.56156140304574
7.32680357005856
7.45928635588477
7.22888520985252
7.4821122578451
7.4390053581647
7.01470389855659
7.025416559385
6.95666953998567
7.39421625179049
6.96131791233356
6.874625074985
7.55388570298596
6.68057968310968
7.36295649045257
6.91870223016458
7.1256248911881
7.51692291546414
7.09035563145
7.06639700078927
7.49009816865139
7.3741377535262
7.53848177871333
7.60875338609444
7.39526599726388
7.57255378759846
7.30680948737567
7.51800779353688
7.26558042224054
7.31007208011737
7.3444441591125
6.97458908452422
6.94891575047075
7.00825798230783
7.37997858257964
7.03549728173969
6.9423373344823
7.51267435446164
6.73178768977286
7.55846931103167
7.05499944594245
7.00865991486863
7.45210752883953
7.20401312563648
7.25371547206117
7.35860687316998
7.49529091670155
7.50235676128627
7.68828241355714
7.38040650197068
7.30522585004526
7.07730691797488
7.39899022506876
7.2290980659324
7.40243130466237
7.38954373113925
6.94528617488061
7.0451108406182
6.9999267023382
7.41689965827897
7.02188671846278
7.05699788166905
7.51554261430707
6.62557959367737
7.49911659621249
6.97445135533187
7.2290980659324
7.45705361790734
7.14526205529161
7.16455981094565
7.36380810404431
7.35096024323596
7.44397531666126
7.63165267975077
7.43981926302942
7.43759816201763
7.31445786208481
7.47134679827364
7.20709389346582
7.53871499176277
7.34925672289962
7.01513404792857
6.9271199166808
6.9609239044455
7.28263498975084
7.00920264193023
7.0543257075908
7.46765539120331
6.74075208880823
7.47895320759642
7.06569991121634
7.11094564408042
7.61087571559499
7.10274813134506
7.08474492445412
7.35039445834135
7.45695657266303
7.38716206634265
7.53659787712583
7.40329207473061
7.48266450761978
7.30113020985971
7.50265146059471
7.13636307025519
7.44510536386
7.55235152763474
7.35530494940013
6.93476231465878
7.02469696783622
7.2293420287657
7.13510546733693
7.39084930161643
6.84644571319138
7.31298822506616
7.37227406299943
6.24965856323409
7.11124372171664
7.4012732260235
7.00551132884262
7.31560705470079
7.16935726461446
7.01573634568446
7.19216406181238
7.17529290749893
7.4329670899869
7.48032010025979
7.36002466186274
6.92597785621041
7.11792400094409
7.1554340089162
7.08588388054164
7.60693518838117
6.98133437302013
7.46978842117613
7.47202879273922
6.44276285460495
7.20954226326782
7.52254795132006
6.95582504825376
7.2360362180661
7.16232094197645
7.0805427180387
7.00857418936605
7.10662416748316
7.47905082621975
7.39755738593819
7.5731542914541
6.87239886299579
7.01737167533615
7.13769650464635
7.08772450645688
7.53491307892591
6.95228042077676
7.43914313534567
7.29221018873207
6.29794904486602
7.08535816300033
7.32680357005856
7.08649731628287
7.4008059516429
7.27646767495905
6.99505585057682
7.08754916755313
7.14650968458075
7.49646763305249
7.33045914516356
7.51938900043305
6.92003912901706
7.04416147385532
7.07564643994962
7.06892510393664
7.52156049408645
6.93545068325688
7.46229781470581
7.37119701550138
6.29822594473389
7.06247766013829
7.28942715025379
6.85439494712666
7.38649547528811
7.15391530163803
7.20763783192242
7.15043364322705
7.16886236534925
7.5500486675611
7.34483554233856
7.60956175298805
6.92196182652815
7.14642055375405
7.13938623705753
7.10035749186675
7.63399388216518
6.94982564897327
7.51663087318632
7.45890455460984
6.34611770168824
6.9489001610111
7.36823188108136
6.95487810788543
7.38947964674683
7.24591943648459
7.01531391696508
7.15006415127244
7.09605637285202
7.51534546980746
7.41038230836
7.58499973479022
6.93753790175864
7.08490741314176
7.17209267395141
7.09307651362292
7.54374185394368
6.96233292831106
7.4452327122476
7.51268503100785
6.39337677407837
7.1117399560636
7.37309399729782
6.83403900053671
7.39946796146595
7.18513316948387
6.9418363761918
6.92196182652815
7.24436128249216
7.52482008719861
7.5019638648861
7.49813528049307
7.03810155501511
7.21689736388025
7.06892510393664
7.06291292771916
7.55986542647932
7.02920863132844
7.46891211971115
7.55139694254086
6.31391043723554
7.11076915440173
7.44387861151528
6.96317900109369
7.23475713690484
7.11403563225526
7.04649704243885
6.97385716372134
7.14766858768056
7.46414474969714
7.43682591597555
7.45530718988264
6.94798108403056
7.04502422111294
7.12837291467101
7.14285714285714
7.55547937077229
6.86770381379294
7.4329670899869
7.42814918523704
6.30286763977956
7.0119190386451
7.39564779679393
6.97283878504673
7.30569155446756
7.28358967840346
7.1537366725761
6.91294276614226
7.17110532639167
7.40013689607522
7.4397226658357
7.74586008786752
6.96677384780279
7.08210036277192
7.19288996008134
7.22463183377043
7.56196056694909
7.03153761197693
7.3634295847951
7.39002024839754
6.33254130518871
7.15391530163803
7.29787559223598
6.99275097019843
7.31931635286003
7.14134376908409
6.98107920418134
7.0979090278466
7.03775577882041
7.55537974683544
7.54831315619607
7.50638632344272
6.8430056586393
7.10453100158983
7.05230769230769
7.04294599178937
7.52689584510095
7.03145132591329
7.39078280385404
7.42391459259163
6.3109202048571
7.1606203371615
7.36674294823995
6.92463866196162
7.34850913754409
7.19831160021105
7.17415800676099
6.97487583990652
7.1256248911881
7.49918059652573
7.45859955665667
7.56783932894963
6.97441900163387
6.99437515284911
7.10539042446338
7.26355419777657
7.45424033095266
7.00514688802768
7.43499247417865
7.38154741967897
6.27086183310534
7.14499476283106
7.36153757210581
6.81591092924775
7.4382740088792
7.09219858156028
7.11138690660875
7.12349884383003
7.11960438358888
7.45588924165929
7.35794542536116
7.47670868237689
6.95244913064052
7.0639577888456
7.13708423997513
7.01711491442543
7.54201321823223
6.97194218389409
7.49836708033965
7.38567641987699
6.30090671584448
7.14392393090058
7.31163620151583
7.03534833553954
7.31172933863243
7.17446191535635
7.15603650326634
7.13655182703187
7.22394220846233
7.37736577829278
7.30867346938775
7.60067915318088
7.07136774814577
6.9922389808171
7.14856030740057
6.96868349042262
7.50835353469174
7.11315250450003
7.31847499840347
7.48579267097786
6.35903582367825
7.14615317461307
7.474368005009
6.98703800802351
7.41545987498544
7.16196285278604
7.1139473096119
7.03775577882041
7.15740035224902
7.54165679538814
7.43393142100961
7.41133559251882
6.77841789596962
6.88577780448236
7.21244618986481
7.0797553592389
7.40013689607522
7.01578244952432
7.22180910729365
7.3296152271797
6.35501580435868
7.19243852536182
7.49107738165274
6.99283630905164
7.38021638330757
7.23137888386885
6.9640252795333
7.10424518944654
7.23110510972855
7.25379434102943
7.51485952187688
7.64254751583861
6.99471429094594
6.98703800802351
7.1466879529042
7.05943228858664
7.66493659371823
6.96292515766833
7.44339512347203
7.37632110812168
6.3661007910408
7.08124273956351
7.55189456342669
6.95346156179843
7.44484577605696
7.0569109696171
7.01865936269595
7.05966275966399
7.15817828103956
7.4168036553322
7.32408768454017
7.56053716823517
6.9440229201316
7.09835943510958
7.05838876570584
7.13245453527017
7.5343186240993
7.05039866128556
7.32361963190184
7.43557135812722
6.28889401073392
7.11783558172468
7.40539702233251
7.00943153877207
7.44678085930393
7.13423061120311
7.00745994863642
7.07844348363187
7.25628751614619
7.49764471893646
7.59886481181869
7.58397967016968
6.98048388275711
6.9960807296436
7.15275437216792
7.24747666388404
7.6350117922957
7.01801658358543
7.40290948554301
7.41382879619087
6.2948355982291
6.91878577120916
7.28840723498436
6.87561496556193
7.36333496106299
7.14606405267884
7.17802247359916
7.06021513325694
7.26576468052192
7.51170016124592
7.47368558348224
7.62779552715655
6.92957950876175
7.10971040027794
7.19315895372233
7.24224813562756
7.66524420424598
7.02955356814251
7.47905082621975
7.36021374163466
6.26859793453527
7.06526430007028
7.34624802882088
6.87231643838902
7.3741377535262
7.09746943628999
6.98371684867395
7.14829276812335
7.10539042446338
7.60219176628236
7.53144674754538
7.55767176226968
6.86556434219986
7.09579948484248
7.25957403753731
7.13238400556674
7.52135856176948
7.0702716018969
7.41276441873079
7.23386558116674
6.29385964912281
7.00298908070518
7.45860668541081
6.94958217608034
7.44242833577951
7.19677463921928
6.95236477468514
7.14045384874201
7.24088255364319
7.50019634021833
7.50245499181669
7.5762584125557
7.03818800437277
7.04623708804722
6.98788115715403
7.18538803607768
7.56904103425917
7.01719949947248
7.46142106155672
7.42548551251428
6.31258882242126
6.94032291275542
7.29954903309638
6.93469526068645
7.44358851115239
7.15329013894611
7.105566647239
7.14535115722267
7.1720029038476
7.50419815281276
7.46327079147204
7.49485711290766
6.85169435693495
7.10091492557695
7.14071706781185
7.12532854989599
7.45247742759241
6.97441900163387
7.45267162642832
7.42577470822677
6.24488236257438
7.12621625325476
7.48838122668063
6.8594179088369
7.28801681850035
7.22249580160865
7.07456742483272
7.04025994805962
7.18863893427171
7.43373853478808
7.45724771597387
7.55488166655679
6.88156030072298
7.00823130832548
7.07398674090443
7.09430598373138
7.5389776988356
6.93041763930381
7.49529091670155
7.43991586273161
6.41111707841031
7.13254331806413
7.46152043128369
6.974960743022
7.39240375683765
7.1509690623869
7.05109273479031
7.06439323889485
7.16984909532271
7.42753623188406
7.40979797327825
7.51712306342409
7.01291402460629
7.03577951288871
7.13130056004978
7.22946290011229
7.54721951476515
7.06500295916354
7.41574778692344
7.31585868774179
6.29075818457282
7.00694580316964
7.46356140830761
6.90178506901785
7.38687636973057
7.17901172697203
7.15400461951433
7.1639853724898
7.1784097446287
7.36683765958267
7.43586083390649
7.46686821564003
6.83167608555691
7.29787559223598
7.13005823503061
7.07459811837914
7.54245096748717
7.06021513325694
7.36920623488863
7.47232111419741
6.44153157811903
7.15722154910753
7.29964202453597
6.89696677900819
7.34455311021957
7.20021110566593
7.07486016964848
7.16769658002051
6.98431272168794
7.44384581348742
7.47184993599289
6.8574442832652
7.04963088034114
7.05032601594951
7.2463768115942
6.98470948012232
6.99386352779785
7.41828197266539
6.62505221144475
7.50508430099062
6.93694895521302
6.96041567797126
7.51267435446164
7.05832993990548
7.03679555156421
7.62544659521143
7.39964554145483
7.48965589483057
7.68146108910226
7.3584274577405
7.59658419326135
7.10947598687481
7.53325431318319
7.1209819983567
7.47047013115695
7.45880086433574
6.88958626411283
6.85857920880962
7.01037486542038
7.37769408365686
6.87640503468257
7.14839161188733
7.630532803287
6.72158309733369
7.53838260251806
7.0290361756155
7.14820359281437
7.582072962566
6.98993595608417
7.22618071757362
7.38659069521612
7.43065371597526
7.43306351183064
7.70762153291545
7.36598534516005
7.51554261430707
7.17775272453965
7.51130628563938
7.08299339909516
7.41547396805642
7.40098593553897
6.98276283021632
6.99771228636792
6.91230317458399
7.29684908789386
7.12426359775312
7.04129993229519
7.42558190858226
6.6500029064698
7.52976425136009
6.95413667973349
7.13254331806413
7.52363445378151
7.09184746958427
7.08597150771666
7.56206036450979
7.51091245133637
7.49358067389824
7.52799968413987
7.30941932850291
7.31212434439723
7.17892178357994
7.50029451418249
7.0776565916081
7.46697300402068
7.4148010837017
7.08736540820499
6.97739665036168
6.79455960087902
7.28866688753536
6.89297807984768
6.99189575719053
7.54179631875956
6.76114939539722
7.43339831059129
6.77131425053863
7.12808115046233
7.46219978343966
7.09351786400784
7.1928875922689
7.50235676128627
7.5343186240993
7.48110140613372
7.66396462785556
7.54030503961297
7.53911244085356
7.14464151886085
7.48387434417972
7.01909389878761
7.39281068480095
7.41467951533314
6.93219970532113
6.9972693582992
6.94436028262213
7.38763827647559
6.90436312371221
7.10838740091057
7.54284811626254
6.71935831887049
7.5628588398337
6.95455869501893
7.01732900618456
7.44474904829342
7.11279931478792
7.16097829211293
7.48393500862024
7.3820229061723
7.46599259915568
7.674381227901
7.30932608778845
7.48598826803235
7.29313834052465
7.48530372305683
7.23658453416855
7.41392472213956
7.39211765464749
6.99838780595046
6.93444348973146
7.01857714299737
7.19243536867518
7.03221047455127
7.01074899802669
7.59214770178256
6.70472260968434
7.5677531829468
7.01140423865694
7.05204730902244
7.56675382299342
7.10821103819578
7.11094564408042
7.61441556370595
7.56365748379688
7.44233167082294
7.52195544586949
7.33092807246488
7.43653636505217
7.33383676133673
7.28099824646116
7.10997505924979
7.44665616497208
7.45364277244237
7.05606611978042
7.08956148831214
6.99531607332852
7.44888657377263
7.13831101571177
7.02124786723459
7.62199184500173
6.61493448670653
7.59745425616547
7.02378033831822
7.25206297777553
7.50314267756128
6.89447719889303
7.02119838255116
7.32727202976944
7.29164010911965
7.42394351573045
7.69665491536371
7.35161812713673
7.49908228014054
7.26579866624325
7.49466070937226
7.18900032677274
7.48975396420107
7.36638763683194
6.96898072565121
6.88418442874508
6.9486625039481
7.3719556910726
6.96707358591508
7.04623708804722
7.59322572950624
6.55044298370963
7.46142326974412
7.06439323889485
7.13965311004785
7.5059930048861
7.12473888391525
7.10274813134506
7.51416281997482
7.55418446448347
7.53950993185443
7.54726939265593
7.44165508642969
7.42911226646268
7.19433493207443
7.32202870030796
7.16285814290715
7.61089784602261
7.5096994805024
7.08094098389117
7.03108674541812
7.02133405347016
7.34123928333077
6.94570932449334
7.01702733205751
7.49574105621806
6.57312602705094
7.53970869307322
6.87285223367698
7.09651761079764
7.35218376596621
7.06211195488164
7.08964489694562
7.41943866943867
7.32821684334814
7.48734625370434
7.59965395621215
7.31897687868668
7.50872955446454
7.2092056009982
7.5035090711128
7.2900602831908
7.54980499631074
7.32661620294599
6.9462965207904
6.99565366020413
6.90619387964179
7.39173621950748
6.95709186275224
6.99984119033949
7.57916457236581
6.72109226546555
7.61192446424783
6.96306180627161
7.12447312469693
7.54592743794034
7.0513530475874
7.17658404619065
7.46754939269145
7.4071201427131
7.51573976915005
7.49107738165274
7.31193772730173
7.45268908109514
7.25399096099556
7.56815300084531
7.19794344473008
7.55488166655679
7.42189523858868
6.91144187392951
7.04823056201336
7.0367186540587
7.24802671523983
7.02670885144581
7.02231699694842
7.61826255750259
6.69681988710073
7.51978200492585
6.96377137440298
7.17442748569497
7.6390833100028
7.02515815801089
7.1490062507018
7.52689584510095
7.53659787712583
7.47222367117
7.45889795758972
7.28426395939086
7.45628848302201
7.24134885891985
7.50935398623721
7.18730826540451
7.50114746573995
7.43784458545719
7.10276660209606
6.93560316709711
7.01418778893671
7.3237561137999
6.69648083542111
7.04850157728707
7.35833279732424
6.6432835474205
7.37793572311496
7.02461069902245
6.94604670366368
7.52998170161789
7.07369254170634
7.16298290651806
7.53315510134201
7.50104909777591
7.4169162744259
7.66345123258307
7.29109671837026
7.49362453410057
7.25197119461354
7.50451842732535
7.25472570046719
7.57715764184069
7.44159514610937
7.55183664877381
6.80094786729858
7.06461538461539
7.22126302788945
7.06953560677096
7.58247429501515
6.92296539725498
7.47563568996334
7.1791916205177
6.29511222438285
6.99984119033949
7.48237137633847
6.9910446304385
7.35794542536116
7.29527398655531
7.11527237958053
7.11200476616026
7.11597928542156
7.34184339106188
7.4451664785919
7.67307872257944
6.99079261460515
7.12503568724321
7.07733280725982
7.07114259316292
7.46142547023879
6.99351820264146
7.51938796897925
7.46948442339224
6.27624212736179
7.01368523949169
7.50611342862
7.00418542787763
7.24829841774949
7.22894600959661
7.20508121406874
7.03491721103526
7.21060234909867
7.20684398190729
7.35388650330411
7.36743131673515
7.00259536751383
7.08350360986242
6.97739665036168
7.09395773390217
7.4769287077462
6.97067927563431
7.533055892114
7.5081381917463
6.39027605545687
7.0455497253221
7.43484759862221
7.00165248791236
7.30607604960979
7.19424460431655
7.07316771568834
6.89156626506024
7.21848538004316
7.42429935604245
7.56795308661542
7.48295766186956
6.80239805306583
7.02455529538684
7.17460714956489
7.12323317711118
7.63470660342163
7.04589051202597
7.38097691673537
7.20609688616128
6.26866651350553
7.14980908886726
7.44794239218031
7.01329220826908
7.34257669340578
7.21507989473287
7.09650252650352
7.15462990710219
7.12367596598538
7.41958875019423
7.32062551103843
7.42074181516784
6.95346156179843
7.06526430007028
6.95880678362004
6.92913385826772
7.51366120218579
6.94073678590496
7.3775989268947
7.44229618257046
6.33233698660467
7.11398544866613
7.50991255940971
7.06286194080532
7.44291169823085
7.15445124235235
7.05334941776016
6.99445814311174
7.03179648287457
7.32783426050259
7.34417656784712
7.620288852834
6.84113756297906
7.16026241799438
7.16684207888538
7.11416240687537
7.48749901824751
6.97050938337802
7.47739165611828
7.41143145395988
6.35727203133148
7.22153605726817
7.49293859190292
6.91820102626019
7.35360172482386
7.17083609696272
6.96216373842677
7.08176784654934
7.09826074030028
7.3953823953824
7.41995113690715
7.39881412735241
6.92392130372372
6.96458254971668
7.1256248911881
6.97971861867349
7.60643028766378
7.04632373737995
7.32999027784885
7.21862480788128
6.40703096172554
7.19090407108077
7.47456300547874
6.94242512358244
7.40147512820182
7.20510015466445
7.14659881763077
7.05671186732398
7.28888888888889
7.53402143185852
7.40961051052604
7.66196429765327
6.98329128733867
7.09834867385999
7.158679899378
7.08166196206606
7.59557544451379
6.98455339153795
7.3904673307751
7.34321843507285
6.39141851500084
7.0686224836569
7.48132937468119
6.89123415739001
7.24738675958188
7.15787366102713
6.97305863708399
7.09439765835266
7.08192499597618
7.37978815363377
7.41057431950976
7.61488897172373
6.96050037722992
7.06739976524371
7.13145820865749
7.12364252266613
7.56733873101551
6.97560975609756
7.4370709382151
7.44995376339885
6.33542298916776
7.02323068611561
7.32028820435378
6.92804282790112
7.33436766723512
7.16298290651806
7.12151394422311
6.98037684272186
7.19333987273322
7.31912936848559
7.56076320164674
7.38344973326805
6.95143699426173
7.13538553496713
7.00963211685988
7.12799232370058
7.49859073688074
6.92217394987475
7.41172659540007
7.3756012017588
6.27571452081848
7.0795583939799
7.31828805701368
6.85931813828768
7.31613891726251
7.35067733990148
7.16429107276819
7.11721670869095
7.22444965579847
7.40004132658333
7.37233508742586
7.57195337896768
6.91937061501491
7.1208430680519
7.09887632097328
7.0405229400634
7.44958851749288
7.02584727058708
7.49225277527164
7.32034493771958
6.28703094140882
7.09667830868693
7.48422826243126
6.96047229173247
7.28683156355312
7.29026183872363
7.08299339909516
7.15561272275435
7.07704468542351
7.53788676068196
7.474368005009
7.66124719221307
6.912025476785
7.14312427540297
7.10832743043905
7.09219858156028
7.57705988918715
7.13094556587102
7.5115032182793
7.47563568996334
6.3754506208554
7.03015728903394
7.45928635588477
7.01801658358543
7.29007633587786
7.16715865312453
7.10406903221007
6.95692292749259
7.0290361756155
7.49048982313032
7.41095217155126
7.66134962762899
7.04121507041215
7.05499944594245
7.24362383810754
7.18060733878156
7.42905383466459
6.94250585622216
7.50370593868475
7.32919891343345
6.23188721591528
7.10550179500876
7.46619328564716
6.85826648921502
7.36164736164736
7.14187611591814
7.11124372171664
7.05517317802923
7.16590380430705
7.42934330839568
7.50045894416616
7.63185632897037
6.92242526927266
7.07019517199609
6.99540162410723
7.04858843390716
7.63919494637873
6.9967707212056
7.47575607078443
7.43339831059129
6.36566989772639
7.08596063079915
7.34208736057094
6.88161693936477
7.27642793537718
7.10673773404401
7.13243637542551
7.01719949947248
7.13946928280786
7.50953435644732
7.59101266493562
7.41651566140306
6.90977498010274
6.96978543278354
7.24335393833668
7.04719034793196
7.44030228662693
6.87511998464197
7.31044513338692
7.53322903382722
6.33044246809921
7.0769572788914
7.40549273021002
6.91853515412758
7.42670503149545
7.18918986738266
7.11633279101827
7.18099105195879
7.24161463994136
7.56156140304574
7.38478193628209
7.52156049408645
6.93092061495289
6.9859306039843
7.25805428314025
7.06822751551186
7.55089938723068
6.98737881836473
7.48285994123408
7.4124860935034
6.40352249614448
7.04285942550916
7.30578470247734
6.90960833494115
7.26005701615458
7.23713293337543
7.03421353073325
7.14454931983392
7.20664067412904
7.37442246560533
7.35209207436776
7.5468219055396
6.98610095098757
7.006603081438
7.2012064848561
7.0479704797048
7.47202879273922
7.07389940989111
7.43142468063031
7.41267787839586
6.39302011625701
7.11774716470194
7.46326977180369
7.03758290346352
7.29620291848117
7.04632373737995
7.00420496772932
7.13547439074505
7.13423061120311
7.48765125578235
7.43528190488549
7.70161290322581
6.81704618459562
7.0003542936728
7.14794496582233
7.19795638441114
7.50892669607225
7.02996337536563
7.44811062788093
7.28217141111168
6.29352932762661
6.96749717287418
7.49186093641724
6.92054059929708
7.46414474969714
7.31156452168587
7.1151840262256
7.02214487922646
7.11925055289119
7.29582530835066
7.4448146605581
7.46151839290373
6.77636800890879
7.07255551708789
7.01049122462987
6.84792108130111
7.50321378912296
7.06504285961315
7.39342863790296
7.38074039665028
6.19906363794
7.16729108975403
7.43291534013385
6.99454621047225
7.44500846023689
7.23034723363376
7.08385450852663
7.17205406625373
7.02633647798742
7.42997925311203
7.55159598302538
7.68477663184153
6.98541961281514
7.04173425748415
7.23329588345936
7.07311352779252
7.59997347304198
7.03032979976443
7.48100373397394
7.44610346575182
6.37502503282081
6.93100445132572
7.19189687849083
6.88147765621435
7.4382740088792
7.21953432113698
7.00497561094879
6.97767873451942
7.24097405633554
7.48882557440468
7.42969023507903
7.66278401112642
6.86795076170728
7.08290584556051
6.99907167635706
7.08597150771666
7.63033490911512
6.97827357755261
7.24683504281071
7.49009816865139
6.36886038524381
7.12934852933858
7.38773352586996
6.95683846293936
7.34361182667538
7.29016908612069
6.99719135425571
6.99556825257298
7.13396414342629
7.48569487628354
7.32774054938872
7.46016039995834
6.86350841468527
7.10459753012945
6.97816274246676
7.03480506702743
7.51277302756872
6.94790287511995
7.31093188818875
7.45383703201762
6.36474908200734
7.29360250502788
7.38801928879032
6.89920893887036
7.36693237336076
7.28257139588973
7.14374766238624
7.12979207883833
7.14428208069423
7.52956636005256
7.37727079605001
7.54493383369544
6.94217279104423
6.93427565258432
7.24316521254638
7.07605522292048
7.58178251418271
6.88966910350135
7.37138666975416
7.43875683184255
6.26380113251274
7.0304160583046
7.37850575600711
6.98022877608449
7.3096058170685
7.27480479908589
7.19731702108952
7.16026241799438
7.19027242725025
7.46871741397289
7.45482221615081
7.6586871967601
6.96766662208009
7.12925982606099
7.11752628631867
7.12612747296557
7.5895044967483
7.05708479586181
7.4554041922011
7.40798200364581
6.36694964220632
7.0945694970656
7.45637435423634
7.03741003659945
7.2865535746077
7.19993968636912
6.91920350669581
7.02438306792689
7.22545174835757
7.22244226499895
