o
55.9605911330049
54.6740891662522
61.2564033432192
36.8396588440044
39.9784154095207
44.0135386523357
39.9831007733743
60.1252978028766
36.2550945484341
52.7619903055457
51.2778062069173
24.1148907858043
38.8297508604773
51.6165197103294
36.5444228727113
51.1423339037497
42.2704714640199
39.6842031719416
39.8629127530909
44.1902983623138
58.7271472921697
52.5300833076211
35.8074285954655
36.9169720493527
36.3618888960082
50.3467344856649
38.6562826392989
37.1250695072887
54.8894475601109
30.7409045371265
58.4600597301843
36.3426839808363
40.8124138757414
59.7931990941488
40.2782213705241
41.4490742431436
59.2947322594689
54.6759586357505
56.8599291964465
62.3992083272247
49.7916818945984
56.2287450061082
45.4169666906686
57.3159444678166
42.2004708214596
59.0282587616013
52.9306730843879
36.5153495147711
37.2865783630656
36.5599931362876
50.6455111348814
38.2565172990383
36.8692003201315
54.5745617545826
30.9844305281623
58.7070672290609
36.3249001331558
40.1918838324906
59.0190037730624
39.9737338914881
41.8205238299699
60.7102151303605
54.079350222885
55.6689583095188
61.8547348175567
50.2838605028386
56.8125020825697
45.665157886279
57.2887791273961
42.411880301485
58.6594583426594
53.0066122131466
36.0544361666102
36.9639040479109
36.3238978623594
49.9413661682791
39.1213485210362
36.9554842068726
54.7511530364633
30.9659710608594
58.7191371319285
36.0367981389447
40.3944623553954
59.6847635726795
40.554530850241
41.1142343559614
60.1815869426977
54.9241508278119
56.6954553774982
62.2021799061581
49.8938273412902
56.1923768369316
45.3329785110771
56.1201798744832
42.0507125670923
57.829075787151
52.3171892755136
36.2254120148857
36.6123624484182
36.2462232435423
50.5774769157685
39.0719970641529
37.4819851040188
55.7118095300389
31.1445887762471
58.3451747102429
36.2341183350168
40.3242028042359
59.6075139049218
40.0545343425321
41.4992328486885
60.6718769471792
54.8498752314256
56.7199960044617
62.2840533079834
49.5528898582334
55.6471760037882
46.4577340949057
57.5345240908937
42.5861594981631
58.8784077951695
52.4057757069705
35.9831487366832
37.0314028034337
36.4024781029694
50.722588518954
39.104991394148
37.2988946043559
55.052985267511
31.1426273850428
58.6433561620264
36.4258230012826
40.3218173213441
58.6473928755808
39.3742634655822
41.1723488051804
60.7811663991439
54.601384260446
56.4743313558479
62.4027246260048
50.3337862586401
56.6423454717702
46.0982834882117
57.2407538042931
41.9451316323893
58.9365126057691
52.3332616509477
35.9513332700202
36.6623981749508
36.214245474548
50.5894930656609
38.9131278982114
37.0084727351727
55.3299987007925
30.9642824684177
59.1503324710499
36.3413333333333
40.2671079068668
60.4973357015986
40.2900505104274
41.0960556956527
60.0451308088287
54.6122147930797
56.5837126623916
62.603389332059
50.2663066731583
56.7445578854449
46.5481671744566
57.1126831394374
41.9137366828236
58.8306395911038
53.1463513555674
36.2566378273686
36.9695194070988
36.3146057834767
49.6068724519511
38.7608364240369
36.8950543083937
54.8119308858071
31.0305569470377
58.0401239824245
35.9778305621536
40.3734066246505
58.6595063513374
40.2499084692516
41.2984714595682
61.0070551158543
54.4023249129754
56.6935685165155
62.8992356829007
50.3375035079686
56.4640389681396
45.7412825812686
56.7631039824114
41.8092819550256
58.270355298704
53.1122401271702
36.2580192141968
37.000043427281
36.268437519954
50.1981116790149
38.833623901822
36.6372823048807
55.2673389319413
30.5045009574601
57.9791485960168
36.2316530093847
40.4753989361702
60.2147878616597
40.8341718173542
41.1479902925516
61.4851699502057
54.4974814104102
55.7819788853425
61.8175222202068
50.2165394926789
55.944859276278
45.4745547922364
56.6260257134315
42.1780659210136
55.8571264575168
55.0055716154455
60.0588950997161
36.3101393345629
39.2862498125656
43.853324406448
39.6586053118778
60.284252818634
36.4048354514264
53.0951378821182
51.5693369872969
24.2304381540475
39.0426190421605
51.4066650567496
36.3058818513228
51.264298615292
42.4508313183937
39.7586001610889
39.5623286716536
44.4148866807501
56.2771277210239
54.5565083834635
60.6470201148914
36.7754111620383
39.6913156332569
44.1940962184166
39.5769480821027
59.9416232944155
35.7945357945358
52.6234567901235
51.6478856173513
24.1957228206111
39.2328313218358
51.2188894062514
36.6749481065617
51.5604209507681
42.195659167966
39.7435897435897
39.6659222036106
44.5483761398375
56.1821839649088
54.5504034840528
60.7059494324965
36.6300760125146
39.9287447115216
44.3198522237977
39.768880588304
59.6703854843512
36.0525285446715
53.3452330624579
51.8332572645672
24.242036131805
39.2267483362885
50.3182737893042
36.509960671689
51.4901462942812
42.2526477664509
39.5074040145181
40.1068889202807
44.0864389233954
56.6621221693878
54.667073033798
60.1609942098574
36.4059779299441
39.5791234060344
43.7630017720934
39.4449009826503
60.1992510421819
36.1292511237384
52.2787586862814
51.0607695073715
23.9950995923368
39.4403360761032
51.7209979967219
36.7808152649017
52.3928851445878
41.9937157291603
39.1872779330091
39.5952179014999
43.9062097397578
55.8075556356133
54.2105430598416
60.4834415930146
36.5371214151702
39.8647779246453
43.7433415908303
39.5754465011496
60.2993736508723
36.1576166528741
52.3606864658073
50.7414686439164
23.9890191109703
39.4453575314243
51.3965132412379
36.7296790464079
51.725708041162
42.1677802524128
39.8629127530909
39.9329763425237
44.177123301877
55.9083673837772
54.2248253250784
59.9190995427365
35.843538273787
39.9892016244513
44.3538938214388
39.541793365985
60.2614217238269
35.6649359350138
52.0740989820561
50.8932839388145
24.0554680825525
39.7359489625733
52.2794580245209
36.7549490263768
51.9914542957424
41.8622367483351
39.6720967873403
39.8335106569548
43.8921955115818
56.7381788525872
54.6927643189475
60.9751734993203
36.6740538330787
40.0658165364048
44.0655619037771
39.5118106585688
60.5162252361003
36.2721314266258
52.8986406802806
52.1477084990516
24.0973223626544
39.0841760106395
51.8960556561982
36.160936853606
51.050511403627
42.2481100508118
39.8419877750897
39.8755424547613
44.7533903089021
46.5516491735092
