o
85.7142857142857
0.277341222150319
57.6923076923077
1.67410714285714
8.37988826815642
75
0.426015336552116
75
0.182260024301337
0.184660839591284
81.6326530612245
28.7769784172662
32.7868852459016
0
9.19540229885057
1.52361604875571
5.10204081632653
32.967032967033
93.75
96.7741935483871
81.6326530612245
88.8888888888889
50.6329113924051
0.472925041380941
85.1063829787234
40
0
0.014533299422301
0.280800280800281
0.021427614838623
45.9770114942529
13.840830449827
90.9090909090909
42.1052631578947
37.7358490566038
0
0.054528600250832
0.065240083507307
0.197374913648475
0.223102236599922
0
3.71747211895911
13.5135135135135
75.4716981132076
37.7358490566038
31.0141558867909
