o
157.894736842105
0
0.010556317956297
0.169664065151001
0.009533638250863
100
17.9640718562874
200
62.5
157.894736842105
0
0.039527774849795
0.029255448827344
0.176097675510683
0.173330251906633
0
3.87596899224806
17.0454545454546
187.5
66.6666666666667
166.666666666667
0.171575636259651
93.75
1.12866817155756
7.00934579439252
166.666666666667
0.26320407088963
187.5
0.142952444486801
0.181488203266788
210.526315789474
54.0540540540541
121.212121212121
0
120
0.661229887590919
2.7124773960217
50
187.5
272.727272727273
160
200
108.108108108108
0.368120743603902
235.294117647059
176.470588235294
0.176077004343233
93.75
1.04566050888811
5.92885375494071
166.666666666667
0.25779840164991
157.894736842105
0.146656237778647
0.190730497806599
166.666666666667
44.9438202247191
121.212121212121
0
125
0.664451827242525
2.68096514745308
48.3870967741936
166.666666666667
230.769230769231
190.476190476191
173.913043478261
108.108108108108
0.390205833577212
148.148148148148
187.5
0.13419216317767
100
0.747384155455904
8.13008130081301
176.470588235294
0.187265917602996
176.470588235294
0.172136791370209
0.173430454387791
210.526315789474
48.7804878048781
14.2857142857143
0
142.857142857143
0.464252553389044
1.93548387096774
53.5714285714286
214.285714285714
333.333333333333
181.818181818182
210.526315789474
111.111111111111
0.400120036010803
235.294117647059
176.470588235294
0.170687300864816
103.448275862069
1.05782792665726
5.61797752808989
166.666666666667
0.244379276637341
187.5
0.143884892086331
0.174135128859995
200
50
181.818181818182
0
166.666666666667
0.544810678289295
4.88997555012225
57.6923076923077
272.727272727273
230.769230769231
181.818181818182
173.913043478261
111.111111111111
0.383729854182655
200
166.666666666667
0.202020202020202
111.111111111111
0.813449023861171
6.97674418604651
150
0.228710833269802
166.666666666667
0.154814738363092
0.171949332263426
210.526315789474
45.4545454545455
117.647058823529
0
166.666666666667
0.586395621579359
5.0251256281407
49.1803278688525
187.5
272.727272727273
173.913043478261
222.222222222222
102.564102564103
0.310848616723655
181.818181818182
187.5
0.202156334231806
100
0.904159132007233
6.30252100840336
142.857142857143
0.232666356444858
166.666666666667
0.148595769973748
0.182149362477231
190.476190476191
40.4040404040404
114.285714285714
0
157.894736842105
0.45489006823351
5.10204081632653
51.7241379310345
200
272.727272727273
181.818181818182
210.526315789474
117.647058823529
0.331537505180273
235.294117647059
176.470588235294
0.149521531100479
107.142857142857
0.80450522928399
7.5
157.894736842105
0.235201881615053
187.5
0.134456794550018
0.177567327611719
173.913043478261
43.4782608695652
142.857142857143
0
125
0.37965072133637
5.11073253833049
50.8474576271186
250
300
166.666666666667
190.476190476191
114.285714285714
0.377500943752359
190.476190476191
200
0.16010246557797
103.448275862069
0.756620428751576
6.55021834061135
176.470588235294
0.249148741798854
176.470588235294
0.144543483497952
0.171271979904088
200
50.6329113924051
97.5609756097561
0
102.564102564103
0.49415252841377
5.00834724540902
56.6037735849057
200
272.727272727273
181.818181818182
190.476190476191
121.212121212121
0.387672029463074
222.222222222222
125
0
0.010061222539151
0.179646097188539
0.009838380012347
66.6666666666667
15.8730158730159
250
56.6037735849057
3.14795383001049
0
0.03968253968254
0.031521544975991
0.168596156007643
0.160470714094678
0
4.3731778425656
16.8539325842697
200
63.8297872340426
166.666666666667
0
0.010307498447433
0.183276059564719
0.009845426799252
100
14.7058823529412
250
57.6923076923077
5.91715976331361
0
0.039765120687141
0.030647270349788
0.169856188427132
0.157662392264032
0
4.27960057061341
19.1082802547771
187.5
63.8297872340426
2.94117647058823
0
0.011015369193868
0.240326844508532
0.009081744784808
111.111111111111
16.6666666666667
250
61.2244897959184
5.95238095238095
0
0.038767202946308
0.02855782960495
0.175633745096891
0.185816042118303
0
4.17827298050139
15.3061224489796
214.285714285714
60
166.666666666667
0
0.010297335564423
0.197131733280765
0.009701885318865
90.9090909090909
5.20833333333333
200
65.2173913043478
3.04568527918782
0
0.039567918331817
0.032193677161806
0.160273533497168
0.161377084454008
0
3.72670807453416
16.5745856353591
214.285714285714
66.6666666666667
181.818181818182
0
0.008307769633856
0.183730650865831
0.010023530237232
100
14.4927536231884
200
54.5454545454546
83.3333333333333
0
0.039118019063515
0.02312887408641
0.18180716320223
0.176970268994809
0
4.21940928270042
16.3265306122449
181.818181818182
75.4716981132076
114.285714285714
0
0.00849718743096
0.198245527085295
0.009886502946178
100
17.3410404624277
214.285714285714
54.5454545454546
6.52173913043478
0
0.039431140085697
0.022493308240798
0.183430143686946
0.177168841906337
0
3.70713623725672
16.7364016736402
222.222222222222
71.4285714285714
157.894736842105
0
0.010486247286684
0.204415372035977
0.009413005007719
100
16.4835164835165
200
5.91715976331361
3.97877984084881
0
0.039905822259468
0.030537148441079
0.182359734970519
0.161533491277191
0
3.6231884057971
15.0753768844221
187.5
62.5
70.9707374009364
