o
8
0
0.013006184440702
0.269741722300897
0.016182539040376
65.2173913043478
15
120
47.6190476190476
88.2352941176471
0
0.053856096510125
0.067629256416326
0.224681233499972
0.187458993345206
0
3.94866732477789
16.1943319838057
121.212121212121
53.3333333333333
115.384615384615
0.282459278787308
81.0810810810811
1.82926829268293
7.83289817232376
88.2352941176471
0.437636761487965
107.142857142857
0.16675004168751
0.180440274269217
108.108108108108
36.3636363636364
61.5384615384615
0
83.3333333333333
1.51438667339727
4.70957613814757
45.4545454545455
120
142.857142857143
129.032258064516
133.333333333333
80
0.500500500500501
142.857142857143
111.111111111111
0.282485875706215
75
1.80396873120866
8.31024930747923
85.7142857142857
0.396196513470681
103.448275862069
0.18417336853091
0.197264597580221
121.212121212121
39.6039603960396
55.5555555555556
0
86.9565217391304
1.50526843953838
4.8
44.7761194029851
120
136.363636363636
111.111111111111
117.647058823529
72.7272727272727
0.497450565850019
125
78.4313725490196
0
0.012968612715076
0.270764232044947
0.016157568609076
73.1707317073171
14.7783251231527
130.434782608696
55.5555555555556
13.1578947368421
0
0.053044769785699
0.067947476600588
0.208779163839449
0.196540880503145
0
2.24089635854342
3.54295837023915
114.285714285714
47.6190476190476
44.3335115302975
