o
0
0
0
0
0
0
0
0
0
0
0
0
0
0
0
0
0
0
0
0
0
0
0
0
0
0
0
0
0
0
0
0
0
0
0
0
0
0
0
0
0
0
0
0
0
0
0
0
0
0
0
0
0
0
0
0
0
0
0
0
0
0
0
0
0
0
0
0
0
0
0
0
0
0
0
0
0
0
0
0
0
0
0
0
0
0
0
0
0
0
0
0
0
0
0
0
0
0
0
0
0
0
0
0
0
0
0
0
0
0
0
0
0
0
0
0
0
0
0
0
0
0
0
0
0
0
0
0
0
0
0
0
0
0
0
0
0
0
0
0
0
0
0
0
0
0
0
0
0
0
0
0
0
0
0
0
0
0
0
0
0
0
0
0
0
0
0
0
0
0
0
0
0
0
0
0
0
0
0
0
0
0
0
0
0
0
0
0
0
0
0
0
0
0
0
0
0
0
0
0
0
0
0
0
0
0
0
0
0
0
0
0
0
0
0
0
0
0
0
0
0
0
0
0
0
0
0
0
0
0
0
0
0
0
0
0
0
0
0
0
0
0
0
0
0
0
0
0
0
0
0
0
0
0
0
0
0
0
0
0
0
0
0
0
0
0
0
0
0
0
0
0
0
0
0
0
0
0
0
0
0
0
0
0
0
0
0
0
0
0
0
0
0
0
0
0
0
0
0
0
0
0
0
0
0
0
0
0
0
0
0
0
0
0
0
0
0
0
0
0
0
0
0
0
0
0
0
0
0
0
0
0
0
0
0
0
0
0
0
0
0
0
0
0
0
0
0
0
0
0
0
0
0
0
0
0
0
0
0
0
0
0
0
0
0
0
0
0
0
0
0
0
0
0
0
0
0
0
0
0
0
0
0
0
0
0
0
0
0
0
0
0
0
0
0
0
0
0
0
0
0
0
0
0
0
0
0
0
0
0
0
0
0
0
0
0
0
0
0
0
0
0
0
0
0
0
0
0
0
0
0
0
0
0
0
0
0
0
0
0
0
0
0
0
0
0
0
0
0
0
0
0
0
0
0
0
0
0
0
0
0
0
0
0
0
0
0
0
0
0
0
0
0
0
0
0
0
0
0
0
0
0
0
0
0
0
0
0
0
0
0
0
0
0
0
0
0
0
0
0
0
0
0
0
0
0
0
0
0
0
0
0
0
0
0
0
0
0
0
0
0
0
0
0
0
0
0
0
0
0
0
0
0
0
0
0
0
0
0
0
0
0
0
0
0
0
0
0
0
0
0
0
0
0
0
0
0
0
0
0
0
0
0
0
0
0
0
0
0
0
0
0
0
0
0
0
0
0
0
0
0
0
0
0
0
0
0
0
0
0
0
0
0
0
0
0
0
0
0
0
0
0
0
0
0
0
0
0
0
0
0
0
0
0
0
0
0
0
0
0
0
0
0
0
0
0
0
0
0
0
0
0
0
0
0
0
0
0
0
0
0
0
0
0
0
0
0
0
0
0
0
0
0
0
0
0
0
0
0
0
0
0
0
0
0
0
0
0
0
0
0
0
0
0
0
0
0
0
0
0
0
0
0
0
0
0
0
0
0
0
0
0
0
0
0
0
0
0
0
0
0
0
0
0
0
0
0
0
0
0
0
0
0
0
0
0
0
0
0
0
0
0
0
0
0
0
0
0
0
0
0
0
0
0
0
0
0
0
0
0
0
0
0
0
0
0
0
0
0
0
0
0
0
0
0
0
0
0
0
0
0
0
0
0
0
0
0
0
0
0
0
0
0
0
0
0
0
0
0
0
0
0
0
0
0
0
0
0
0
0
0
0
0
0
0
0
0
0
0
0
0
0
0
0
0
0
0
0
0
0
0
0
0
0
0
0
0
0
0
0
0
0
0
0
0
0
0
0
0
0
0
0
0
0
0
0
0
0
0
0
0
0
0
0
0
0
0
0
0
0
0
0
0
0
0
0
0
0
0
0
0
0
0
0
0
0
0
0
0
0
0
0
0
0
0
0
0
0
0
0
0
0
0
0
0
0
0
0
0
0
0
0
0
0
0
0
0
0
0
0
0
0
0
0
0
0
0
0
0
0
0
0
0
0
0
0
0
0
0
0
0
0
0
0
0
0
0
0
0
0
0
0
0
0
0
0
0
0
0
0
0
0
0
0
0
0
0
0
0
0
0
0
0
0
0
0
0
0
0
0
0
0
0
0
0
0
0
0
0
0
0
0
0
0
0
0
0
0
0
0
0
0
0
0
0
0
0
0
0
0
0
0
0
0
0
0
0
0
0
0
0
0
0
0
0
0
0
0
0
0
0
0
0
0
0
0
0
0
0
0
0
0
0
0
0
0
0
0
0
0
0
0
0
0
0
0
0
0
0
0
0
0
0
0
0
0
0
0
0
0
0
0
0
0
0
0
0
0
0
0
0
0
0
0
0
0
0
0
0
0
0
0
0
0
0
0
0
0
0
0
0
0
0
0
0
0
0
0
0
0
0
0
0
0
0
0
0
0
0
0
0
0
0
0
0
0
0
0
0
0
0
0
0
0
0
0
0
0
0
0
0
0
0
0
0
0
0
0
0
0
0
0
0
0
0
0
0
0
0
0
0
0
0
0
0
0
0
0
0
0
0
0
0
0
0
0
0
0
0
0
0
0
0
0
0
0
0
0
0
0
0
0
0
0
0
0
0
0
0
0
0
0
0
0
0
0
0
0
0
0
0
0
0
0
0
0
0
0
0
0
0
0
0
0
0
0
0
0
0
0
0
0
0
0
0
0
0
0
0
0
0
0
0
0
0
0
0
0
0
0
0
0
0
0
0
0
0
0
0
0
0
0
0
0
0
0
0
0
0
0
0
0
0
0
0
0
0
0
0
0
0
0
0
0
0
0
0
0
0
0
0
0
0
0
0
0
0
0
0
0
0
0
0
0
0
0
0
0
0
0
0
0
0
0
0
0
0
0
0
0
0
0
0
0
0
0
0
0
0
0
0
0
0
0
0
0
0
0
0
0
0
0
0
0
0
0
0
0
0
0
0
0
0
0
0
0
0
0
0
0
0
0
0
0
0
0
0
0
0
0
0
0
0
0
0
0
0
0
0
0
0
0
0
0
0
0
0
0
0
0
0
0
0
0
0
0
0
0
0
0
0
0
0
0
0
0
0
0
0
0
0
0
0
0
0
0
0
0
0
0
0
0
0
0
0
0
0
0
0
0
0
0
0
0
0
0
0
0
0
0
0
0
0
0
0
0
0
0
0
0
0
0
0
0
0
0
0
0
0
0
0
0
0
0
0
0
0
0
0
0
0
0
0
0
0
0
0
0
0
0
0
0
0
0
0
0
0
0
0
0
0
0
0
0
0
0
0
0
0
0
0
0
0
0
0
0
0
0
0
0
0
0
0
0
0
0
0
0
0
0
0
0
0
0
0
0
0
0
0
0
0
0
0
0
0
0
0
0
0
0
0
0
0
0
0
0
0
0
0
0
0
0
0
0
0
0
0
0
0
0
0
0
0
0
0
0
0
0
0
0
0
0
0
0
0
0
0
0
0
0
0
0
0
0
0
0
0
0
0
0
0
0
0
0
0
0
0
0
0
0
0
0
0
0
0
0.005582319677119
0.005582350839586
0.005601079888202
0.00566793817413
0.005691875985406
0.005704311318495
0.005733386080485
0.005756323321168
0.005762028233938
0.005777307890069
0.005791628779762
0.005807808017098
0.00580787547915
0.005824451045489
0.005838563713327
0.005844945291312
0.005848739888991
0.005850382322485
0.005852573669271
0.005897930416217
0.005919086093107
0.005919646715484
0.005933415214463
0.005955500500262
0.005963953862853
0.005965127862516
0.005965270196914
0.005979502266231
0.005979788315494
0.005990211993602
0.005995347610254
0.00602681934609
0.006038866142493
0.006075407963645
0.006084279438786
0.00609028234549
0.006090319437254
0.006090467808832
0.006099494961817
0.006118116354337
0.006126324817742
0.006129854845037
0.006137981831574
0.006165380157341
0.006175965612223
0.006179629469417
0.006191413747415
0.006193983164754
0.006193983164754
0.00620447466713
0.006207941198381
0.006209521680545
0.006219911179668
0.006282235722049
0.006283104104752
0.006286738125923
0.006305090730256
0.006351504989107
0.006351545330979
0.006376209088648
0.00637624974495
0.00637629040177
0.006409188212221
0.006410050959905
0.006416796606798
0.00643103359572
0.006437657722614
0.006453944650971
0.006468891102687
0.006481637520903
0.00650880641508
0.00651847989049
0.006532532009407
0.006549689217247
0.006552822300565
0.006554969978238
0.006574665185175
0.006575011013143
0.006575270407996
0.006576308192107
0.006577043487412
0.006577216521968
0.00657725978203
0.006578038560462
0.006583711896767
0.006634247311471
0.006667644587873
0.006681231751886
0.006695053694331
0.006734687005421
0.006738907757831
0.006756574146645
0.006816586117341
0.006830647750326
0.006832141124707
0.006833354972291
0.006865962676627
0.006880797071533
0.006888428129585
0.006901692294951
0.006908367414613
0.006908415140483
0.006914290455513
0.00694034771142
0.006949994787504
0.006961655203141
0.006968495432151
0.006975689721321
0.006977198515252
0.006978172277117
0.006978172277117
0.006978220972345
0.006983142693538
0.006988169029833
0.007002555932916
0.007004714172638
0.007084912678451
0.007163067225386
0.007176123601553
0.007180915997645
0.007182514885762
0.007209337533974
0.007238351682555
0.007238456471542
0.007242650520384
0.007250790336147
0.007278391184413
0.007283533387717
0.007302521560695
0.007315770606697
0.007324022059954
0.007346782843793
0.007353049309549
0.007363065391384
0.007363553356308
0.007373271889401
0.007384160974709
0.007384324555833
0.007386888273315
0.00739442608162
0.007394480759561
0.007394699479413
0.007394918212205
0.007402253245888
0.00741471227209
0.007418727836551
0.007428316743426
0.007463800567249
0.007466587023072
0.007469096612765
0.007475797106867
0.007506155047139
0.007515180664943
0.007516310393554
0.007517440461872
0.007529099971389
0.0075319921366
0.007541705632146
0.007549619876639
0.007573519944865
0.007573519944865
0.00762160267061
0.007656850584218
0.007657730095645
0.007692899453804
0.007696155770193
0.007703388720698
0.007714620749244
0.007715454054471
0.007739159372509
0.007750135627373
0.007754643092552
0.00776150449003
0.007762528721356
0.007763010806111
0.007810974419059
0.007811889696118
0.007814270420642
0.007814514679566
0.007840124187567
0.007850156218109
0.007854163884984
0.007862253321802
0.007882456804137
0.007898894154818
0.007904388516504
0.007909765396358
0.007910265943141
0.007938082952967
0.007938145966628
0.007938776158267
0.007956525544425
0.007962227194191
0.007968889455565
0.008001408247852
0.008001728373329
0.008008585203338
0.008019439120428
0.008024587335596
0.008039296079235
0.008057887866432
0.00812558910521
0.008148033472122
0.008148232648339
0.008190947364972
0.008196654125786
0.008196855686159
0.008205666833515
0.008210517673139
0.008231672181887
0.008234586911948
0.008234654720928
0.008248375070111
0.00825239113033
0.008283974651038
0.00828486686219
0.008327850831536
0.008359945827551
0.00836001571683
0.008364281173676
0.008371563473194
0.00838356485945
0.008392430028115
0.008394754957103
0.008422471153036
0.008442380751372
0.008451013699093
0.008484858769526
0.008552856654122
0.008552929806105
0.008552929806105
0.008553149269561
0.008553441905023
0.008554905382746
0.00855541771827
0.008555856911849
0.008556515786772
0.008560691018979
0.00859963537546
0.008631926041658
0.008632224092537
0.008645657718411
0.008657633868664
0.008677090745015
0.008677467220868
0.008732938022339
0.008733319360022
0.008734845043849
0.008744086811294
0.008745004416227
0.008761247251159
0.008771237358454
0.008792213615622
0.008797782958694
0.008805374800778
0.008846582565155
0.008850967410738
0.00886084922379
0.00888359821262
0.008896638849843
0.008897984606487
0.008900835788481
0.008978998123389
0.00899952302528
0.009024456276509
0.009032362956473
0.009047235617157
0.009070294784581
0.009176500816709
0.009227901482924
0.009260459689219
0.0092769541904
0.009278675747397
0.009314889851428
0.009320359393058
0.00932409626197
0.00933096948773
0.00942018746173
0.00944492193772
0.009493340421694
0.009506335972926
0.00954043714283
0.009542348944616
0.009576892872876
0.009578819314731
0.00967108635313
0.009732265379412
0.009778325363998
0.009787704685374
0.009809788206673
0.009890316391221
0.00992122546977
0.009975659391086
0.010030492697801
0.010055506395302
0.010093363613424
0.010099071895293
0.010101622320545
0.010131301669639
0.010165080914044
0.010166837808437
0.010176770503648
0.010181225819589
0.010190252004932
0.010210958400556
0.010367313932633
0.010374520178442
0.010398361218272
0.010415907173435
0.010425028408202
0.010481960545901
0.010485587559899
0.010486687150662
0.010494941438227
0.010563789442549
0.010571495020826
0.010572836269058
0.010574960608272
0.010577645204625
0.010670308798737
0.01067281420765
0.010686044026501
0.01076565325984
0.010785275941285
0.01081829590203
0.010883998345632
0.010897994768963
0.01096010521701
0.011027546811936
0.01103935530165
0.011060111707128
0.011074319759909
0.011081437484071
0.011122851899227
0.0111230993404
0.011124212961933
0.011152996810243
0.011154738532929
0.011196829058011
0.011272432139959
0.011325541360877
0.011343656060348
0.011344170797836
0.011344170797836
0.011363636363636
0.01137345889632
0.011390948752122
0.011391857100545
0.011401208528104
0.011415394801429
0.011512779184895
0.011523392486748
0.011610356437943
0.011629800200033
0.011652295502214
0.011652431279787
0.011658544547299
0.011675423234092
0.011710424619997
0.011754196248061
0.011839083181399
0.011850868668674
0.011912419888976
0.011918240867648
0.011919661481614
0.011920514012564
0.011964727981909
0.011968451162735
0.011972750020952
0.011989257625168
0.012103753373921
0.012159385221483
0.012189621756037
0.012196163087093
0.012198543493907
0.012319215512356
0.012346288705615
0.012446015408167
0.012446789972866
0.012446944897375
0.012449114245522
0.012449114245522
0.012507817385866
0.012511573205215
0.012543746315275
0.01257592716023
0.012624827986719
0.012672343876724
0.012672665061463
0.012704543144629
0.012727342149139
0.012791322366906
0.012791976872106
0.012841916013869
0.012884439462461
0.012886930075518
0.012901893998039
0.012924405154253
0.01296411532877
0.013031523254753
0.013037299714483
0.013046995276988
0.013106847016882
0.013107362405463
0.013163437236731
0.013259961546112
0.013260489046836
0.013298756566261
0.013318239328761
0.01332711401346
0.013342228152101
0.013342940250314
0.013344542749243
0.013389748808312
0.013463661577403
0.013527772516977
0.013548850380045
0.013549033953879
0.013553808620222
0.013570546485907
0.013570730648138
0.013595084017619
0.013601001033676
0.013693752909923
0.01373890583354
0.013781318045258
0.013819980928426
0.01382934587194
0.013874051361738
0.013878094815144
0.013930292814755
0.013937087984837
0.013939807909447
0.013950503613181
0.013953618173192
0.013979171035158
0.01397995274776
0.014067071798335
0.014067467574487
0.014106759959373
0.014114525257943
0.014124493283804
0.014273276145074
0.014322133424995
0.014334862385321
0.014341852393655
0.014380626420087
0.014440433212996
0.014469895382656
0.014487714418173
0.014488973890869
0.014547782190605
0.014549263807251
0.014550745725719
0.014719302893815
0.014764070158861
0.01478021815602
0.01478021815602
0.014796182584893
0.01479946721918
0.014800124321044
0.014800124321044
0.014884274763712
0.014930498529346
0.014982844642884
0.015134317063943
0.015188104676418
0.015188796743522
0.015205194094303
0.015342600263893
0.015366648226689
0.015508684863524
0.015545330182813
0.015573898146706
0.015594541910331
0.015691935914134
0.015990022226131
0.016215602652873
0.016215865602906
0.016221126395017
0.016232448664881
0.016448180008882
0.01645034463472
0.016457925313935
0.01646117631566
0.016470394465948
0.016484784543866
0.016486958815577
0.016496205872649
0.016730801405387
0.016763054228481
0.016878491737978
0.016899028305872
0.016942260775278
0.016942547820341
0.016952887924458
0.016978216947656
0.016979370065371
0.017003043544795
0.017191287455518
0.017211407721038
0.017229200048242
0.017229793759369
0.017326818449596
0.01735418149003
0.017481295014335
0.017600675865953
0.017834849295524
0.017835167383046
0.017846944603084
0.017924037927264
0.017936254551325
0.018011202968246
0.018084490740741
0.018202668511204
0.018318708897397
0.018319715678013
0.018320722569298
0.018470631695604
0.018480872297173
0.018508236165094
0.018624054829218
0.018624748565894
0.018828845791753
0.018890379129909
0.019047256242738
0.019142419601838
0.019177661859466
0.019203441256673
0.019340115267087
0.019444282408758
0.019446551154153
0.01946396247348
0.019569471624266
0.019638648860958
0.01973866013975
0.019842844670212
0.020150321397626
0.020227764629731
0.020670980011162
0.020783107490232
0.020786563565311
0.020865065620631
0.020892092343048
0.020893838407054
0.020908691743158
0.020938461860592
0.020945478918376
0.020974474065063
0.021164917033525
0.021172086720867
0.021175673386414
0.021189134211976
0.021202162620587
0.021299708193998
0.021435767722021
0.021698563555093
0.021790290246666
0.021878008226131
0.021880880486631
0.0221699995566
0.022173440652786
0.022314455304146
0.022449208665395
0.022528611336397
0.022534703443303
0.022668540599356
0.022766596849103
0.02287491993778
0.022936305878575
0.023021847733499
0.023041474654378
0.023239060212405
0.023343215294475
0.023424140919632
0.023451607607702
0.02350452462099
0.023646811227506
0.024069126531398
0.024471417384495
0.024535662585568
0.025310048089091
0.025531697602574
0.026240520611929
0.026290882322011
0.026657425425852
0.026668088964745
0.026675914316963
0.026681608367352
0.026684456304203
0.026705835224997
0.026724391351987
0.027148092846478
0.027448397013614
0.0275451740855
0.027575557026252
0.02763499696015
0.027665578487246
0.027683193533206
0.0277292515875
0.028586947199909
0.02872985319045
0.02872985319045
0.0288591959828
0.029522909777988
0.029944602485402
0.030227918505532
0.030251694094869
0.030268176039712
0.030342567588069
0.030646644192461
0.031853220360579
0.031989763275752
0.032117163412128
0.032142971939186
0.032594524119948
0.032610467960215
0.033168595973333
0.033227006911218
0.033228110981891
0.033253524873637
0.033353345340538
0.034247748210555
0.034315912288528
0.034363080306519
0.03573087504913
0.036930349361105
0.037122280792932
0.037275878778842
0.038064786266225
0.038968124074507
0.038971161340608
0.038989394884591
0.03977882970683
0.040435081476689
0.041356492969396
0.041519618019514
0.041828753084871
0.04254232961797
0.044304638695672
0.044308564845585
0.044444444444445
0.045808520384792
0.045877873101803
0.046006624953993
0.046195777705918
0.046298439742581
0.046313449425713
0.04634349800723
0.04636713497473
0.046377887023467
0.046399406087602
0.046433878157504
0.047442831388177
0.047895014129029
0.048239266763145
0.049743819330448
0.049756194646234
0.049935084390293
0.050198283218714
0.0510099979596
0.05101780521402
0.051090788330864
0.052949274594938
0.052985746834102
0.053183002712333
0.055567903978662
0.055825378216938
0.056123021663486
0.05642385600632
0.05651952749675
0.056561085972851
0.056647595309579
0.056679702998356
0.059644518668734
0.059648076349538
0.059662311317941
0.060856864654333
0.060890214942459
0.061098551964319
0.061113487746746
0.061120958376627
0.061225739300802
0.061360986684666
0.061409972979612
0.062057837904927
0.062080953563447
0.063008002016256
0.067172701014308
0.067531064289573
0.067563002499831
0.067567567567568
0.067723147771909
0.068212824010914
0.068292016663252
0.070293828201884
0.072516316171139
0.074377091855709
0.07487271638215
0.07487271638215
0.074878322725571
0.076144064570167
0.078486774978416
0.079220470569595
0.079251862418767
0.079440737210041
0.079453360877165
0.079516539440204
0.079522862823062
0.079522862823062
0.080173174055961
0.085302396997356
0.085302396997356
0.085309674117045
0.085338795016214
0.0853460783477
0.08692628650904
0.08798169980644
0.088261253309797
0.091132780461132
0.095337973114692
0.118189339321593
0.125707102451288
0.125897016240715
0.126262626262626
0.126614332742466
0.126742712294043
0.12675877804538
0.126871352448617
0.1271132579128
0.127177921912756
0.127372309259967
0.127502231289048
0.127518490181076
0.127632418634333
0.127697612054655
0.127746550843127
0.127828198900678
0.127909951394218
0.134084204880665
0.160849284220685
0.160901045856798
0.16134236850597
0.194212468440474
0.241954996370675
0.242072137496974
0.242600679281902
0.255297421496043
0.26048450117218
0.26048450117218
0.260824204486176
0.261096605744125
0.261780104712042
0.261848651479445
0.261917234154007
0.261985852763951
0.262191924488726
0.262260687123
0.262260687123
0.262260687123
0.262329485834208
0.262536098713573
0.262743037309511
0.262743037309511
0.262881177707676
0.263713080168776
0.264200792602378
0.264200792602378
66.6666666666667
71.4285714285714
0.068363297080568
