o
0
0
0
0
0
0
0
0
0
0
0
0
0
0
0
0
0
0
0
0
0
0
0
0
0
0
0
0
0
0
0
0
0
0
0
0
0
0
0
0
0
0
0
0
0
0
0
0
0
0
0
0
0
0
0
0
0
0
0
0
0
0
0
0
0
0
0
0
0
0
0
0
0
0
0
0
0
0
0
0
0
0
0
0
0
0
0
0
0
0
0
0
0
0
0
0
0
0
0
0
0
0
0
0
0
0
0
0
0
0
0
0
0
0
0
0
0
0
0
0
0
0
0
0
0
0
0
0
0
0
0
0
0
0
0
0
0
0
0
0
0
0
0
0
0
0
0
0
0
0
0
0
0
0
0
0
0
0
0
0
0
0
0
0
0
0
0
0
0
0
0
0
0
0
0
0
0
0
0
0
0
0
0
0
0
0
0
0
0
0
0
0
0
0
0
0
0
0
0
0
0
0
0
0
0
0
0
0
0
0
0
0
0
0
0
0
0
0
0
0
0
0
0
0
0
0
0
0
0
0
0
0
0
0
0
0
0
0
0
0
0
0
0
0
0
0
0
0
0
0
0
0
0
0
0
0
0
0
0
0
0
0
0
0
0
0
0
0
0
0
0
0
0
0
0
0
0
0
0
0
0
0
0
0
0
0
0
0
0
0
0
0
0
0
0
0
0
0
0
0
0
0
0
0
0
0
0
0
0
0
0
0
0
0
0
0
0
0
0
0
0
0
0
0
0
0
0
0
0
0
0
0
0
0
0
0
0
0
0
0
0
0
0
0
0
0
0
0
0
0
0
0
0
0
0
0
0
0
0
0
0
0
0
0
0
0
0
0
0
0
0
0
0
0
0
0
0
0
0
0
0
0
0
0
0
0
0
0
0
0
0
0
0
0
0
0
0
0
0
0
0
0
0
0
0
0
0
0
0
0
0
0
0
0
0
0
0
0
0
0
0
0
0
0
0
0
0
0
0
0
0
0
0
0
0
0
0
0
0
0
0
0
0
0
0
0
0
0
0
0
0
0
0
0
0
0
0
0
0
0
0
0
0
0
0
0
0
0
0
0
0
0
0
0
0
0
0
0
0
0
0
0
0
0
0
0
0
0
0
0
0
0
0
0
0
0
0
0
0
0
0
0
0
0
0
0
0
0
0
0
0
0
0
0
0
0
0
0
0
0
0
0
0
0
0
0
0
0
0
0
0
0
0
0
0
0
0
0
0
0
0
0
0
0
0
0
0
0
0
0
0
0
0
0
0
0
0
0
0
0
0
0
0
0
0
0
0
0
0
0
0
0
0
0
0
0
0
0
0
0
0
0
0
0
0
0
0
0
0
0
0
0
0
0
0
0
0
0
0
0
0
0
0
0
0
0
0
0
0
0
0
0
0
0
0
0
0
0
0
0
0
0
0
0
0
0
0
0
0
0
0
0
0
0
0
0
0
0
0
0
0
0
0
0
0
0
0
0
0
0
0
0
0
0
0
0
0
0
0
0
0
0
0
0
0
0
0
0
0
0
0
0
0
0
0
0
0
0
0
0
0
0
0
0
0
0
0
0
0
0
0
0
0
0
0
0
0
0
0
0
0
0
0
0
0
0
0
0
0
0
0
0
0
0
0
0
0
0
0
0
0
0
0
0
0
0
0
0
0
0
0
0
0
0
0
0
0
0
0
0
0
0
0
0
0
0
0
0
0
0
0
0
0
0
0
0
0
0
0
0
0
0
0
0
0
0
0
0
0
0
0
0
0
0
0
0
0
0
0
0
0
0
0
0
0
0
0
0
0
0
0
0
0
0
0
0
0
0
0
0
0
0
0
0
0
0
0
0
0
0
0
0
0
0
0
0
0
0
0
0
0
0
0
0
0
0
0
0
0
0
0
0
0
0
0
0
0
0
0
0
0
0
0
0
0
0
0
0
0
0
0
0
0
0
0
0
0
0
0
0
0
0
0
0
0
0
0
0
0
0
0
0
0
0
0
0
0
0
0
0
0
0
0
0
0
0
0
0
0
0
0
0
0
0
0
0
0
0
0
0
0
0
0
0
0
0
0
0
0
0
0
0
0
0
0
0
0
0
0
0
0
0
0
0
0
0
0
0
0
0
0
0
0
0
0
0
0
0
0
0
0
0
0
0
0
0
0
0
0
0
0
0
0
0
0
0
0
0
0
0
0
0
0
0
0
0
0
0
0
0
0
0
0
0
0
0
0
0
0
0
0
0
0
0
0
0
0
0
0
0
0
0
0
0
0
0
0
0
0
0
0
0
0.005828185103159
0.005864930647195
0.006153694678285
0.006214885894695
0.006318596260655
0.006385940712926
0.006460741305457
0.006581805257546
0.006638915997796
0.006675433736307
0.006698462033117
0.006708122865978
0.006727981000182
0.006763428787858
0.006773553338346
0.006786148114469
0.006902263942573
0.007036356855874
0.007042104744266
0.007071735686807
0.007198646654429
0.007269132356362
0.007501312729728
0.00752303930788
0.007712002961409
0.007716466167154
0.0077186699188
0.007751937984496
0.007763372408974
0.007907013520993
0.008011023167879
0.008089894912265
0.008127966707848
0.008144516297177
0.008189538683286
0.008229030373351
0.008252799762319
0.008266102367412
0.008295450774795
0.00833048708358
0.008395530219711
0.008428718329091
0.008442024397451
0.008472996559963
0.008568466330212
0.008587007857112
0.00863759253021
0.008656509695291
0.008658458448058
0.008659208202002
0.008738356140443
0.008807546305675
0.008813601149294
0.008823711076405
0.008834312469632
0.008840169731259
0.008889600056893
0.008890390377041
0.008912497103438
0.008933277351462
0.009134088417976
0.009227731177735
0.009242656709245
0.009261917772694
0.009268699601446
0.009269043249356
0.009389406871168
0.009443048971652
0.009453404170842
0.009469517622772
0.009496405610476
0.009541165357937
0.009655305590422
0.009716190087543
0.009763813354944
0.009793072380598
0.009822700260302
0.009841647885522
0.009845717605128
0.009939172265734
0.009964129135114
0.009970885015754
0.009976256509507
0.009977650063857
0.01000670449201
0.010037137408411
0.010040463066157
0.010081661457808
0.010117566118295
0.010165287575986
0.010194407348129
0.010280239323972
0.010282564882985
0.010445173285425
0.010451286553375
0.010459485184139
0.010594454862325
0.010638976955976
0.010654733365298
0.010683874827723
0.010723055641936
0.010799835842495
0.010808123385537
0.010856230933745
0.010894432944765
0.010969603229451
0.011028884648896
0.011064394777606
0.011102229327649
0.011127059896964
0.011274719823212
0.01129726493216
0.011327337396072
0.011333499557994
0.011334398766818
0.011364927832708
0.011422175010566
0.011449376581445
0.011503773237622
0.011618990077383
0.011641036983575
0.011661943579517
0.011727591504533
0.011742602160639
0.011811395634508
0.011816978634903
0.011817118277537
0.011820330969267
0.011821029611679
0.01182144883677
0.011823685206205
0.011829559703788
0.011837821840781
0.011838662704661
0.011846095526914
0.011893576279452
0.011894566561995
0.011920798216649
0.012014321070716
0.012047757309977
0.012092775775752
0.012112989970444
0.012225835635866
0.012297097884899
0.0122995178589
0.012303755106058
0.012348728081008
0.012388349995664
0.012405870457901
0.012416653215292
0.012556977284428
0.012565971349585
0.012568340350657
0.012569130216189
0.012696477997004
0.012779879357939
0.012780369352674
0.012848515996403
0.012905557132902
0.013014055179594
0.013030504410826
0.013070699413126
0.013106331668829
0.013213356060306
0.013214578322806
0.013234340466643
0.013247314107065
0.013290802764487
0.013456233600215
0.013486540432648
0.01350566562673
0.01350858470558
0.013542795232936
0.013543162057477
0.01354371233155
0.013578101238323
0.013585295276393
0.013660269107302
0.013713846871186
0.013737395939226
0.013756482742492
0.01381196392315
0.01381597126278
0.013963165170281
0.013986013986014
0.014006190736306
0.014032133585912
0.014071030562278
0.01414687283376
0.014147072970602
0.014152879403315
0.014303286895329
0.014373805177445
0.014380419620645
0.01443813979007
0.014533616254397
0.014540167211923
0.014691838683611
0.014691838683611
0.014692918013518
0.014705666093146
0.014707180045298
0.014850235376231
0.014981722298796
0.015018397536983
0.015025167154985
0.015097302112113
0.015172664926868
0.015172895140122
0.015177500872706
0.015183031444058
0.015194566423047
0.015195720884999
0.015197568389058
0.015197568389058
0.015198030335269
0.015255995606273
0.015269506794931
0.015281173594132
0.015308075009568
0.015320504963844
0.015356972833515
0.015369246138477
0.015436624936324
0.015507482360239
0.015603301658631
0.015611583795176
0.015764913608274
0.015766156368739
0.015782330103217
0.015856404401738
0.015879821510806
0.015933461863259
0.015970614070111
0.016017426960533
0.016080272721425
0.016148566814695
0.016202991072152
0.016266775111834
0.016323332571578
0.016368755319846
0.01638135801458
0.016386995280545
0.01638726381856
0.016504918465703
0.016551632818578
0.016603297414867
0.016855163579363
0.01685544768069
0.016856868331002
0.016857152489802
0.016857152489802
0.016967270135908
0.017002176278564
0.017043614609787
0.017069798405681
0.017080294464277
0.017090219267513
0.017091387649763
0.017196608828739
0.017201341704653
0.017205189085028
0.017270858879812
0.017273245470091
0.017365331851492
0.017457491009392
0.017480989424001
0.017510681515725
0.01778093883357
0.017782519783053
0.017785682525567
0.017786947937603
0.017833259028087
0.017935932847868
0.017938828594493
0.017951387642265
0.018045655508436
0.018153432814145
0.018348960531386
0.018349970640047
0.018367159518781
0.018367496877526
0.01842570754717
0.018575966414653
0.018590470524809
0.018592890078834
0.018815383457515
0.018984698333144
0.019077052213892
0.019283799679889
0.019291239847985
0.019291239847985
0.019291984180573
0.01932740626208
0.019397889509621
0.019400900201769
0.019459796061337
0.019599772642637
0.01964482162502
0.019712201852947
0.019718420948851
0.019877949390741
0.020051733472359
0.020205693964559
0.020240046956909
0.020296738314153
0.020328095460736
0.020408996285563
0.020443626699377
0.020493483072383
0.020508193023113
0.020568090664144
0.020648784819013
0.020650490449148
0.02065091690071
0.02067055273058
0.020673971469919
0.020685945968309
0.020708221163802
0.020726677306361
0.020758947106203
0.020819020256907
0.020839845785141
0.020843755210939
0.020916126333403
0.021183299087
0.021218358123449
0.021234127489702
0.021235029304341
0.021289731962275
0.021323325585858
0.021363413018864
0.021363413018864
0.021435308239733
0.021509076830423
0.021517407582735
0.021517870591526
0.021519259737465
0.021570784529433
0.021594540900061
0.021618349655187
0.021626297577855
0.021638932767836
0.021651582730698
0.02172213050656
0.021729682746632
0.021733933189889
0.021762785636562
0.021856968001399
0.021908684602577
0.022001716133859
0.022008495279178
0.02212829988272
0.022184754636614
0.022192139544174
0.022306491188936
0.022405449005198
0.022406955118869
0.022498200143989
0.022556560575644
0.022589170751542
0.022805017103763
0.022942620506114
0.022975829427442
0.023218017181333
0.023227185097438
0.023241760795798
0.023282887077998
0.023313283909172
0.023470872647045
0.023499553508483
0.023513367349338
0.023535503306738
0.023761999809904
0.023819732266209
0.023859515174652
0.024028064779663
0.024147006978485
0.024184381726281
0.024187306501548
0.024211902571304
0.02427302296228
0.024281863875871
0.024295432458698
0.024494194875815
0.024530245793063
0.024550119068078
0.024638431024712
0.024639038091953
0.024663345336161
0.024747574737676
0.024808970923886
0.024842868854495
0.024897298643097
0.024990003998401
0.025099141609357
0.025121840928503
0.025199707683391
0.025312610742672
0.025383931971062
0.025398115459833
0.025489396411093
0.025668009959188
0.025689110386107
0.02569571138577
0.025714873482823
0.025787817834855
0.0257938043282
0.026066783098298
0.026191723415401
0.026274994088126
0.026277755879648
0.026277755879648
0.026324795324716
0.02632618138739
0.026466229091679
0.026532236667551
0.026592915647272
0.026598574316417
0.026699417952689
0.026728677197766
0.026807495375707
0.026823314825246
0.026873773884067
0.026941832583452
0.026943284386367
0.026944736345755
0.02708192281652
0.0273395849851
0.027522430781087
0.027550486266083
0.02763499696015
0.02780481023217
0.02780481023217
0.02780481023217
0.027805583361139
0.027812543457099
0.027812543457099
0.027832669988032
0.027840418719898
0.027882336539802
0.027934521481647
0.02793686269032
0.027947793521702
0.027957951241333
0.027972027972028
0.027972810428264
0.027997872161716
0.028007281893292
0.028033191298498
0.028236622899901
0.02824459822059
0.028252578047747
0.028256569652444
0.02827494557073
0.02827494557073
0.028300551860761
0.028374428964617
0.028496523424142
0.028600028600029
0.028748850045998
0.028754636685166
0.028767044473851
0.028776978417266
0.028791892203156
0.028802672888044
0.028842548527588
0.029217553906387
0.029254307696808
0.029263724686878
0.029312619082515
0.02931347833734
0.029354781893971
0.029372026082359
0.029391018104867
0.029501135793728
0.029504617472635
0.029508099973443
0.029508099973443
0.029659508838534
0.029771651433505
0.029776970491022
0.029777857185397
0.029919516500613
0.029971527049303
0.030051688904917
0.03011322572874
0.030395136778116
0.030421027013872
0.030779648496414
0.03078438615934
0.030791021338178
0.030888984987953
0.030908079371948
0.03092337188447
0.030930067118246
0.030932937391735
0.030936765251825
0.031040476781723
0.03109936246307
0.031101296924082
0.031105166568167
0.031142946122703
0.031150707121052
0.031229505636926
0.031350910743957
0.031411967959793
0.031518895577899
0.031528833117886
0.031557687452664
0.031618553767351
0.03162755392498
0.031718844165319
0.03185727938834
0.032216494845361
0.032227915820684
0.032248701989745
0.032380273937118
0.032387614976033
0.032392860613521
0.032491795821555
0.032785810301302
0.032842879663689
0.033028371371008
0.033300033300033
0.033385637498748
0.033524422541822
0.033542414382987
0.03365870077415
0.033747300215983
0.033786066626123
0.033861573885954
0.033938571186153
0.033965083893757
0.034035601238896
0.034114556681336
0.034230163620182
0.034298257648512
0.03443051921223
0.034456619116532
0.03446493193176
0.034470872113065
0.03447206039505
0.034586518175215
0.034647633566627
0.0347886588972
0.034896705750977
0.035011553812758
0.035014005602241
0.035061884225658
0.035145678838787
0.035401989591815
0.03553028957186
0.035541654819448
0.035565672013373
0.035565672013373
0.035873152532645
0.03606592851733
0.036210892236385
0.036391426179992
0.036413953827107
0.036416605972323
0.036511008068933
0.036515007668152
0.036517674554484
0.036524343474926
0.036699941280094
0.036728247695303
0.036784991723377
0.03678634490877
0.036787698193724
0.037408349543618
0.037754370068336
0.03795354486109
0.038019922439358
0.038102495713469
0.038205853136701
0.038383295589759
0.038390663390663
0.038569830678443
0.038583224014199
0.038595137012736
0.038681726752282
0.038689209579448
0.038774718883288
0.038807823657249
0.038809329762875
0.038919592122675
0.038934745366765
0.0390563974379
0.039275755076391
0.039759850502962
0.039764593605853
0.039889903865332
0.039969623086454
0.039980809211579
0.039984006397441
0.040361640297062
0.040395879620279
0.040633888663145
0.040779708017291
0.041091387245233
0.041118421052632
0.041192947767342
0.041221814584278
0.041232012534532
0.04123881397171
0.041300128030397
0.041668402850119
0.041834002677376
0.041986816139732
0.042186972662842
0.042306553285104
0.042363905952129
0.042405224323637
0.04242501378813
0.042533282293395
0.042685789900542
0.042742349119508
0.043060758730569
0.043068176924071
0.043071886979369
0.043097875274749
0.043110881186412
0.043110881186412
0.043127614611636
0.043151808060758
0.043159257660768
0.043235764624497
0.043271311120727
0.043280675178533
0.043633824941094
0.043717758153362
0.044150110375276
0.044553352639786
0.044712720769059
0.044728720311312
0.04477678771325
0.044812906116962
0.044830987178338
0.04487927475092
0.044964028776979
0.044978185579994
0.045433893684689
0.045516613563951
0.045541488295838
0.045543562417452
0.045551860793514
0.045560162194177
0.045576774075931
0.045603794235681
0.045674614049511
0.045764495904078
0.045911574307883
0.04592844348505
0.045970670712086
0.046065966463977
0.046262028127313
0.046364985163205
0.046397253282606
0.046397253282606
0.046401559092386
0.046408019305736
0.047274618257458
0.047344001515008
0.04735969689794
0.047373158368469
0.047433829807419
0.047582794061667
0.047585058291696
0.047646274061368
0.047719030349303
0.047755491881566
0.047929447852761
0.048267207259388
0.048593226104281
0.048749573441232
0.048778108384957
0.048782867456949
0.048794769200742
0.049265937530791
0.04995004995005
0.049955040463583
0.049977510120446
0.050223494550751
0.050256307166549
0.050405766419679
0.051411238496735
0.051604912787697
0.051741087597661
0.051875291798516
0.051937259790174
0.052031843488215
0.052102328974105
0.05218117303277
0.052273915316257
0.052430136842657
0.05243288590604
0.052642661612971
0.052728710783021
0.052764879696074
0.052784375824756
0.052868094105208
0.052868094105208
0.052868094105208
0.052882072977261
0.053202809108321
0.053245301102178
0.053792361484669
0.054115482439526
0.054277029960921
0.054460298442436
0.054842601733026
0.055279159756772
0.055282215711206
0.05546004104043
0.05553704320782
0.055651399632701
0.055654496883348
0.055657594478767
0.055991041433371
0.055991041433371
0.056173463655769
0.056404760561792
0.056869881710646
0.05697031846408
0.056980056980057
0.057126535275636
0.05824111822947
0.05824111822947
0.05824451045489
0.058565153733529
0.05857887645715
0.058702670971529
0.058757858863623
0.058768218147626
0.058806233460747
0.058903222006244
0.058920575064813
0.058983130824584
0.059007493951732
0.059241706161138
0.059758575355564
0.060923601803339
0.060931026078479
0.060938452163315
0.060968174612852
0.061207002081038
0.061259495221759
0.061334641805692
0.061656082372526
0.06188501763723
0.061908004705008
0.062027043791093
0.062073246430788
0.062146541544963
0.062165858510506
0.062751004016064
0.062849600905034
0.063975433433562
0.06413134098634
0.064164260506898
0.065019505851756
0.065530799475754
0.06558667278809
0.065651260504202
0.066032752245114
0.066037112857426
0.066361404207313
0.067172701014308
0.06722237160527
0.067267590474909
0.067299279897705
0.067435430575224
0.067709391292572
0.067764450769127
0.0680133306128
0.068027210884354
0.068027210884354
0.068324678874009
0.068497842317967
0.069103724690761
0.069691267684159
0.069832402234637
0.070303712035996
0.071301247771836
0.071306332002282
0.071479628305933
0.071510297482838
0.071540992988983
0.071571714858288
0.071870058933448
0.072674418604651
0.074211502782931
0.075103266992114
0.075728890571753
0.075734625870948
0.076039844878717
0.076493536296183
0.076745970836531
0.077029733477122
0.079170295305202
0.079447048542147
0.079491255961844
0.079529187211707
0.079579818558014
0.079605158414265
0.079668578712556
0.080064051240993
0.080083286618083
0.08008970046452
0.080205325633622
0.080289040545966
0.080289040545966
0.08030193527664
0.080314834149868
0.080347099469709
0.080567193038995
0.080658170672689
0.081625989715125
0.081792900376247
0.081799591002045
0.081806282722513
0.081806282722513
0.082176021037061
0.082182774490467
0.082345191040843
0.082372322899506
0.082487833044626
0.082946250829463
0.083008217813564
0.083028894055131
0.083049580599618
0.083208520552505
0.083215444786552
0.083521256159693
0.084068936527953
0.084203435500169
0.08424599831508
0.084295709348394
0.084781687155574
0.085484698239015
0.086460314715546
0.086467790747946
0.087115602404391
0.087275266189562
0.087305744718003
0.087535014005602
0.08809796493701
0.088558271342543
0.088597501550456
0.088849400266548
0.089063056644104
0.089182199233033
0.089309636509779
0.089879561387741
0.089919971225609
0.090073860565664
0.090366889571661
0.092089511004697
0.09248127254231
0.092541180825467
0.092661230541142
0.092954080684142
0.093049223038988
0.093958470356103
0.094867659614837
0.095210892126059
0.095840521372436
0.095932463545664
0.096163092605058
0.096899224806202
0.097049689440994
0.097465886939571
0.098048828316502
0.098892405063291
0.099039318609488
0.099344327438903
0.100959111559818
0.101163378856854
0.101183851057371
0.101327388793191
0.10164667615369
0.101667344448963
0.101874490627547
0.102438024994878
0.102564102564103
0.102595670462707
0.102606197414324
0.102616726526424
0.104384133611691
0.10530749789385
0.10584250635055
0.107596298687325
0.108459869848156
0.108542277216976
0.108944329447652
0.109277674571085
0.109325461900076
0.109409190371991
0.111148160497944
0.111557340473003
0.113199003848766
0.114521300961979
0.114705207616426
0.115393491807062
0.117096018735363
0.117247039512252
0.117619383674429
0.118259224219489
0.119417243850012
0.120525491141376
0.120670930372873
0.12122681537156
0.121684108055488
0.12169891687964
0.121728545343883
0.121787845573012
0.121891760117016
0.121951219512195
0.122174709835064
0.122384041121038
0.12313754463736
0.12370113805047
0.123793018073781
0.124269914253759
0.125786163522013
0.126167045167802
0.128501670521717
0.128567755206994
0.128567755206994
0.131319763624425
0.132996409096954
0.136836343732895
0.137551581843191
0.139625802848366
0.139762403913347
0.14082523588227
0.143905597927759
0.145074713477441
0.145921494236101
0.146929180135175
0.14712373105782
0.14714537963508
0.147492625368732
0.150421179302046
0.150875075437538
0.152276534186082
0.152508769254232
0.152788388082506
0.152858453072455
0.153139356814701
0.153562653562654
0.155400155400155
0.15581177937052
0.160333493666827
0.160745860794084
0.161186331399097
0.162232316677482
0.168548794876117
0.168690958164642
0.170561146170902
0.170677590032429
0.171821305841924
0.172384071711774
0.172503018802829
0.172681747539285
0.172830971310059
0.173130193905817
0.174855744011191
0.175039383861369
0.175870559268379
0.176304654442877
0.179791441927364
0.181686046511628
0.183452577508714
0.184399778720266
0.184945441094877
0.185219485089831
0.189717321191425
0.202306291725673
0.202511138112596
0.20329335230738
0.203376042302217
0.205930807248764
0.20614306328592
0.20631318341242
0.206825232678387
0.206825232678387
0.207125103562552
0.207425845260319
0.20772746157042
0.207770621234157
0.208116545265349
0.208116545265349
0.208203206329377
0.208333333333333
0.208463623097769
0.208463623097769
0.208594075928244
0.208899101733863
0.208899101733863
0.209030100334448
0.20916126333403
0.209248796819418
0.209380234505863
0.209555741827326
0.209863588667366
0.210260723296888
0.210437710437711
0.210881484605652
0.211148648648649
0.221778664892437
0.22212350066637
0.223863890754421
0.227998176014592
0.236127508854782
0.236462520690471
0.236574402649633
0.236742424242424
0.236798484489699
0.238891543239369
0.240038406144983
0.242306760358614
0.257997936016512
0.258531540847983
0.263227165043432
0.263365815117198
0.265604249667995
0.26638252530634
0.285959393766085
0.286123032904149
0.288101411696917
0.292226767971946
0.292226767971946
0.293772032902468
0.293944738389183
0.295246530853262
0.295508274231678
0.296296296296296
0.302846759539673
0.305064063453325
0.305157155935307
0.305157155935307
0.305157155935307
0.305810397553517
0.306936771025169
0.31055900621118
0.3125
0.312597686777118
0.314366551398931
0.316656111462951
0.317057704502219
0.317158261972724
0.317158261972724
0.317258883248731
0.318775900541919
0.318775900541919
0.319590923617769
0.320102432778489
0.32020493115594
0.32051282051282
0.320615581917281
0.321543408360129
0.321646831778707
0.321646831778707
0.322164948453608
0.322476620445018
0.32478077297824
0.325839035516455
0.328191663931736
0.328191663931736
0.328407224958949
0.329924117452986
0.334224598930481
0.334672021419009
0.334672021419009
0.344115622849277
0.344708721130645
0.34965034965035
0.351617440225035
0.351864883884588
0.352112676056338
0.352236703064459
0.355871886120996
0.357398141529664
0.361925443358668
0.361925443358668
0.362056480811006
0.36231884057971
0.362581580855692
0.362844702467344
0.363240101707228
0.363768643142961
0.364166059723234
0.364166059723234
0.364166059723234
0.364564345607
0.365096750638919
0.368188512518409
0.368324125230203
0.368459837877671
0.369276218611521
0.369276218611521
0.369276218611521
0.36941263391208
0.369959304476508
0.370507595405706
0.370919881305638
0.371057513914657
0.371885459278542
0.372300819061802
0.372717107715244
0.373273609555804
0.375093773443361
0.375657400450789
0.376222723852521
0.376364320662401
0.377786173026067
0.377786173026067
0.377928949357521
0.380083618396047
0.389559797428905
0.393855848759354
0.401284109149278
0.401445202729827
0.417362270450751
0.418410041841004
0.419111483654652
0.420521446593776
0.422297297297297
0.42247570764681
0.423370025402202
0.425350914504466
0.425531914893617
0.425894378194208
0.426075841499787
0.428265524625268
0.428265524625268
0.457456541628545
0.46339202965709
0.464037122969838
0.465116279069767
0.465766185374942
0.467508181393174
0.472366556447803
0.476190476190476
0.493339911198816
0.493583415597236
0.5249343832021
0.527704485488127
0.533333333333333
0.572409845449342
0.572737686139748
0.574382538770821
0.574712643678161
0.595238095238095
0.632911392405063
0.633312222925902
0.636132315521629
0.654878847413228
0.667556742323098
0.667556742323098
0.670241286863271
0.701754385964912
0.704225352112676
0.708215297450425
0.710227272727273
0.714796283059328
0.715819613457409
0.717875089734386
0.730460189919649
0.738552437223043
0.749625187406297
0.750750750750751
0.753579502637528
0.871839581517001
0.873362445414847
0.879507475813544
0.908265213442325
0.921658986175115
0.938086303939962
1.06951871657754
1.10987791342952
1.11111111111111
1.11731843575419
1.13250283125708
1.3869625520111
1.39664804469274
1.51745068285281
1.63934426229508
1.67785234899329
1.88679245283019
2.06185567010309
2.1551724137931
2.41545893719807
2.42718446601942
2.45098039215686
3.003003003003
3.11526479750779
3.11526479750779
3.2258064516129
3.23624595469256
3.4965034965035
3.54609929078014
4.739336492891
4.97512437810945
5.29100529100529
6.49350649350649
6.75675675675676
7.93650793650794
8.19672131147541
10
10.3092783505155
10.5263157894737
10.6382978723404
10.752688172043
11.4942528735632
12.1951219512195
13.3333333333333
13.3333333333333
13.8888888888889
14.4927536231884
14.4927536231884
14.7058823529412
15.625
16.1290322580645
19.2307692307692
19.2307692307692
19.2307692307692
20
20.4081632653061
21.2765957446808
21.7391304347826
22.2222222222222
22.7272727272727
22.7272727272727
23.2558139534884
23.8095238095238
25.6410256410256
25.6410256410256
26.3157894736842
26.3157894736842
26.3157894736842
26.3157894736842
27.7777777777778
27.7777777777778
27.7777777777778
27.7777777777778
28.5714285714286
29.4117647058823
29.4117647058823
30.3030303030303
31.25
31.25
31.25
32.258064516129
34.4827586206897
34.4827586206897
37.037037037037
37.037037037037
37.037037037037
37.037037037037
38.4615384615385
38.4615384615385
40
40
40
41.6666666666667
41.6666666666667
41.6666666666667
43.4782608695652
43.4782608695652
45.4545454545455
45.4545454545455
50
50
52.6315789473684
52.6315789473684
52.6315789473684
52.6315789473684
55.5555555555556
55.5555555555556
55.5555555555556
58.8235294117647
58.8235294117647
62.5
62.5
62.5
66.6666666666667
66.6666666666667
66.6666666666667
71.4285714285714
71.4285714285714
71.4285714285714
76.9230769230769
76.9230769230769
76.9230769230769
76.9230769230769
76.9230769230769
76.9230769230769
76.9230769230769
83.3333333333333
83.3333333333333
83.3333333333333
83.3333333333333
83.3333333333333
90.9090909090909
90.9090909090909
90.9090909090909
90.9090909090909
90.9090909090909
90.9090909090909
90.9090909090909
100
100
100
100
111.111111111111
111.111111111111
111.111111111111
111.111111111111
111.111111111111
111.111111111111
111.111111111111
111.111111111111
111.111111111111
125
125
125
125
125
142.857142857143
142.857142857143
142.857142857143
142.857142857143
142.857142857143
142.857142857143
142.857142857143
142.857142857143
142.857142857143
142.857142857143
142.857142857143
142.857142857143
142.857142857143
142.857142857143
142.857142857143
142.857142857143
142.857142857143
142.857142857143
142.857142857143
142.857142857143
142.857142857143
166.666666666667
166.666666666667
166.666666666667
166.666666666667
166.666666666667
166.666666666667
166.666666666667
166.666666666667
166.666666666667
166.666666666667
166.666666666667
166.666666666667
166.666666666667
166.666666666667
166.666666666667
166.666666666667
166.666666666667
166.666666666667
166.666666666667
166.666666666667
166.666666666667
200
200
200
200
200
200
200
200
200
200
200
200
200
200
200
200
200
200
200
200
200
250
250
250
250
250
333.333333333333
7.90146572206145
