o
93.0232558139535
0
0.011216295033425
0.251667295834906
0.012781757875161
90.9090909090909
11.6279069767442
166.666666666667
57.6923076923077
111.111111111111
0
0.047490897577964
0.050703082747431
0.186196623634558
0.172334558823529
0
1.97726149283243
17.5438596491228
190.476190476191
61.5384615384615
142.857142857143
0.230078993787867
81.0810810810811
1.20144173007609
7.31707317073171
103.448275862069
0.358037952022914
120
0.16646321163023
0.189813350205631
166.666666666667
43.010752688172
4.51467268623025
0
160
0.914703864623828
4.7244094488189
52.6315789473684
157.894736842105
230.769230769231
153.846153846154
210.526315789474
97.5609756097561
0.496524329692155
121.212121212121
120
0.230114290097415
81.0810810810811
1.20433560818948
7.12589073634204
111.111111111111
0.358294518093873
96.7741935483871
0.166500166500166
0.191046296885945
173.913043478261
42.5531914893617
5.44959128065395
0
133.333333333333
0.933924819052066
4.53001132502831
51.7241379310345
157.894736842105
200
148.148148148148
181.818181818182
85.1063829787234
0.487032752952636
148.148148148148
125
0.233717669055781
83.3333333333333
1.23152709359606
7.7319587628866
115.384615384615
0.382506693867143
130.434782608696
0.15914275104769
0.191192403288509
166.666666666667
43.010752688172
90.9090909090909
0
4.86026731470231
0.628272251308901
3.85109114249037
55.5555555555556
150
200
173.913043478261
190.476190476191
90.9090909090909
0.458505272810637
181.818181818182
130.434782608696
0.235441845864071
73.1707317073171
1.27064803049555
6.66666666666667
107.142857142857
0.38560411311054
93.75
0.163247537682973
0.182293249073343
166.666666666667
43.010752688172
111.111111111111
0
4.83091787439614
0.81190798376184
4.23728813559322
61.2244897959184
150
200
160
166.666666666667
81.6326530612245
0.448279726549367
148.148148148148
100
0
0.011196954428396
0.2353910433708
0.012820471729257
93.75
15.3846153846154
166.666666666667
50.8474576271186
100
0
0.048472314229856
0.049193231011413
0.197005516154452
0.167691447736165
0
3.81315538608198
16.8776371308017
190.476190476191
57.1428571428571
133.333333333333
0
0.011174869952451
0.235488048981514
0.012817021003893
93.75
12.2950819672131
187.5
53.5714285714286
130.434782608696
0
0.047535294956505
0.049707553891273
0.199786893979755
0.176980709102708
0
3.8572806171649
18.957345971564
153.846153846154
62.5
133.333333333333
0
0.011202599002969
0.250830877280993
0.012784290663633
100
14.0845070422535
230.769230769231
51.7241379310345
93.75
0
0.048442571331686
0.049234405002216
0.180429422024418
0.176004693458492
0
4.09416581371546
13.1147540983607
166.666666666667
59.7014925373134
58.1164238363489
