o
166.666666666667
0.016992064705782
90.9090909090909
0.009977650063857
0.023625023625024
0.706214689265537
0
0.315955766192733
0
0
181.818181818182
45.4545454545455
0.137230684781117
0
133.333333333333
0.096061479346782
4.31965442764579
36.3636363636364
166.666666666667
222.222222222222
100
133.333333333333
74.0740740740741
0.013157461925595
181.818181818182
153.846153846154
0.017074315960217
90.9090909090909
0.015310887572153
0.046023564064801
0.182781941144215
0
0.361663652802893
0
0
142.857142857143
48.7804878048781
0.124316260566882
0
117.647058823529
0.089722309452245
4.66200466200466
27.3972602739726
200
222.222222222222
142.857142857143
153.846153846154
80
0.013776286877398
200
153.846153846154
0.016865823937664
54.0540540540541
0.010032907938037
0.021756630333094
0.725163161711385
0
0.315258511979823
0
0
200
32.7868852459016
0.127072876294555
0
90.9090909090909
0.090735867888576
4.54545454545455
43.4782608695652
166.666666666667
285.714285714286
95.2380952380952
142.857142857143
66.6666666666667
0.01381864411464
181.818181818182
117.647058823529
0.017271753773878
58.8235294117647
0.009056822504393
0.023612750885478
0.543478260869565
0
0.410846343467543
0
0
222.222222222222
46.5116279069768
0.119431506031291
0
71.4285714285714
0.094926194883478
4.21052631578947
33.3333333333333
166.666666666667
285.714285714286
66.6666666666667
142.857142857143
74.0740740740741
0.013841788359056
133.333333333333
0.040784697581468
0
0
0.004771811952435
0
0.052943667937315
0.019032030908018
0.066903057469726
0.014604936468526
0.341646737273659
0
0
0
0
0
0
0.053984020729864
0.052532044547174
41.6666666666667
14.0845070422535
142.857142857143
0.010124941781585
90.9090909090909
0.008491992051495
0.023694997985925
0.148787382829936
0
0.093923170846248
0
0
200
37.7358490566038
142.857142857143
0
166.666666666667
0.082994439372562
4.21940928270042
14.4927536231884
83.3333333333333
142.857142857143
95.2380952380952
153.846153846154
52.6315789473684
0.012491334136943
250
200
0.010128531059141
90.9090909090909
0.010040765507962
0.021764680276847
0.725163161711385
0
0.072632190586868
0
0
222.222222222222
43.4782608695652
86.9565217391304
0
66.6666666666667
0.082447027784648
3.98406374501992
47.6190476190476
90.9090909090909
250
153.846153846154
142.857142857143
46.5116279069768
0.012406255233889
181.818181818182
166.666666666667
0.010030291480271
100
0.007045329650974
0.023577120762013
5.43478260869565
0
0.070891819084078
0
0
86.9565217391304
38.4615384615385
0.117855038302888
0
153.846153846154
0.101651842439644
3.6101083032491
27.027027027027
166.666666666667
200
86.9565217391304
142.857142857143
47.6190476190476
0.013779893757019
153.846153846154
111.111111111111
0.010076886645102
100
0.008478168715557
0.023683774246264
0.149120190873844
0
0.093650496347631
0
0
181.818181818182
52.6315789473684
0.111222333444556
0
117.647058823529
0.100852201099289
2.82885431400283
15.3846153846154
111.111111111111
90.9090909090909
80
153.846153846154
74.0740740740741
0.013925734060257
250
0.290782204129107
0
0.158679784195494
0
0.007793867784827
0.014154281670205
0
0.260348867482426
0
0
166.666666666667
31.7460317460317
0.443262411347518
0
125
0.034928396786588
4
22.7272727272727
10
71.4285714285714
200
181.818181818182
74.0740740740741
0.013898250905124
181.818181818182
0.127307447485678
0
0.701262272089762
0
0.007985179506835
0.016213236486267
0
1.76991150442478
0
0
117.647058823529
41.6666666666667
0.380517503805175
0
100
0.027463473580139
3.87596899224806
12.3456790123457
200
66.6666666666667
142.857142857143
142.857142857143
62.5
0.018010391996182
166.666666666667
0.053061657646185
0
0.540832882639264
0
0.006655396861315
0.09009009009009
0
0.301477238468496
0
0
200
40
0.21491510853213
0
200
0.027019724398811
3.48432055749129
21.2765957446808
76.9230769230769
90.9090909090909
105.263157894737
111.111111111111
44.4444444444444
0.021833346069452
166.666666666667
0.12709710218607
0
0.695410292072323
0
0.006041237487087
0.046913116907487
0
1.8348623853211
0
0
166.666666666667
43.4782608695652
0.208376745155241
0
71.4285714285714
0.027134096705921
3.44827586206897
21.7391304347826
200
62.5
117.647058823529
133.333333333333
62.5
0.018024350898063
86.9565217391304
90.9090909090909
0.010059856144057
90.9090909090909
0.010021847627829
0.023629489603025
0.707213578500707
0
0.315955766192733
0
0
222.222222222222
41.6666666666667
74.0740740740741
0
90.9090909090909
0.087130783305742
4.54545454545455
20
200
142.857142857143
125
86.9565217391304
58.8235294117647
0.012421743018981
181.818181818182
111.111111111111
0.010110610074212
111.111111111111
0.006870774473699
0.02577585318074
5.43478260869565
0
0.070871722182849
0
0
153.846153846154
45.4545454545455
66.6666666666667
0
66.6666666666667
0.080032012805122
4
35.7142857142857
166.666666666667
166.666666666667
80
111.111111111111
55.5555555555556
0.012455781973992
222.222222222222
0.335232986925913
0
5.37634408602151
0
0.005870025886814
0.385208012326656
0
0.065664193315385
0
0
142.857142857143
37.037037037037
0.19782393669634
0
142.857142857143
0.013796338451775
3.33333333333333
20.8333333333333
62.5
250
153.846153846154
86.9565217391304
40.8163265306122
0.018545650117765
250
0.300842358604091
0
0.260213374967473
0
0
0.653167864141084
0
0.507356671740233
0
0
166.666666666667
50
0.151630022744503
0
100
0.017323816783314
3.7037037037037
37.037037037037
55.5555555555556
250
111.111111111111
153.846153846154
55.5555555555556
0.02206141899047
200
166.666666666667
0.010125761963588
90.9090909090909
0.006248164601648
0.021638464534557
0.403877221324717
0
0.108260257659413
0
0
200
50
117.647058823529
0
142.857142857143
0.112714156898106
3.1104199066874
43.4782608695652
111.111111111111
133.333333333333
111.111111111111
105.263157894737
55.5555555555556
0.012219113136769
222.222222222222
68.9655172413793
0.010098867916907
83.3333333333333
0.006868933872774
0.025779840164991
4.04858299595142
0
0.070851636672807
0
0
222.222222222222
47.6190476190476
3.16455696202532
0
142.857142857143
0.100321027287319
3.08641975308642
41.6666666666667
153.846153846154
222.222222222222
86.9565217391304
117.647058823529
62.5
0.012366977696156
181.818181818182
111.111111111111
0.010118180346447
125
0.01005126143331
0.020169829968333
0.516262261228704
0
0.390472471690746
0
0
181.818181818182
42.5531914893617
125
0
133.333333333333
0.10088781275222
2.97176820208024
32.258064516129
76.9230769230769
166.666666666667
74.0740740740741
105.263157894737
83.3333333333333
0.012273477628519
166.666666666667
166.666666666667
0.01011848748849
111.111111111111
0.008498053945646
0.023684335180712
0.148765248437965
0
0.279173646007817
0
0
111.111111111111
57.1428571428571
3.18471337579618
0
142.857142857143
0.107106517431586
2.94985250737463
35.0877192982456
90.9090909090909
111.111111111111
58.8235294117647
111.111111111111
60.6060606060606
0.012281994595922
222.222222222222
0.040789688366781
0
0
0.004756468797565
0
0.047025628967788
0.018153432814145
0.064888715852313
0.031062653371851
0.149678191887442
0
0
0
0
0
0
0.067195269453031
0.052545846250854
142.857142857143
9.80392156862745
0.043344458410992
0
0
0.00475088722819
0
0.21362956633198
0.012005810812433
0.025852485716502
0.046897716081227
0.331235508446505
0
0
0
0
0
0
0.033224798989966
10.1010101010101
200
23.2558139534884
0.060554680876832
0
0
0.0047998233665
0
0.041250721887633
0.015507482360239
0.07156147130385
0.136314067611778
0.329489291598023
0
0
0
0
0
0
0.033211557622053
10.5263157894737
250
50
0.155014726399008
0
0
0.004584674350581
0
0.047096500729996
0.011271796837134
71.4285714285714
0.046928527852081
0.321543408360129
0
0
0
0
0
0
0.033246891415653
10.989010989011
90.9090909090909
23.2558139534884
90.9090909090909
0
0
0.00484611172226
0
0.048666536889235
0.051179691898255
250
47.6190476190476
0.176803394625177
0
0
0
0
0
0
2.7027027027027
14.0845070422535
142.857142857143
52.6315789473684
142.857142857143
0
0
0.004773816570872
0
0.059923298178332
0.051190171487075
200
43.4782608695652
0.399042298483639
0
0
0
0
0
0
2.82485875706215
14.7058823529412
166.666666666667
43.4782608695652
0.04194103091054
0
0
0.004761632668609
0
0.051781275890638
0.014409844805972
55.5555555555556
0.04692412369199
0.329706561160567
0
0
0
0
0
0
0.089798850574713
0.052543085329971
142.857142857143
21.7391304347826
142.857142857143
0.016525238169995
90.9090909090909
0.023929742276676
0.051667570849157
0.087703911594457
0
0.047858339315626
0
0
200
32.7868852459016
0.125549278091651
0
71.4285714285714
0.097703957010259
4.65116279069768
27.027027027027
166.666666666667
250
142.857142857143
95.2380952380952
68.9655172413793
0.013764530182174
222.222222222222
153.846153846154
0.01684607739088
90.9090909090909
0.01793818501444
0.04694174529409
0.542299349240781
0
0.39032006245121
0
0
125
45.4545454545455
0.125960448419196
0
125
0.096200096200096
4.02414486921529
22.9885057471264
142.857142857143
222.222222222222
125
142.857142857143
111.111111111111
0.013139568496571
200
125
0.012782166321548
83.3333333333333
0.005793172167284
0.028431707039691
5.78034682080925
0
0.070811499787566
0
0
166.666666666667
40.8163265306122
0.134174158057158
0
142.857142857143
0.103252452245741
1.92864030858245
24.390243902439
200
250
125
142.857142857143
62.5
0.013165603544181
181.818181818182
166.666666666667
0.010016426940182
90.9090909090909
0.009346231132296
0.023586574521782
0.542299349240781
0
0.021007962017605
0
0
133.333333333333
51.2820512820513
0.120416641579866
0
142.857142857143
0.095680045926422
2.89855072463768
37.7358490566038
83.3333333333333
333.333333333333
153.846153846154
133.333333333333
100
0.013754685189643
181.818181818182
153.846153846154
0.017463893400395
100
0.027327630967671
0.055331156974492
0.185048112509252
0
0.041142104830083
0
0
166.666666666667
41.6666666666667
0.117377780386173
0
153.846153846154
0.107457554266065
4.1407867494824
29.4117647058823
1.27713920817369
285.714285714286
181.818181818182
111.111111111111
58.8235294117647
0.013897285165343
153.846153846154
166.666666666667
0.017482975952167
100
0.019192936999184
0.020175527085645
0.537923614846692
0
0.392464678178964
0
0
142.857142857143
46.5116279069768
71.4285714285714
0
125
0.10994447803859
4.50450450450451
37.7358490566038
1.27469725940089
222.222222222222
133.333333333333
142.857142857143
80
0.012327492156633
200
166.666666666667
0.010124326732272
100
0.007632830329815
0.034554250172771
0.148389968838106
0
0.139938427092079
0
0
200
48.7804878048781
3.02114803625378
0
105.263157894737
0.101791530944625
2.78940027894003
40
142.857142857143
166.666666666667
83.3333333333333
83.3333333333333
58.8235294117647
0.01237302186313
222.222222222222
166.666666666667
0.009956391007388
111.111111111111
0.01250562753239
0.025969304282338
0.087519691930684
0
0.072838517007794
0
0
111.111111111111
47.6190476190476
0.131018670160498
0
142.857142857143
0.101641510392844
2.98507462686567
20.6185567010309
200
250
117.647058823529
153.846153846154
58.8235294117647
0.013888020887584
181.818181818182
0.087092840968472
0
0.721500721500721
0
0.008220169006675
0.016228760609552
0
1.72117039586919
0
0
153.846153846154
29.8507462686567
0.190766882869134
0
90.9090909090909
0.027461211039407
3.36700336700337
32.258064516129
111.111111111111
90.9090909090909
133.333333333333
166.666666666667
57.1428571428571
0.022113864287215
200
0.290275761973875
0
0.156201187129022
0
0.006921948113077
0.016224284509053
0
1.67785234899329
0
0
111.111111111111
30.7692307692308
0.221483942414175
0
200
0.034944263899081
3.7593984962406
22.2222222222222
10.1010101010101
111.111111111111
153.846153846154
166.666666666667
39.2156862745098
0.014772903540326
181.818181818182
0.173040318394186
0
0.406338886631451
0
0
0.060128675365282
0
1.70940170940171
0
0
86.9565217391304
43.4782608695652
0.315955766192733
0
62.5
0.033593120128998
4.04858299595142
20.4081632653061
142.857142857143
111.111111111111
142.857142857143
166.666666666667
30.3030303030303
0.017880451302591
105.263157894737
0.086722747376637
0
0.720980533525595
0
0.007992135738433
0.017200749952698
0
1.75438596491228
0
0
111.111111111111
43.4782608695652
0.208029956313709
0
47.6190476190476
0.027141461296276
3.6231884057971
20
142.857142857143
100
142.857142857143
133.333333333333
62.5
0.018089888656735
111.111111111111
0.056060096423366
0
0
0.004766716876084
0
0.13250298131708
0.048597949166545
200
52.6315789473684
0.341413451689997
0
0
0
0
0
0
3.04878048780488
15.625
142.857142857143
28.5714285714286
166.666666666667
0
0
0.004788813332056
0
0.059851568111085
0.051213766260371
200
58.8235294117647
0.31201248049922
0
0
0
0
0
0
2.69541778975741
13.5135135135135
333.333333333333
25.6410256410256
166.666666666667
0
0
0.004782217801328
0
0.059944850737322
0.051229508196721
166.666666666667
58.8235294117647
0.347463516330785
0
0
0
0
0
0
2.85714285714286
13.8888888888889
166.666666666667
14.0845070422535
31.25
0
0
0.004839006261674
0
0.059937664828578
0.051198033995495
166.666666666667
71.4285714285714
0.184638109305761
0
0
0
0
0
0
2.8169014084507
13.6986301369863
200
22.7272727272727
0.141402714932127
0
0
0.004816213300455
0
66.6666666666667
7.8125
250
55.5555555555556
4.50450450450451
0
0
0
0
0
0
2.66666666666667
12.3456790123457
166.666666666667
25.6410256410256
200
0
0
0.004830544498976
0
52.6315789473684
0.051232132793688
250
50
0.202880908906472
0
0
0
0
0
0
2.79329608938547
14.2857142857143
76.9230769230769
66.6666666666667
25.6410256410256
0
0
0.004831408017238
0
0.059959227725147
0.051213766260371
250
66.6666666666667
0.190222560395663
0
0
0
0
0
0
2.8169014084507
11.9047619047619
52.6315789473684
66.6666666666667
142.857142857143
0
0
0.004828725119994
0
0.059934072520228
0.051200655368389
333.333333333333
41.6666666666667
0.190548780487805
0
0
0
0
0
0
2.710027100271
13.5135135135135
166.666666666667
62.5
0.076704763365805
0
0
0.003994328054163
0
0.287273771904625
0.025002500250025
0.197745699031046
0.04127285484337
0.169865806013249
0
0
0
0
0
0
0.020617706486331
10.8695652173913
71.4285714285714
45.4545454545455
0.077796794772055
0
0
0.003966711358281
0
0.284819139846198
0.024069705868194
0.051851083687649
0.20185708518369
0.173641257162702
0
0
0
0
0
0
0.020591384564698
10.989010989011
142.857142857143
50
0.797448165869219
0
0
0.003982223354944
0
0.036623329060612
0.020372822654579
0.100120144173008
0.047957030500671
0.677506775067751
0
0
0
0
0
0
0.024224219374531
13.8888888888889
166.666666666667
30.3030303030303
0.053484516232551
0
0
0.003992414412616
0
0.280583613916947
0.015998720102392
0.214086919289231
0.035477347713485
0.02834868887314
0
0
0
0
0
0
0.0205943530284
10.5263157894737
142.857142857143
37.037037037037
0.173822353554667
0
0
0.004576282045415
0
0.051816156277527
0.019527054734335
50
0.0253081264394
0.32927230819888
0
0
0
0
0
0
0.033227006911218
10
166.666666666667
35.7142857142857
0.596658711217184
0
0
0.004520243912362
0
0.051789321042001
0.019526673435914
0.054984329466102
0.046893317702228
0.321646831778707
0
0
0
0
0
0
0.033192817074385
13.1578947368421
166.666666666667
50
0.052840158520476
0
0
0.003996099806589
0
0.032985882042486
0.036612602057628
0.280504908835905
0.047021206564161
0.094037991348505
0
0
0
0
0
0
0.014719302893815
11.4942528735632
125
45.4545454545455
0.054701602756961
0
0
0.003992637576309
0
0.284090909090909
0.024077239785231
100
0.041271151465126
0.16940538709131
0
0
0
0
0
0
0.020611332110394
12.0481927710843
200
40
0.065445026178011
0
0
0.00477566322023
0
0.202470135654991
0.015510368681464
0.071474519333858
0.136351240796291
0.328515111695138
0
0
0
0
0
0
0.033220384027639
9.52380952380952
166.666666666667
55.5555555555556
0.319693094629156
0
0
0.00453270117261
0
0.051843019337446
0.027934521481647
0.064884505580068
0.031056865120035
0.149812734082397
0
0
0
0
0
0
0.067258541834813
0.052540324699207
166.666666666667
17.5438596491228
0.060114217012324
0
0
0.004815610282291
0
0.040270618556701
0.011273830058286
0.071479628305933
0.136184120931499
0.318877551020408
0
0
0
0
0
0
0.033236946189384
11.1111111111111
166.666666666667
22.2222222222222
0.06213495712688
0
0
0.004790350318319
0
0.139958012596221
0.036655547817162
0.047049967065023
0.009736529511421
0.151011778918756
0
0
0
0
0
0
0.029538606959296
11.2359550561798
200
47.6190476190476
0.338409475465313
0
0
0.004535373646758
0
100
0.022205444775059
0.014182184340032
0.031062653371851
0.14808233377758
0
0
0
0
0
0
0.029569177089802
11.7647058823529
200
45.4545454545455
0.244200244200244
0
0
0.004544669557077
0
0.021000903038831
0.027934521481647
0.064884505580068
0.031056865120035
0.14819205690575
0
0
0
0
0
0
0.06771397616468
0.052521008403361
250
29.4117647058823
250
0
0
0.004003138460553
0
0.1431229426077
0.027411529289219
0.197980597901406
0.018149149712336
0.644745325596389
0
0
0
0
0
0
0.02423537395182
15.625
200
33.3333333333333
0.446030330062444
0
0
0.003990263756434
0
0.278784499581823
0.030416400523162
200
0.19712201852947
0.025436878386285
0
0
0
0
0
0
0.017060188344479
10
250
47.6190476190476
37.9893386018334
