o
142.857142857143
0
0.002005478968542
0.069401068776459
0.002004711071017
62.5
16.3934426229508
200
60.6060606060606
10.2040816326531
0
0.029351622655539
0.015155495382626
0.147950880307738
0.156911972383493
0
3.08959835221421
15.9574468085106
166.666666666667
50
166.666666666667
0.057393749820645
86.9565217391304
0.367242012486228
6.87285223367698
125
0.090690608987439
153.846153846154
0.113365831538374
0.1404099971918
200
60
166.666666666667
0
142.857142857143
0.136640021862404
4.90196078431373
33.8983050847458
166.666666666667
333.333333333333
166.666666666667
187.5
83.3333333333333
0.188134955474727
230.769230769231
142.857142857143
0.067181726570373
95.2380952380952
0.349162011173184
6.75675675675676
133.333333333333
0.121182743577315
181.818181818182
0.128057369701626
0.151572565365669
214.285714285714
47.6190476190476
157.894736842105
0
117.647058823529
0.165796236425433
5.26315789473684
35.7142857142857
181.818181818182
250
187.5
176.470588235294
93.75
0.18348623853211
250
166.666666666667
0.058986610039521
74.0740740740741
0.321802091713596
6.84931506849315
133.333333333333
0.09872155585172
166.666666666667
0.116495806150979
0.145996058106431
214.285714285714
51.7241379310345
157.894736842105
0
136.363636363636
0.182893373163446
4.92610837438424
45.4545454545455
142.857142857143
250
166.666666666667
214.285714285714
93.75
0.197810892786496
230.769230769231
133.333333333333
0.058589172720881
86.9565217391304
0.344530577088717
7.32600732600733
117.647058823529
0.110503342726118
181.818181818182
0.133895695253398
0.153080750095675
200
46.1538461538462
150
0
111.111111111111
0.190949016612564
4.84652665589661
31.7460317460317
181.818181818182
181.818181818182
200
230.769230769231
107.142857142857
0.220653133274492
230.769230769231
153.846153846154
0.064695607168273
86.9565217391304
0.276472214542438
7.46268656716418
117.647058823529
0.108301294200466
181.818181818182
0.105340777414937
0.138763616179838
176.470588235294
44.1176470588235
85.7142857142857
0
125
0.118259224219489
4.33839479392625
31.25
166.666666666667
285.714285714286
130.434782608696
157.894736842105
50
0.137324910738808
176.470588235294
142.857142857143
0.06497514700627
90.9090909090909
0.370713623725672
6.6006600660066
133.333333333333
0.119310385969099
200
0.116306117701791
0.143317807237549
187.5
40
69.7674418604651
0
105.263157894737
0.150591069949552
4.03225806451613
43.4782608695652
181.818181818182
250
111.111111111111
187.5
78.9473684210526
0.148133517677266
200
153.846153846154
0.070168052485703
80
0.365096750638919
6.41025641025641
125
0.120948234155781
153.846153846154
0.102155480641536
0.156838143036386
153.846153846154
51.2820512820513
90.9090909090909
0
95.2380952380952
0.177635669242384
1.64203612479475
38.4615384615385
222.222222222222
333.333333333333
136.363636363636
150
60
0.130412102243088
181.818181818182
133.333333333333
0.071471965121681
105.263157894737
0.343760742523204
7.14285714285714
125
0.141884222474461
181.818181818182
0.108784335055752
0.144749221972932
166.666666666667
45.4545454545455
111.111111111111
0
133.333333333333
0.181110205560083
3.78787878787879
34.4827586206897
181.818181818182
250
157.894736842105
142.857142857143
52.6315789473684
0.15243127889843
115.384615384615
200
0.074159219845007
111.111111111111
0.383215175320943
7.46268656716418
166.666666666667
0.126534227508541
166.666666666667
0.134327355766002
0.150625094140684
214.285714285714
50.8474576271186
0.574602566558131
0
120
0.142949038667715
4.92610837438424
35.0877192982456
166.666666666667
285.714285714286
214.285714285714
230.769230769231
83.3333333333333
0.199428305524164
214.285714285714
142.857142857143
0.065053343741868
83.3333333333333
0.354295837023915
7.09219858156028
133.333333333333
0.129794276072425
153.846153846154
0.122369065100343
0.149846407432382
214.285714285714
52.6315789473684
166.666666666667
0
111.111111111111
0.14290818149339
5.05050505050505
35.7142857142857
153.846153846154
250
187.5
200
96.7741935483871
0.208174311289987
230.769230769231
142.857142857143
0.062204528489674
74.0740740740741
0.315855969677827
7.19424460431655
133.333333333333
0.126270597891281
166.666666666667
0.100704934541793
0.149120190873844
181.818181818182
43.4782608695652
125
0
111.111111111111
0.151114469210427
4.05679513184584
35.7142857142857
181.818181818182
250
150
103.448275862069
76.9230769230769
0.106643915964594
181.818181818182
153.846153846154
0.066403267040738
95.2380952380952
0.362910542551261
7.19424460431655
125
0.127551020408163
153.846153846154
0.112492266156702
0.155303618574313
181.818181818182
48.7804878048781
105.263157894737
0
125
0.148389968838106
4.36681222707424
37.7358490566038
200
250
136.363636363636
142.857142857143
58.8235294117647
0.145454545454545
222.222222222222
115.384615384615
0
0.004076807044723
0.083460842954514
0.00204056646125
80
15.748031496063
166.666666666667
58.8235294117647
90.9090909090909
0
0.031153294980166
0.016256021501298
0.143054694578227
0.164509760912481
0
3.46820809248555
15.2284263959391
187.5
44.7761194029851
130.434782608696
0
0.001974953637963
0.070080358811437
0.001987917437813
68.9655172413793
16.5289256198347
200
71.4285714285714
125
0
0.033374123929247
0.015101786037896
0.140633789611851
0.164383561643836
0
3.32963374028857
15.4639175257732
176.470588235294
46.875
125
0
0.004157096683676
0.086340873769643
0.002013307965653
68.9655172413793
15.2671755725191
222.222222222222
52.6315789473684
2.5062656641604
0
0.030707500818867
0.015917568220045
0.141750141750142
0.150640220938991
0
3.55871886120996
15.5440414507772
187.5
50.8474576271186
136.363636363636
0
0.003934243061471
0.070905223351454
0.001978129796965
76.9230769230769
13.5135135135135
181.818181818182
64.5161290322581
95.2380952380952
0
0.034377256007426
0.013938512574862
0.159075242589745
0.150693188667872
0
3.41685649202733
15.3061224489796
157.894736842105
54.5454545454546
120
0
0.00197646426355
0.069141948420107
0.00199205568194
95.2380952380952
17.6991150442478
250
55.5555555555556
14.0845070422535
0
0.035536181755724
0.009405420657439
0.134946696055058
0.148243316697139
0
3.50467289719626
15.625
200
49.1803278688525
42.8571428571429
0
0.001941080444197
0.090519582402993
0.001988731845364
105.263157894737
12.5786163522013
222.222222222222
6.64451827242525
8.29875518672199
0
0.034694113565399
0.009234434590961
0.13598041881969
0.138638569249965
0
3.37457817772778
15.3846153846154
176.470588235294
47.6190476190476
125
0
0.001971297902539
0.071167623475827
0.002035258823865
71.4285714285714
16
222.222222222222
66.6666666666667
133.333333333333
0
0.03295942694543
0.01365560562611
0.155367963126003
0.155183116076971
0
1.34468848050202
15.9574468085106
176.470588235294
47.6190476190476
200
0.070288887326914
76.9230769230769
0.348918353105373
6.23052959501558
133.333333333333
0.125889091710203
166.666666666667
0.115353558657285
0.143102461362335
187.5
37.037037037037
117.647058823529
0
105.263157894737
0.17650692789692
1.72413793103448
31.7460317460317
133.333333333333
222.222222222222
107.142857142857
157.894736842105
63.8297872340426
0.142619443784169
187.5
2.80112044817927
0.065547981122182
83.3333333333333
0.352920416446091
6.41025641025641
142.857142857143
0.150784077201447
200
0.113186191284663
0.142979696883043
176.470588235294
40.5405405405405
95.2380952380952
0
153.846153846154
0.181834712246568
3.76647834274953
31.7460317460317
153.846153846154
222.222222222222
120
166.666666666667
62.5
0.150526843953838
230.769230769231
153.846153846154
0.070743871812104
86.9565217391304
0.403469840629413
6.28930817610063
133.333333333333
0.134282261313281
153.846153846154
0.111185234600845
0.147318797878609
125
42.5531914893617
105.263157894737
0
125
0.183705336640029
3.78071833648393
41.6666666666667
200
285.714285714286
142.857142857143
157.894736842105
58.8235294117647
0.142470437384243
187.5
125
0.053811176581376
95.2380952380952
0.327118089630356
6.9204152249135
153.846153846154
0.087550341446332
166.666666666667
0.109140518417462
0.148643626904497
107.142857142857
45.4545454545455
83.3333333333333
0
83.3333333333333
0.117061750073164
4.68384074941452
29.4117647058823
142.857142857143
222.222222222222
142.857142857143
176.470588235294
75
0.143102461362336
166.666666666667
150
0
0.00197247217828
0.087673154480098
0.001993509134259
90.9090909090909
17.2413793103448
250
60.6060606060606
166.666666666667
0
0.036811622656327
0.008908421427723
0.127161749745677
0.145525103080281
0
3.27510917030568
14.5631067961165
187.5
46.875
120
0
0.00197632364276
0.087072618563882
0.001995808801517
86.9565217391304
14.7058823529412
333.333333333333
58.8235294117647
142.857142857143
0
0.034321801208127
0.008854363430298
0.131440588853838
0.143857293564784
0
3.67197062423501
17.1428571428571
200
53.5714285714286
142.857142857143
0
0.001942392522566
0.089863407620417
0.001989202608242
83.3333333333333
13.7931034482759
222.222222222222
71.4285714285714
166.666666666667
0
0.035177411411552
0.009119649805447
0.133612434863938
0.144627103119124
0
3.2258064516129
15.625
200
60
111.111111111111
0
0.001976522861452
0.087343872827321
0.001995629571239
95.2380952380952
18.6915887850467
250
66.6666666666667
222.222222222222
0
0.033607797008906
0.008883966513369
0.131769666622743
0.146412884333821
0
3.6101083032491
17.4418604651163
200
56.6037735849057
136.363636363636
0
0.001943445729278
0.084366826963638
0.00197826676136
95.2380952380952
15.8730158730159
250
6.25
36.3636363636364
0
0.037182093103961
0.009175125622762
0.128336755646817
0.149276011344977
0
2.92112950340798
15.7894736842105
166.666666666667
57.6923076923077
142.857142857143
0
0.00197581991587
0.089047195013357
0.001988822815775
105.263157894737
15.2671755725191
250
6.49350649350649
2.04498977505112
0
0.035991937805932
0.008908183354169
0.125891733109526
0.150928208482165
0
3.2258064516129
15.9574468085106
200
62.5
142.857142857143
0
0.001912810281738
0.090546903295907
0.001990398318512
83.3333333333333
13.8888888888889
285.714285714286
62.5
142.857142857143
0
0.035939764953937
0.009146843424334
0.134613658799246
0.149461937026704
0
3.63636363636364
14.4230769230769
187.5
51.7241379310345
130.434782608696
0
0.001934591462648
0.068458765003879
0.001987976716817
83.3333333333333
12.0481927710843
285.714285714286
62.5
153.846153846154
0
0.034351669491137
0.009745733805027
0.138159712627798
0.156193054615505
0
3.52526439482961
15.8730158730159
150
41.0958904109589
65.3507903391273
