qps
0
0
0
0
0
0
0
0
0
0
0
0
0
0
0
0
0
0
0
0
0
0
0
0
0
0
0
0
0
0
0
0
0
0
0
0
0
0
0
0
0
0
0
0
0
0
0
0
0
0
0
0
0
0
0
0
0
0
0
0
0
0
0
0
0
0
0
0
0
0
0
0
0
0
0
0
0
0
0
0
0
0
0
0
0
0
0
0
0
0
0
0
0
0
0
0
0
0
0
0
0
0
0
0
0
0
0
0
0
0
0
0
0
0
0
0
0
0
0
0
0
0
0
0
0
0
0
0
0
0
0
0
0
0
0
0
0
0
0
0
0
0
0
0
0
0
0
0
0
0
0
0
0
0
0
0
0
0
0
0
0
0
0
0
0
0
0
0
0
0
0
0
0
0
0
0
0
0
0
0
0
0
0
0
0
0
0
0
0
0
0
0
0
0
0
0
0
0
0
0
0
0
0
0
0
0
0
0
0
0
0
0
0
0
0
0
0
0
0
0
0
0
0
0
0
0
0
0
0
0
0
0
0
0
0
0
0
0
0
0
0
0
0
0
0
0
0
0
0
0
0
0
0
0
0
0
0
0
0
0
0
0
0
0
0
0
0
0
0
0
0
0
0
0
0
0
0
0
0
0
0
0
0
0
0
0
0
0
0
0
0
0
0
0
0
0
0
0
0
0
0
0
0
0
0
0
0
0
0
0
0
0
0
0
0
0
0
0
0
0
0
0
0
0
0
0
0
0
0
0
0
0
0
0
0
0
0
0
0
0
0
0
0
0
0
0
0
0
0
0
0
0
0
0
0
0
0
0
0
0
0
0
0
0
0
0
0
0
0
0
0
0
0
0
0
0
0
0
0
0
0
0
0
0
0
0
0
0
0
0
0
0
0
0
0
0
0
0
0
0
0
0
0
0
0
0
0
0
0
0
0
0
0
0
0
0
0
0
0
0
0
0
0
0
0
0
0
0
0
0
0
0
0
0
0
0
0
0
0
0
0
0
0
0
0
0
0
0
0
0
0
0
0
0
0
0
0
0
0
0
0
0
0
0
0
0
0
0
0
0
0
0
0
0
0
0
0
0
0
0
0
0
0
0
0
0
0
0
0
0
0
0
0
0
0
0
0
0
0
0
0
0
0
0
0
0
0
0
0
0
0
0
0
0
0
0
0
0
0
0
0
0
0
0
0
0
0
0
0
0
0
0
0
0
0
0
0
0
0
0
0
0
0
0
0
0
0
0
0
0
0
0
0
0
0
0
0
0
0
0
0
0
0
0
0
0
0
0
0
0
0
0
0
0
0
0
0
0
0
0
0
0
0
0
0
0
0
0
0
0
0
0
0
0
0
0
0
0
0
0
0
0
0
0
0
0
0
0
0
0
0
0
0
0
0
0
0
0
0
0
0
0
0
0
0
0
0
0
0
0
0
0
0
0
0
0
0
0
0
0
0
0
0
0
0
0
0
0
0
0
0
0
0
0
0
0
0
0
0
0
0
0
0
0
0
0
0
0
0
0
0
0
0
0
0
0
0
0
0
0
0
0
0
0
0
0
0
0
0
0
0
0
0
0
0
0
0
0
0
0
0
0
0
0
0
0
0
0
0
0
0
0
0
0
0
0
0
0
0
0
0
0
0
0
0
0
0
0
0
0
0
0
0
0
0
0
0
0
0
0
0
0
0
0
0
0
0
0
0
0
0
0
0
0
0
0
0
0
0
0
0
0
0
0
0
0
0
0
0
0
0
0
0
0
0
0
0
0
0
0
0
0
0
0
0
0
0
0
0
0
0
0
0
0
0
0
0
0
0
0
0
0
0
0
0
0
0
0
0
0
0
0
0
0
0
0
0
0
0
0
0
0
0
0
0
0
0
0
0
0
0
0
0
0
0
0
0
0
0
0
0
0
0
0
0
0
0
0
0
0
0
0
0
0
0
0
0
0
0
0
0
0
0
0
0
0
0
0
0
0
0
0
0
0
0
0
0
0
0
0
0
0
0
0
0
0
0
0
0
0
0
0
0
0
0
0.006640370798305
0.006838869398111
0.007449011516172
0.007609741991698
0.007678751742117
0.007762137071579
0.007815369706064
0.007869946510597
0.007936193008214
0.007942559410344
0.008123718821844
0.008173440405403
0.008234180081518
0.00824076210568
0.008281196301618
0.008297068230941
0.008314971105475
0.008444127320552
0.008509551972089
0.008601114704466
0.008607555712404
0.008676714301828
0.008696748720491
0.008887980339787
0.00888978445236
0.008923432487541
0.008948145496846
0.008972633467923
0.008976983015548
0.008982412436449
0.009043676435345
0.009102742656362
0.009117515659333
0.009134922809902
0.009182609973233
0.009215315854951
0.00927179335027
0.009316885924049
0.009317189749228
0.009324965730751
0.009355105782859
0.009428936463112
0.009513842641043
0.009515592884874
0.009562240624223
0.009585613910643
0.009592142117178
0.009614367711107
0.009631174184601
0.009633772151655
0.009654979314207
0.009655725120817
0.009687763386067
0.009706146417219
0.009748061354298
0.009749819628337
0.009750199879098
0.009757684176289
0.00978162521703
0.009781960109167
0.00984377922372
0.009846153846154
0.009855081033404
0.009868599596374
0.009945960282465
0.009947427843845
0.009949159793455
0.010042731823911
0.010081102469366
0.010105041910661
0.010174647830002
0.010190875090444
0.010197526080173
0.010211219066388
0.01024228116086
0.010261988568145
0.010346879122585
0.010429758186057
0.010569539643701
0.010740907821529
0.010770368562012
0.0107892905502
0.010833531948086
0.010874411422482
0.010962207788649
0.011022502438729
0.011071315881249
0.011099333485024
0.011128731602816
0.011195638179365
0.011211202233272
0.011247961307013
0.011281079373675
0.01129050468556
0.011312153211803
0.011451933372652
0.011530567534534
0.011533271566257
0.011540947280953
0.01157416338089
0.011589365598127
0.011595547309833
0.011596488583257
0.011609817261476
0.011680878402056
0.011710150358331
0.011805748218808
0.011881282227978
0.011902211430884
0.011902848946896
0.011937447773666
0.011959195225889
0.01196236639532
0.011979491111218
0.012022337503081
0.01205218596523
0.012082037031444
0.012131284763713
0.012163082611657
0.012201966957074
0.012215083184717
0.012246647480252
0.012264596402794
0.012265423770391
0.012288559965101
0.012325592861017
0.012334004851375
0.012354220201621
0.012391266635276
0.012398026234224
0.012460438109004
0.012487746398846
0.012500156251953
0.012512042841235
0.012538005830173
0.012574029599266
0.012586532410321
0.012636633600809
0.012695027357784
0.012726451292689
0.012769516609949
0.012808197246238
0.012814598390487
0.012923486498188
0.012989290330123
0.013030079939541
0.013125082031763
0.013140949827854
0.013149762646784
0.01321746026501
0.013230838438232
0.013235128678539
0.01324863042283
0.013251878453771
0.013271664333066
0.013276157349017
0.013314072308727
0.013456595750407
0.01350548322619
0.013519085569052
0.013585387557144
0.013593513175513
0.013595268846442
0.013633636908982
0.013638471400126
0.013639680558681
0.013668391162018
0.013692065448073
0.013700225368707
0.013812059308983
0.013829728384135
0.013939905069247
0.013949433304272
0.013962092917728
0.014019477727723
0.014037451921727
0.014065488916395
0.014095724062106
0.014124892297696
0.014162099389614
0.014177459257527
0.014209995310702
0.014261673179498
0.014279288605842
0.014294597356929
0.014324287545748
0.014467592592593
0.014483622643696
0.0145023167451
0.0145023167451
0.014558371791699
0.014655987337227
0.014670715784223
0.014700585818345
0.014702531040719
0.014711723772675
0.014712806026365
0.014720169576354
0.01479071143322
0.014792242947798
0.014815473280294
0.014894472661196
0.014895803852055
0.014898023032344
0.014941876101963
0.014970844280763
0.01500780405811
0.015011183331582
0.015075339006686
0.015230204541647
0.015279072254733
0.01532989943586
0.015397051464645
0.015483471394287
0.015510488968165
0.01552373190515
0.015671893243063
0.015725619392834
0.015807027804562
0.015816653354317
0.015851377484704
0.015883983385353
0.015885118820689
0.016084281635772
0.016090622385274
0.016098522960518
0.016107858218632
0.016124740996348
0.016260162601626
0.016265187618939
0.016424136911605
0.016445339801834
0.016477993639495
0.016523599831459
0.016647244880972
0.016667777851857
0.016788805224676
0.016991775980426
0.016992209072141
0.017143395935301
0.01767190344072
0.017737729925324
0.017795335842476
0.017879012720918
0.017982862332198
0.018170750542851
0.018173722614472
0.018192899311399
0.018346435746195
0.018593062928222
0.018834165175629
0.019063959584406
0.019107306634057
0.019149934411475
0.020019218449712
0.020196104171505
0.020200183821673
0.020505249343832
0.021223987350504
0.02150260181482
0.021748822844964
0.021749295866546
0.021798127540844
0.022003168456258
0.022016247991017
0.022049258042467
0.022110441656072
0.022181064025641
0.022245456365537
0.022451980826008
0.022457022872478
0.02281386170237
0.022943936491184
0.023079231000023
0.023254461949887
0.023297804181956
0.02335875544551
0.023399475851741
0.023468118560935
0.023904572944804
0.024244481349933
0.024328335212022
0.024700201306641
0.025473164021703
0.025591810620602
0.026239143554354
0.026423569824283
0.026426013767953
0.026776629357897
0.026978538572566
0.027466113682245
0.027467622539931
0.027469131563406
0.027516372241484
0.027518265248559
0.027635378811955
0.027673234447642
0.027857093112334
0.027925550482414
0.027931010404301
0.028015520598412
0.02805232694052
0.028217500493806
0.028304957613326
0.028547774700962
0.028805991646263
0.028930162587514
0.029004843808916
0.029046687709378
0.029242331198643
0.029358660070754
0.02945551480876
0.02951855241019
0.029544715927556
0.02957034291741
0.02957267484844
0.029733587059943
0.029863226422983
0.030099629774554
0.030137729423465
0.030410850591491
0.030764497769574
0.030900438786231
0.031011598337778
0.031086794329769
0.031164298180005
0.031231456322808
0.031659094866478
0.032165717777992
0.032306350351601
0.032309133792123
0.032316790727236
0.032527200871729
0.032536196518627
0.032561622871284
0.032580187987685
0.032733224222586
0.032770768474521
0.032852590426755
0.033028916816673
0.033129037601458
0.033143311679703
0.033158697526361
0.033166945821794
0.033320005331201
0.033336111342612
0.033395114294779
0.033607232276386
0.033619660777623
0.033687047330302
0.033711463583192
0.033838084764402
0.033879929529747
0.034298845843837
0.034348523013511
0.03442103813851
0.034522042324024
0.034568584070797
0.034601477483089
0.034607664444086
0.034610459280795
0.03462843687236
0.034701136462219
0.034790676098806
0.034817729187702
0.035002975252897
0.035166690111127
0.035186488388459
0.035197015293103
0.035223670306446
0.035273368606702
0.035468539405547
0.035560613064969
0.035890533871691
0.035940626085707
0.035975536635088
0.036025001350938
0.036193854283543
0.036238448994383
0.036250928930054
0.036254214552442
0.036369587750723
0.03639804906457
0.036474607594013
0.03672217835962
0.036825630638925
0.036826986815939
0.036874516021977
0.03693512345565
0.036967893384596
0.037032465127762
0.037085110328203
0.037110341415141
0.037196153917685
0.037205841317087
0.037216918811292
0.037428418150288
0.037468620030724
0.037536128523704
0.037562917887462
0.037812186867828
0.037926195623317
0.0379621896591
0.038005472788082
0.038021368008821
0.038125011914066
0.038309039017756
0.038691454992165
0.038722168441433
0.038776222420412
0.039044960271753
0.03909660771767
0.039178044623793
0.039178812098417
0.039200313602509
0.039220300427501
0.039256225383075
0.039617296911832
0.039622006062167
0.039728258710421
0.039784632522611
0.040032025620496
0.040115532734275
0.04016467516819
0.040262511575472
0.040401591822718
0.040473540422949
0.040503047854351
0.040507149511889
0.040548211823859
0.040563837339012
0.040565482830659
0.040614084964666
0.040616284422301
0.040642145905304
0.040653711683877
0.04068237910553
0.040868037108178
0.040885581699614
0.040911508407315
0.040961223375205
0.041019751010111
0.041222664220789
0.041412154467336
0.041417014109396
0.041635440086602
0.041668402850119
0.041678243956655
0.041683166253309
0.041737388352486
0.041759756123024
0.041827878280874
0.041881308372074
0.041962150140573
0.041973598606477
0.042098763699639
0.042123886349755
0.042197653810448
0.042206558899253
0.042286874154263
0.042305360089123
0.042628471556152
0.042635741542135
0.042717700079028
0.042972862637245
0.043016303178905
0.04320027648177
0.043602433015762
0.043798177995795
0.043860610978311
0.044339016117232
0.044476071873332
0.044604027743705
0.044633890513067
0.044719719160164
0.044740727484229
0.04477177587249
0.044955943175688
0.045095828635851
0.045104642771229
0.04523863379326
0.045570543200875
0.04568191681323
0.04577077993409
0.045968557506666
0.046114825916532
0.046233153794586
0.046252399343216
0.04630701551285
0.046359611506456
0.046442504179825
0.046532188641493
0.046817575317774
0.047006471224205
0.047051073940763
0.047052180868583
0.047062145563216
0.047085412939072
0.047172036416812
0.047173149043565
0.047258979206049
0.047289149504646
0.047608845723536
0.047712200009543
0.047837734404899
0.047963931123795
0.048306845079948
0.048331359802808
0.048355899419729
0.048551938436142
0.048573556555811
0.048651146950789
0.048657065005839
0.048659432631016
0.04891769597652
0.049007596177408
0.0490256158843
0.049173878835563
0.049376620170349
0.049463322946036
0.04975248140501
0.049766099333134
0.049896879781784
0.050006250781348
0.05001375378229
0.050124057041177
0.050200803212851
0.050279048720398
0.050342327829239
0.050348242007217
0.050349932027592
0.05056506459687
0.05063034783049
0.050794940823894
0.050899651337388
0.051029520577654
0.051071218814637
0.051169216599294
0.05123082046159
0.051236070193416
0.051280736391375
0.051338655440614
0.051466803911477
0.051596924823281
0.051801840692073
0.051883366192799
0.051929168614011
0.051952100163649
0.052071129162436
0.052149878751532
0.052162119868552
0.052192066805846
0.052224775433466
0.052375216047766
0.052408154708873
0.052409985849304
0.052518250091907
0.05253112469138
0.052630193942265
0.0527064776261
0.052725003954375
0.052827597136744
0.052869491659838
0.052872752908002
0.052943667937315
0.052960491473361
0.052968907251443
0.053067289322861
0.053109565032662
0.053226879574185
0.053283601971493
0.053310587482674
0.05333617792949
0.053443069769928
0.053581953598028
0.053597748894547
0.053631764306273
0.053645190708653
0.053697041293025
0.053793808332661
0.053831453718408
0.053890924768269
0.054029229813329
0.054241701019744
0.054306505919409
0.05434044287461
0.054393646822051
0.054458815520763
0.054464747692056
0.054579194411091
0.054608999563128
0.054832076764908
0.054871189881753
0.054898300897587
0.054939017690364
0.055026687943653
0.055294442908488
0.055417013022998
0.055418548588213
0.055526250034704
0.05556018557102
0.055631275903313
0.055656045637958
0.055660692419014
0.055884654073991
0.055944055944056
0.055964406637379
0.056307891551001
0.056363431405704
0.05637137461597
0.056489196441181
0.056537102473498
0.056537102473498
0.056613921363263
0.056707023164819
0.05671184710486
0.056751541750218
0.056774633093934
0.056789141916066
0.056798818584574
0.056819796016932
0.056844020009095
0.056863414079381
0.056863414079381
0.056996295240809
0.057061340941512
0.057110222729869
0.057295098404332
0.057362473469856
0.057477871019658
0.05749274154138
0.057550644567219
0.057690088842737
0.057733387217828
0.057793446223198
0.057925681350827
0.057996230245034
0.058115883070843
0.058120949696318
0.058163205955912
0.058171664582182
0.058203829812002
0.058213994644313
0.05821568912822
0.0583737084817
0.058556580295711
0.058560009369602
0.058589172720881
0.058606341206119
0.058632112808185
0.058678558854595
0.058694057226706
0.05874980416732
0.058785491740638
0.058835642632307
0.058865081233812
0.058887035037786
0.058924046903541
0.059009234945269
0.059042333353014
0.059101654846336
0.059134274225341
0.059248726152388
0.059296154644371
0.05934542001721
0.059361272705687
0.059619626781136
0.059676553082294
0.059781796442983
0.059874861539383
0.059889204970804
0.059964620873685
0.060027612701843
0.060081711127133
0.060153994225217
0.060159422469544
0.060235520886667
0.060441220912663
0.060466803724755
0.060472288573761
0.060474117077891
0.060543682266756
0.060547348026157
0.060703554193098
0.060740425790385
0.060749650689509
0.06087909411908
0.060933501238981
0.060983046713014
0.061120958376627
0.061236987140233
0.061240737338478
0.061319597743439
0.061404316723466
0.061417516275642
0.061498723901479
0.061551718831748
0.06156877231868
0.061631382700071
0.061638980491263
0.061692217526759
0.062010376402985
0.062013580974233
0.06218518748834
0.062229689784996
0.062266500622665
0.06227619492449
0.062318885738323
0.062369414039355
0.062501953186037
0.062552778907203
0.062601727807688
0.062617407639324
0.06263113393668
0.062713618262206
0.062788434370389
0.062816043217438
0.062875286868496
0.062930681853938
0.062944545855102
0.063006017074631
0.063010648799647
0.063137292041544
0.063179176143543
0.063253107308897
0.063463857333249
0.06347392808404
0.063477957279335
0.063595026868899
0.063614580461842
0.063873275421564
0.063952930643047
0.063959066197634
0.064086131761087
0.064186912288584
0.064205457463885
0.064236389914887
0.064261157343444
0.064366632337796
0.064474532559639
0.064524454768357
0.064624531472147
0.064697699996765
0.064724919093851
0.064808813998704
0.064865566114228
0.064924525239409
0.065044880967868
0.065080862972243
0.065242211710977
0.065248597155161
0.065312520410163
0.065327453862486
0.065385118347064
0.06539794650448
0.065505043888379
0.065530799475754
0.065550129461506
0.065687916707722
0.065821951620866
0.065902201133518
0.066004422296294
0.0661004065175
0.066222972749247
0.066262465626346
0.066341592861645
0.066588979523889
0.066724494561954
0.06674899042152
0.066838218093106
0.066849388328097
0.066909772172226
0.066936644466013
0.066954571323357
0.067021882644684
0.067087079028579
0.067107338187431
0.067204301075269
0.067299279897705
0.067311359913842
0.067344602330123
0.067377877596856
0.067480936635401
0.067517385726825
0.067994832392738
0.06806193636209
0.068219804209162
0.068273366559705
0.068275697265558
0.068366719081151
0.068429096051641
0.068457983912374
0.068497842317967
0.068544794022894
0.068641246525037
0.068676601881739
0.068686036128855
0.068870523415978
0.068948874409625
0.06900596901632
0.069103724690761
0.06911805363561
0.069137168141593
0.069146729359701
0.069199363365857
0.069225710428853
0.069280864625191
0.069307273798385
0.069316882126642
0.069340914606664
0.069439622248455
0.069533776031707
0.069553121196314
0.069620914122603
0.069737438543882
0.069825088154174
0.070283947146472
0.070417576227026
0.070721357850071
0.07106057914372
0.071068154360031
0.071076573161486
0.071126284718518
0.071288540367136
0.071387778412336
0.071474519333858
0.071556350626118
0.071558910873377
0.07162297665091
0.07163323782235
0.071669175087795
0.071772051962966
0.071792662789863
0.071805550569059
0.071857147989796
0.071898479347162
0.071973513746941
0.071996832139386
0.072085060371238
0.07209285559801
0.072196953288571
0.072202166064982
0.072238676587445
0.072345812986074
0.072353664713118
0.072421784472769
0.072437522636726
0.072455892475456
0.072600551764194
0.072611094975312
0.072626915534897
0.072926162260711
0.073046018991965
0.073051355102637
0.073139513622235
0.073150213964376
0.0732573898392
0.073273493313794
0.073329911270807
0.073397188887666
0.073632280391724
0.073776236674167
0.073852516524501
0.073909830007391
0.074021984529405
0.074027464189214
0.07412623698158
0.074178473407017
0.074305245950364
0.074332862558537
0.074382624218983
0.074546200007455
0.074610161904051
0.074632435256363
0.074707706099884
0.074948472924864
0.07496251874063
0.075046904315197
0.07526153383006
0.075326729690031
0.075389196728109
0.075471698113208
0.075485940743537
0.075562943932296
0.075631523218878
0.075668722333623
0.075671585319713
0.075863900163107
0.075983992705537
0.076074553062001
0.076298020066379
0.076324225309113
0.076382523678582
0.076440911175661
0.076514021194384
0.076596070621577
0.076625416650703
0.076640098099326
0.07666066158151
0.076772484741469
0.076822616578321
0.076849183477426
0.07692504936024
0.077210140265088
0.077245925277442
0.077297673340033
0.077579519006982
0.077881619937695
0.077914994740738
0.077972709551657
0.077981830233556
0.07817691435719
0.078333072223093
0.078570025535258
0.078603993082849
0.078802206461781
0.078861243641812
0.078960874886494
0.079203738416453
0.079223608635373
0.079327304458195
0.079355632266
0.079371378680848
0.079646370116682
0.079706679419735
0.079719387755102
0.07983713225021
0.079878584551482
0.080102531239987
0.080163533608562
0.080176388053718
0.080227847085724
0.080363241853176
0.080392314494734
0.080408475053271
0.080447286915249
0.080720022601606
0.080736315194575
0.080876703465567
0.080949811117107
0.080962918983106
0.081040560800681
0.081139194287801
0.081182010066569
0.081357035349632
0.081529493294199
0.081612666285808
0.081629321252194
0.0817260542661
0.08196049504139
0.082108547499795
0.082267286413558
0.082297753271336
0.082351972329737
0.082399472643375
0.082423243354626
0.082484431063637
0.082484431063637
0.082501443775266
0.082627556290023
0.082689047835614
0.082754054948693
0.082853473631882
0.082939371319565
0.082942810931863
0.08316354110358
0.083218907335747
0.083309034864831
0.08339819859891
0.083570115326759
0.083787180561374
0.084104289318755
0.084224711530363
0.084231805929919
0.084249547158684
0.084267295862476
0.084320586871285
0.084505852030253
0.08460594779813
0.084645336041984
0.084706280970734
0.084799660801357
0.084893246742222
0.08491847826087
0.084936509958806
0.085091899251191
0.085091899251191
0.085149863760218
0.085462780958892
0.085649436854953
0.085667780347811
0.085715510221575
0.085744908896034
0.085866391894213
0.08597343420883
0.086014106313435
0.086121517461138
0.086210612526402
0.086236633321835
0.086314790039273
0.086374433167782
0.086565096952909
0.086960302621853
0.087028414777425
0.087206767245138
0.087279074841807
0.087290502793296
0.087446985265183
0.08757334267449
0.08760402978537
0.087611704923778
0.087669311357559
0.087670592360969
0.087688530340232
0.087753937957966
0.08781558726674
0.087939146110891
0.088227509337411
0.08831581736289
0.088339222614841
0.088558271342543
0.088581805297192
0.088676066329698
0.08868786306594
0.088739018546455
0.088742956027865
0.088809946714032
0.088880988356591
0.089031339031339
0.089102735453979
0.089190153407064
0.08923790826343
0.089329581490911
0.089369498190268
0.089501476774367
0.089766606822262
0.089831117499102
0.089899761765631
0.090350560173473
0.090436355414877
0.090505928138293
0.09053460685347
0.090538705296514
0.090748219066201
0.090772931511823
0.090847149670679
0.090851276460434
0.090880174489935
0.090884304280651
0.090954568193188
0.090958704748044
0.091149393856531
0.091178481878277
0.091365920511649
0.091466203237904
0.091508052708638
0.091512239762068
0.09162963302332
0.09163802978236
0.091659028414299
0.091659028414299
0.091663229295568
0.091768376617418
0.091818933063998
0.092097992263769
0.092131932927953
0.092238158926348
0.092459895520318
0.092536899088512
0.092554028414087
0.092622609178901
0.092674111486956
0.092725671102045
0.09272997032641
0.092777288119868
0.092915214866434
0.092958401115501
0.092971364819636
0.093044894161433
0.093118539901294
0.093253135636686
0.093279231379134
0.093292284728053
0.093292284728053
0.093335822288594
0.09344047841525
0.093519124660993
0.093659267584528
0.09368559115608
0.0938526513374
0.093920230417632
0.093980546026973
0.09398937920015
0.094011469399267
0.094033569984485
0.094099934130046
0.094188565508147
0.094237383970221
0.094299589796784
0.094335172869204
0.094393052671323
0.094746316736937
0.094867659614837
0.094876660341556
0.095020904599012
0.095147478591817
0.095219958103219
0.095274390243903
0.095333428666762
0.09534706331045
0.095401640908224
0.09541074324969
0.095453243819403
0.095529231944975
0.095547487101089
0.095547487101089
0.095552051980316
0.09557945041816
0.095643441251016
0.095702938080199
0.095721259691778
0.095794616342562
0.096227867590454
0.096315916205153
0.096317462355925
0.096362322331968
0.096521990926933
0.096627693496956
0.096665055582407
0.096791366210134
0.096960294759296
0.097012029491657
0.097125097125097
0.097143967359627
0.097153405226853
0.097205346294046
0.097210070963352
0.097263649332123
0.097366243123509
0.097380465478625
0.097481722177092
0.097503900156006
0.097529258777633
0.097599063048995
0.097651481861237
0.097742156191966
0.097813860223994
0.097818644233591
0.097856933163715
0.097991180793729
0.098130611844365
0.098140242406399
0.098183603338243
0.098202887164883
0.09833808634084
0.098405825624877
0.098430040848467
0.098434885323359
0.098522167487685
0.098536729565946
0.098700444151999
0.098799585041743
0.098823994465856
0.098887515451174
0.098897295158978
0.098965807313573
0.099186669311645
0.099290075956908
0.099403578528827
0.099547060873028
0.099552015928323
0.099571841083342
0.099641291351136
0.099651220727454
0.099710838568152
0.099715809941666
0.099750623441397
0.09979541939025
0.099865182004294
0.099945030233372
0.100035012254289
0.100060036021613
0.1001001001001
0.100265704115907
0.100310963988364
0.100341159943809
0.100386487978718
0.100457079712693
0.100487363714013
0.100553041729512
0.100669451854835
0.100704934541793
0.100796290696502
0.100923449563506
0.100933636134242
0.101035615054307
0.101091791346543
0.101136095472474
0.101178732230485
0.10126582278481
0.101281207271991
0.101301727194449
0.101476482825105
0.101497081958894
0.101512536798295
0.101579562192087
0.101620852598953
0.101636345157028
0.101703534197813
0.101760455886842
0.101931603893787
0.102009588901357
0.102061645233721
0.10211027910143
0.102124183006536
0.102129397947199
0.102427532520742
0.102595670462707
0.102616726526424
0.102621991892863
0.102674675291339
0.102685218462802
0.102885950923401
0.102891243955139
0.102928310431784
0.102928310431784
0.103067990517745
0.103247121986475
0.103359173126615
0.10351966873706
0.103600103600104
0.103686038674892
0.103799045048786
0.103987937399262
0.104004160166407
0.104237243967269
0.104280723708223
0.104324239737103
0.104981365807569
0.105036500183814
0.105196717862403
0.105257618020104
0.105329681904361
0.10535187526338
0.105357425064531
0.105379630117498
0.105390736154292
0.105390736154292
0.105440742302826
0.10546854400675
0.105566894221972
0.105574324324324
0.105657985102224
0.10584810796507
0.105960264900662
0.106044538706257
0.106678045658204
0.106723585912487
0.106786267286027
0.106944246399544
0.1070262749505
0.107049189102393
0.107089312486614
0.107146683810136
0.107411385606874
0.107631040792165
0.107747010020472
0.107805088400172
0.107845780533837
0.108160726840084
0.108313024641213
0.108377587514902
0.108448107580523
0.108467712777497
0.108530497069677
0.108554059921841
0.108589423390162
0.108589423390162
0.108683838713183
0.108737019518295
0.10881984874041
0.108908734480505
0.108979947689625
0.109152431370409
0.109235894915069
0.109301563012351
0.109349371241115
0.109679188374006
0.109685203466052
0.109757436066294
0.109793588054458
0.109835795485749
0.110065488965935
0.110120030833609
0.110150355234896
0.110229276895944
0.110296145149727
0.110417931872136
0.110570544007076
0.110846311588982
0.110895481009149
0.11102475852115
0.111179053866252
0.111296605453534
0.111656989727557
0.111665301868533
0.111681929863748
0.111740166865316
0.111781801922647
0.111963276045457
0.112013441612994
0.112053187913196
0.112082492714638
0.112195669247167
0.112568244498227
0.11261683997147
0.112834978843442
0.112896549128815
0.112917795844625
0.113083795092163
0.113096584483149
0.113224637681159
0.113295190619158
0.113417262107293
0.113462302150111
0.113546042920404
0.11356538527057
0.113668655868144
0.113744075829384
0.113748388564495
0.113778586869951
0.113966607783919
0.114103149246919
0.114133536237398
0.114135707356046
0.114285714285714
0.114337983077978
0.114344520038877
0.114462313283351
0.114540977034534
0.114744693057946
0.114790793778339
0.114843525696239
0.115028469546213
0.115035085701139
0.115200737284719
0.115320302139192
0.115340253748558
0.115360212262791
0.115402369595322
0.115506786023679
0.115560177962674
0.115653732724224
0.115667110057255
0.115673799884326
0.115854718183398
0.115908432338453
0.115921868660523
0.11595547309833
0.116076610562972
0.116130530716525
0.116150763691271
0.116353481877945
0.116455106556422
0.116516166618118
0.116597679706174
0.116597679706174
0.116638479034233
0.116695192158083
0.116706541401646
0.116733788595109
0.116801962272966
0.116863386700947
0.116883875869324
0.117260787992495
0.117391559546869
0.117619383674429
0.11768859597505
0.117709375551763
0.11781801044653
0.117834207270371
0.118056785313736
0.118245240629065
0.118308192842354
0.118322191326983
0.118497452304775
0.118574731724669
0.118623962040332
0.118722545411374
0.11877895236964
0.118807175953428
0.118821292775665
0.119132713843221
0.119146908137734
0.119265325594339
0.119267696344445
0.119402985074627
0.119431506031291
0.119674485399713
0.119674485399713
0.119882515135168
0.12001200120012
0.120069640391427
0.120069640391427
0.12012012012012
0.120605439305313
0.120622411644084
0.120663650075415
0.120809423135005
0.121087364533511
0.121514065253053
0.121617512921861
0.121647101757801
0.121654501216545
0.121669302834895
0.121743364986608
0.121980970968529
0.122040517451794
0.122055413157573
0.122249388753056
0.12243648607285
0.122458976242959
0.122549019607843
0.122646716134175
0.122804863072578
0.122835032551284
0.12291052114061
0.12306177701206
0.123069349578488
0.12313754463736
0.123145126531617
0.123167877817465
0.12326656394453
0.123281760463539
0.123380629241209
0.123446629907004
0.123571207908557
0.123670541676973
0.12370113805047
0.123808344682432
0.123828786065134
0.123954136969321
0.123992560446373
0.124146492861577
0.124339446689462
0.124470998257406
0.124633887954135
0.124664962912173
0.124696053369911
0.124820570430007
0.124901119946709
0.124968757810547
0.125023441895355
0.125132953763374
0.125164278115026
0.125179946172623
0.125297581756672
0.125352554058289
0.125586068318821
0.125707102451288
0.125762434760737
0.125794075099063
0.12640626975098
0.12640626975098
0.126558248433842
0.126782884310618
0.12686330478909
0.126887450831113
0.12689550155447
0.126927714666497
0.126989502201151
0.127008319044898
0.127032520325203
0.127153665204399
0.127161749745677
0.127477850723437
0.127648710748021
0.127779197546639
0.128106584678452
0.128106584678452
0.128172263522174
0.128172263522174
0.128246232766913
0.128279135398627
0.128377944669106
0.128435653737478
0.128633907898122
0.128807883042442
0.128821710752319
0.128924128150583
0.129032258064516
0.129123894376654
0.129374474416198
0.129575639779721
0.129575639779721
0.129617627997408
0.12992074834351
0.129946072379962
0.130276185513288
0.13052274358807
0.130642105950748
0.130958617077004
0.131015809240982
0.131104555883317
0.131147540983607
0.131388779398239
0.131440588853838
0.131552982963889
0.131613582521716
0.131908719166337
0.131908719166337
0.132074225714852
0.13214403700033
0.132327643244674
0.13237143424449
0.13250298131708
0.132511760418737
0.13265238442661
0.132678784662332
0.1327081305848
0.132749236691889
0.132810943621754
0.132863880953963
0.132890365448505
0.132925694536754
0.132961042414572
0.133161702694305
0.133448989123907
0.13349352556401
0.133591610446864
0.134165157308647
0.134246207544637
0.134255219171645
0.134354426978369
0.134390538906061
0.134671065921487
0.134798139785671
0.134898151895319
0.135043889264011
0.135327153393328
0.135354629128316
0.13536684414764
0.135492175326875
0.135574837310195
0.135666802333469
0.135924969416882
0.136193394620361
0.136258345823682
0.136304777482451
0.136304777482451
0.13654673311941
0.136565380675999
0.136621353917617
0.136658694909464
0.136696056318775
0.136976919389083
0.137268359643102
0.137324910738808
0.137438152831226
0.137447598103223
0.137447598103223
0.137494843943352
0.137504297009281
0.137608366588689
0.137684152554041
0.137760022041604
0.137816979051819
0.13798813302056
0.138331719463273
0.13840830449827
0.138532936205583
0.138571329591907
0.138657792567942
0.138782874193325
0.139024051160851
0.139266067822575
0.139353400222965
0.13971358714635
0.139723347771413
0.139733109760358
0.139909059111578
0.1399188470687
0.139948219158911
0.140085452125797
0.140213123948402
0.140213123948402
0.140222954497651
0.14034102869974
0.1404099971918
0.140462590130162
0.14047903350425
0.140739350722462
0.140755858962629
0.140884756269372
0.141063619692481
0.141083521444695
0.14110342881332
0.141123341800734
0.141332768002261
0.141472731131075
0.14149274849664
0.141653091578724
0.141843971631206
0.14189093316937
0.142005112184039
0.142085819835181
0.142116108860939
0.1424399971512
0.142551674982181
0.14262283391571
0.143184421534937
0.143297270187003
0.143389733295096
0.14367816091954
0.143740117866897
0.143771116382719
0.144009216589862
0.14402304368699
0.144071459443884
0.144092219020173
0.144411283334938
0.144446049400549
0.14447735317489
0.144519112652648
0.144550448106389
0.144623617036662
0.144717800289436
0.145211645974007
0.145317154690111
0.145398148596908
0.145507457257184
0.145560407569141
0.145645208272648
0.145815106445028
0.145889561601867
0.145942790426153
0.146060030672606
0.146198830409357
0.146209518239637
0.146380736295104
0.146584579302257
0.147264560783447
0.147264560783447
0.147318797878609
0.1474600014746
0.14760147601476
0.147677767112161
0.147732309055991
0.147786891302741
0.147841513897102
0.147852443261625
0.147994672191801
0.148060408646728
0.148104265402844
0.14819205690575
0.148268959893246
0.148345942738466
0.148353278607457
0.148522204069508
0.148610491900728
0.148639944507754
0.14873205919536
0.148997988527155
0.149009089554463
0.149309443822322
0.149331740461435
0.149342891278375
0.149476831091181
0.149510353591986
0.150026254594554
0.150274250507176
0.150338261087447
0.150432493418578
0.150602409638554
0.150909228099298
0.15124016938899
0.151274487557673
0.151320269350079
0.151584053357587
0.15162235924391
0.151664518085994
0.15172204521317
0.152029595094512
0.152149106124002
0.152149106124002
0.152334526620458
0.152415790275873
0.152625152625153
0.152683410947401
0.152695067949305
0.152881822351322
0.153022188217291
0.153810659078674
0.153976441604434
0.15416634548678
0.154273372415921
0.154356718376167
0.154368632293918
0.154475940372287
0.15451174289246
0.154559505409583
0.154583397743082
0.154619250096637
0.154954675757341
0.155050779130165
0.155074823602388
0.155147001784191
0.155159038013964
0.155183116076971
0.15527950310559
0.155436387658351
0.155448468832582
0.155496812315348
0.155533089664826
0.155581485803189
0.155726855096161
0.155908949173683
0.155994072225255
0.156079288278445
0.156079288278445
0.15616459748575
0.156286629678831
0.156445556946183
0.156482278381973
0.156568028808517
0.156592546194801
0.156674326300397
0.156739811912226
0.156948913128777
0.157084511467169
0.157282164202579
0.157306905773163
0.1573564122738
0.15748031496063
0.157728706624606
0.157840738694657
0.15785319652723
0.15785319652723
0.158211159160426
0.158277936055714
0.158302991926547
0.158315522837014
0.1584911641176
0.158512099756948
0.158579130986362
0.15894460780418
0.159007791381778
0.159033078880407
0.159125868562033
0.159222991800016
0.159222991800016
0.159248347798392
0.15951507417451
0.15956598053295
0.159782695534074
0.159782695534074
0.159884882884323
0.159923236846314
0.160128102481986
0.160192230676812
0.160269252343938
0.160320641282565
0.160320641282565
0.160513643659711
0.160526527008588
0.160668380462725
0.160849284220685
0.160978750804894
0.161355385235982
0.161498708010336
0.16162922256344
0.161655350792111
0.161681487469685
0.161812297734628
0.161943319838057
0.162008910490077
0.162035161630074
0.162127107652399
0.162135869858942
0.162337662337662
0.16253555465258
0.162879713331705
0.162999185004075
0.163078930202218
0.163345311989546
0.163425396306586
0.163639338897071
0.163679515508634
0.163974747888825
0.16416317819913
0.164298036638462
0.164298036638462
0.16463615409944
0.16467682173734
0.164771791069369
0.16479894528675
0.16483969339817
0.164962058726493
0.164975666089252
0.165002887550532
0.165030117996534
0.165043736590196
0.165220983064849
0.165261940175178
0.165298363546201
0.165302917596496
0.165508109897385
0.166099161199236
0.166177366642663
0.166223404255319
0.16627868307283
0.166403194941343
0.166444740346205
0.166652778935089
0.166875260742595
0.166917042230012
0.167186803388319
0.16767270288397
0.167897918065816
0.167926112510495
0.168010752688172
0.168109607464067
0.168236877523553
0.16826518593303
0.168307666414205
0.168662506324844
0.169075999661848
0.169161803264823
0.169448445310514
0.169477162952292
0.169620897294547
0.169995750106247
0.170010200612037
0.170082490007654
0.170125893160939
0.170169318471879
0.170198280997362
0.170270730461434
0.170328734457503
0.170372263395519
0.170372263395519
0.170532060027285
0.170648464163822
0.170663025855448
0.170706725844998
0.170706725844998
0.170765027322404
0.171115674195756
0.171408981830648
0.171467764060357
0.17149717029669
0.171600171600172
0.171821305841924
0.17186560109994
0.172592336900242
0.172622130157086
0.172681747539285
0.172741406115046
0.172875788745786
0.172875788745786
0.172950536146662
0.173145182235304
0.173205161513813
0.173205161513813
0.173280194073817
0.173852573018081
0.174261566611484
0.174307129161583
0.174307129161583
0.174428745857317
0.174626735353183
0.174779341081884
0.174779341081884
0.17490671641791
0.175054704595186
0.1751211254451
0.175223409847556
0.175300201595232
0.17531556802244
0.175407823188914
0.17563888644946
0.175654312313367
0.175762369276738
0.175932441942294
0.176025347650062
0.17611835153223
0.17611835153223
0.176180408738548
0.17636684303351
0.176522506619594
0.176725280551383
0.176803394625177
0.176944174113067
0.17741506253881
0.177509541137836
0.177541056369285
0.177588350204227
0.177604120415594
0.177667229279559
0.177698800533096
0.177714590367869
0.177761976713181
0.177851553236898
0.177904287493329
0.178126113288208
0.17816842855446
0.178205470907957
0.17825311942959
0.178269007932971
0.178332590280874
0.178475816526861
0.178507675830061
0.178619273019559
0.178651183564091
0.178842886524189
0.178906878969496
0.179131213613972
0.179227529348508
0.179265013444876
0.179710665828017
0.179726815240834
0.179791441927364
0.179872290673622
0.179937022042285
0.179969405201116
0.179985601151908
0.180624962369799
0.1806684733514
0.180750112968821
0.180962721679334
0.181028240405503
0.181044627500679
0.181061017562919
0.181323662737987
0.181356546971346
0.18145527127563
0.181735574738755
0.181752090149037
0.182066454255803
0.182116190129302
0.182215743440233
0.182631723130308
0.182932406475807
0.182982616651418
0.183032854397364
0.183116645303058
0.183329259349792
0.18348623853211
0.183671595187804
0.183722212015433
0.18385732671447
0.1839418743677
0.184195984527537
0.184535892231039
0.184569952011813
0.184757505773672
0.184808722971724
0.18491124260355
0.184928340268146
0.184968247117578
0.184979652238254
0.185013876040703
0.185236639807354
0.185253797702853
0.185305290466043
0.185356811862836
0.185408361917122
0.185511548093869
0.185528756957328
0.185908161368284
0.185908161368284
0.185925443896997
0.186081131373279
0.186150409530901
0.186202402010986
0.186254423542559
0.186480186480187
0.186532363365044
0.186671644577189
0.186758801008497
0.186863496216014
0.187038249321986
0.187172448215623
0.187318535169055
0.187670076006381
0.187793427230047
0.187846341692496
0.187899285982713
0.188005264147396
0.18807598269701
0.188235294117647
0.188253012048193
0.188341651756286
0.188412623645784
0.188572506128606
0.18875047187618
0.188803927121684
0.189250567751703
0.189286390308537
0.189393939393939
0.189393939393939
0.189555492370391
0.189627382193989
0.189765323549877
0.189789333839438
0.189825360668185
0.189909476482876
0.190150218672751
0.190150218672751
0.190240654427851
0.190367409099562
0.190385530699667
0.19040365575019
0.190512478567346
0.190512478567346
0.190712310479641
0.190730497806599
0.191168036704263
0.191558648872997
0.191558648872997
0.191699415316783
0.191828122002686
0.192147569333248
0.192178341500913
0.192246074975969
0.192529842125529
0.192566917003659
0.192659666698777
0.19266585318862
0.192826841496336
0.192845434384341
0.192864030858245
0.192882630919086
0.192957067052581
0.19339865910263
0.193986420950534
0.194024058983314
0.194061711624297
0.194162190149505
0.194603009859886
0.194874792945532
0.194912776532502
0.194919108569943
0.19495077492933
0.194969779684149
0.194969779684149
0.195007800312013
0.195160031225605
0.195299785170236
0.195446105736343
0.195822454308094
0.195943960027432
0.1960399921584
0.196174595389897
0.196270853778214
0.196335078534031
0.196444357135841
0.196540880503145
0.196598840066844
0.196637498771016
0.196734212079481
0.196734212079481
0.196753566158387
0.196772924045651
0.19712201852947
0.19712201852947
0.19739439399921
0.197472353870458
0.197863078749505
0.198078637218976
0.198216055500496
0.198275007435313
0.198333994446648
0.198393016565817
0.198452073824171
0.198491464867011
0.199104031856645
0.199104031856645
0.199262727906745
0.199660577019068
0.199667221297837
0.19974033756117
0.199780241734093
0.2000200020002
0.2000400080016
0.200140098068648
0.200220242266493
0.200260338439972
0.200340578984273
0.200380723374411
0.200420883856098
0.200521355524363
0.200561572402728
0.200601805416249
0.200883889112093
0.20096463022508
0.201234236651462
0.201409869083585
0.201470736375541
0.201572263656521
0.201775625504439
0.201816347124117
0.201959002322528
0.201979398101394
0.202061022428773
0.202333580629932
0.20259319286872
0.202695854869768
0.202860330662339
0.202860330662339
0.202901491325961
0.202922077922078
0.203272690314056
0.203376042302217
0.203583061889251
0.203624516391774
0.203665987780041
0.203686729809553
0.203735144312394
0.203748981255094
0.203998368013056
0.204206657137023
0.204750204750205
0.2050020500205
0.205023065094823
0.205128205128205
0.205191340925413
0.205240473421359
0.205549845837616
0.205655526992288
0.206185567010309
0.206270627062706
0.206504904491482
0.206675622610313
0.206696982224059
0.207210940737671
0.207339829981339
0.207361327112493
0.207792207792208
0.207835394367661
0.207856994387861
0.207943439384487
0.207986688851913
0.208029956313709
0.208174311289987
0.208485353903888
0.208746477403194
0.208899101733863
0.20901553682157
0.209599664640537
0.209665583394486
0.209775540172016
0.209863588667366
0.209995800083998
0.210128178188695
0.210128178188695
0.210238620834647
0.210349179638199
0.21050415745711
0.210814799198904
0.211126359125937
0.21117094287826
0.211215545464146
0.211260166895532
0.211260166895532
0.211483557153431
0.211625282167043
0.211752249867655
0.211841965893443
0.211886852420807
0.212156571549804
0.212201591511936
0.212336766111052
0.212404418011895
0.212449543233482
0.212675457252233
0.21269807508242
0.21269807508242
0.21269807508242
0.212720697723888
0.212720697723888
0.212977424393014
0.213015230588987
0.213037920749893
0.21308331557639
0.213106020245072
0.213242349930696
0.213356091316407
0.213378854155553
0.213538330130258
0.213789417423837
0.213789417423837
0.214109838347072
0.214201563671415
0.214247455811462
0.214270409256482
0.214362272240086
0.214730513205927
0.214745884037223
0.214822771213749
0.215076889988171
0.215100021510002
0.215540467722815
0.215586935431713
0.215633423180593
0.215796288303841
0.215866162978953
0.216169476869866
0.216450216450216
0.216731686172518
0.21684918139434
0.216872695727608
0.217178846780324
0.217770034843206
0.217841193769742
0.217864923747277
0.218221494817239
0.218245307725884
0.218356503384526
0.218356503384526
0.218674830527006
0.218698742482231
0.218914185639229
0.218986094383007
0.219034059796298
0.219058050383352
0.219178082191781
0.219186088989552
0.219346347883308
0.219426565242832
0.219707788641107
0.219804374107045
0.219997800022
0.220070422535211
0.220118864186661
0.220240061667217
0.220312844238819
0.220385674931129
0.220458553791887
0.220628792057363
0.22067747986318
0.22082367229767
0.220896841175171
0.220994475138122
0.221092195445501
0.221361372440509
0.221385875581138
0.221459417561732
0.221459417561732
0.221459417561732
0.22237046920169
0.222593210907067
0.222617987533393
0.222617987533393
0.222965440356745
0.222990299921953
0.22306491188936
0.223189376185694
0.223313979455114
0.223363859727496
0.223413762287757
0.223663609930664
0.223780396837237
0.224164985429276
0.224215246636771
0.22436616558223
0.224794874676857
0.224845418774592
0.224895985606657
0.224946575188393
0.224997187535156
0.225022502250225
0.225073148773351
0.225326723749437
0.225546951357041
0.225657226672684
0.225682690137666
0.225682690137666
0.225733634311512
0.225861095426313
0.226090888537192
0.226193168966297
0.226295541977823
0.226860254083485
0.22725551094614
0.227324391907252
0.227350233033989
0.227712626665149
0.22772126916654
0.227764491515773
0.227972187393138
0.228050171037628
0.228084847563293
0.228154232261008
0.228362639872117
0.228388717597351
0.228484386900228
0.228571428571429
0.228754432117122
0.228963938179737
0.229173828348803
0.229278917803508
0.229410415232852
0.229621125143513
0.229867443107808
0.229937916762474
0.230123115866989
0.230202578268877
0.23028209556707
0.230361667818475
0.230574129582661
0.230964662406652
0.231133710851728
0.231285174620307
0.231347599768652
0.231445764542509
0.231749710312862
0.231857175979597
0.231884057971014
0.231937840658703
0.231991648300661
0.232072406590856
0.2322340919647
0.232423009877978
0.232450023245002
0.23263929277655
0.232991612301957
0.233290563396711
0.233481204763017
0.233508464681845
0.233590282644242
0.233617568041117
0.233726773401893
0.233754090696587
0.233808744447042
0.234164617726261
0.234246896228625
0.234329232571763
0.23441162681669
0.23476933912431
0.234879624192601
0.234907211651398
0.235072872590503
0.235128144838937
0.235349493998588
0.2353771919501
0.235488048981514
0.235488048981514
0.235497291781145
0.235543516664704
0.235543516664704
0.235599010484156
0.236127508854782
0.236155390246782
0.236155390246782
0.236266981689309
0.236630383341221
0.236714404071488
0.2371072910492
0.237360550676478
0.237388724035608
0.237501484384277
0.237510885915604
0.237529691211401
0.23767082590612
0.237944162436548
0.238095238095238
0.238114136042543
0.238265427686443
0.238379022646007
0.238407438312075
0.238407438312075
0.238464289972577
0.238920081232828
0.239177230327673
0.239263069745185
0.239434933556806
0.239434933556806
0.239808153477218
0.240413511239332
0.240442414041837
0.240442414041837
0.240673886883273
0.240673886883273
0.240847784200385
0.241041298409127
0.241312741312741
0.241575069452832
0.241575069452832
0.241721053903795
0.241750271969056
0.241808729295127
0.242248062015504
0.242277407631738
0.242365487154629
0.242424242424242
0.242571255306246
0.242571255306246
0.242738085605631
0.242747906299308
0.242983841574535
0.243013365735115
0.243042897071333
0.243161094224924
0.243427458617332
0.243546030199708
0.243635034717992
0.243635034717992
0.243724104313917
0.24392227010326
0.244160494831936
0.244230064720967
0.244319569997557
0.24440914090187
0.244468891333578
0.244588479882597
0.244678248103744
0.244828008324152
0.244887963756581
0.244917952485917
0.245519273262951
0.245579567779961
0.245609726145155
0.245639891918448
0.245730433714215
0.245740498034076
0.245790832001966
0.245851259987707
0.246153846153846
0.246214452788379
0.246366100024637
0.246426811237063
0.246426811237063
0.246669955599408
0.246852628980499
0.24703557312253
0.247310498330654
0.247463499133878
0.247524752475247
0.247555390518628
0.247647350173353
0.24770869457518
0.247862188623125
0.24804663276696
0.248447204968944
0.248447204968944
0.248539828507518
0.248601615910503
0.248756218905473
0.248756218905473
0.248941996514812
0.248972986430972
0.249003984063745
0.249034989416013
0.249097023290572
0.249500998003992
0.249532127261385
0.249563264287497
0.249594409085236
0.24965672200724
0.24965672200724
0.249687890137328
0.24981264051961
0.249916694435188
0.250218941573877
0.250281566762608
0.250312891113892
0.250375563345017
0.25040691123075
0.250469630557295
0.250469630557295
0.250563768479078
0.250595163513344
0.25060563027316
0.25062656641604
0.250815149235014
0.250815149235014
0.250972518509223
0.251004016064257
0.251035521526296
0.251098556183302
0.251130085384229
0.251287850232441
0.251382604323781
0.251477429900666
0.251509054325956
0.251530141695313
0.251540686706075
0.252238617732375
0.252270433905146
0.25230225810521
0.25230225810521
0.252334090335604
0.252461499621308
0.252525252525252
0.252589037635767
0.252716704574172
0.252908447142135
0.252908447142135
0.253196607165464
0.253292806484296
0.253356979984799
0.25342118601115
0.25342118601115
0.253517556090759
0.253581843540003
0.253774901662226
0.253774901662226
0.253785635733017
0.253903770470991
0.253968253968254
0.253968253968254
0.254065040650406
0.25416190113102
0.254291163382072
0.254388196387688
0.254452926208651
0.254777070063694
0.254874474321397
0.254939451880178
0.255004462578095
0.255102040816326
0.255134583492792
0.255754475703325
0.255819902788437
0.255918106206014
0.255918106206014
0.255918106206014
0.256049161438996
0.256311674996796
0.256574727389352
0.256673511293634
0.256673511293634
0.256706456167373
0.256970319928048
0.257003341043434
0.257466529351184
0.257499678125402
0.257599175682638
0.257665550115949
0.257687682528775
0.257765175924733
0.258031221777835
0.25823111684958
0.258331180573495
0.258564964447317
0.258631837579206
0.258698745311085
0.258732212160414
0.258754528204244
0.258933195235629
0.258933195235629
0.259134490800726
0.259268861809697
0.259403372243839
0.259437021662991
0.259504346697807
0.259605399792316
0.260078023407022
0.260111848094681
0.260145681581686
0.260179523871471
0.260382762661112
0.260518431679041
0.260552371026576
0.260586319218241
0.260620276257493
0.260620276257493
0.260654242147791
0.260756192959583
0.26089225150013
0.26089225150013
0.261198902964608
0.261233019853709
0.261506276150628
0.261745844784714
0.261780104712042
0.261882938326568
0.261917234154007
0.262191924488726
0.262260687123
0.262329485834208
0.262352426759948
0.262950302392848
0.262950302392848
0.263261813873898
0.263331138907176
0.263400500460951
0.26359722344258
0.263713080168776
0.263817438332674
0.264235698242833
0.264270613107822
0.264375413086583
0.264375413086583
0.264375413086583
0.264515275757175
0.264585262600873
0.264725347452018
0.265041081367612
0.265357569324665
0.265639527161642
0.265816055289739
0.265992818193909
0.266028198989093
0.266205244243312
0.266524520255863
0.266702226963595
0.266880170803309
0.266951414842499
0.267165375367352
0.267343937976206
0.267594327000268
0.267630135153218
0.268204371731259
0.268312315535283
0.268348316114316
0.268708853956738
0.268781077812122
0.268997982515131
0.268997982515131
0.26914278024492
0.269323996768112
0.269323996768112
0.269360269360269
0.269505457485514
0.269578110257447
0.269650802211137
0.270343336036767
0.270672621464339
0.270929287455974
0.2712600027126
0.271407246573483
0.271419524111101
0.271517784414879
0.271763746716188
0.271997824017408
0.272232304900181
0.272355878347708
0.27292576419214
0.27292576419214
0.273186723125256
0.273560388455752
0.273710140960723
0.273747604708459
0.273897562311695
0.274122807017544
0.274348422496571
0.274348422496571
0.274536719286204
0.274649821477616
0.274687542919929
0.274687542919929
0.275292498279422
0.275292498279422
0.275368305108082
0.275482093663912
0.275482093663912
0.275709953129308
0.275785990071704
0.275900124155056
0.276090557702927
0.276090557702927
0.276192229791935
0.276472214542438
0.276510438269045
0.276510438269045
0.276586917438805
0.276701715550636
0.276701715550636
0.276778300581234
0.277008310249307
0.27708506511499
0.277392510402219
0.277392510402219
0.277970813064628
0.278086763070078
0.278112542875684
0.278189910979229
0.278512741957945
0.278551532033426
0.27882336539802
0.279368626903199
0.279642058165548
0.2798376941374
0.279955207166853
0.28022978842651
0.280347631062517
0.280386933968877
0.280426247896803
0.280938334035679
0.280938334035679
0.28137310073157
0.281452293836195
0.281571167112488
0.281610813855252
0.281968137600451
0.281968137600451
0.282246683601468
0.282366228999012
0.282406099971759
0.282485875706215
0.282885431400283
0.28292544914415
0.283005518607613
0.28336639274582
0.283607487237663
0.28388928317956
0.284414106939704
0.284495021337127
0.284859706594502
0.285266010554842
0.28534741047225
0.285510349750178
0.285673475217826
0.285918513223731
0.285959393766085
0.286082105564297
0.286286859433152
0.286450873675165
0.286491906603638
0.286532951289398
0.286574007737498
0.28673835125448
0.287273771904625
0.287769784172662
0.287811195855519
0.288018433179723
0.288142918887768
0.288184438040346
0.288392213410238
0.288892098801098
0.289017341040462
0.289017341040462
0.28947749312491
0.289519397799653
0.289939112786315
0.290275761973875
0.290613193839
0.290655427990118
0.290824487421841
0.29086678301338
0.29120559114735
0.29146021568056
0.291800408520572
0.29235491887151
0.292397660818713
0.292954445583712
0.293255131964809
0.293728888236158
0.29385836027035
0.293944738389183
0.294031167303734
0.294074400823408
0.294074400823408
0.294348508634223
0.294507436312767
0.294507436312767
0.294724432655467
0.294724432655467
0.295028765304617
0.295028765304617
0.29520295202952
0.29520295202952
0.29520295202952
0.295246530853262
0.295683027794205
0.29585798816568
0.295945546019532
0.295989344383602
0.296076980014804
0.296647878967665
0.296912114014252
0.296941502524003
0.297176820208024
0.297486241261342
0.297663342759339
0.297663342759339
0.297840655249441
0.29806259314456
0.298240381747689
0.298240381747689
0.298418382572366
0.29868578255675
0.298864315600717
0.298864315600717
0.29907287409032
0.299222022740874
0.299490865528601
0.299535719634566
0.299580587177951
0.299760191846523
0.299850074962519
0.2999400119976
0.300210147102972
0.300210147102972
0.30051086847641
0.300525920360631
0.300782033286545
0.301023479831427
0.301068794219479
0.301114122252334
0.301340967304505
0.301431801055011
0.301568154402895
0.301613632936209
0.301841231512224
0.302069173840809
0.302114803625378
0.302251775729182
0.30229746070133
0.302388872089507
0.302755071147442
0.302846759539673
0.302892624564592
0.30362835888872
0.303674460977832
0.303766707168894
0.303997568019456
0.304136253041362
0.304275064658451
0.304275064658451
0.304475794174363
0.304506699147381
0.304553068372164
0.304738686576261
0.305343511450382
0.305576776165011
0.305903946160905
0.306138068268789
0.306278713629403
0.306419488279455
0.306466441924609
0.306513409961686
0.306889673162498
0.307219662058372
0.307314074984634
0.307408545957578
0.307408545957578
0.307550361371675
0.308166409861325
0.30821390044691
0.308356460067838
0.308356460067838
0.308546744831842
0.308546744831842
0.308832612723904
0.308975745403986
0.309405940594059
0.309661436829067
0.309693403530505
0.310125600868352
0.310269934843314
0.310366232153942
0.310366232153942
0.310607237148625
0.310655483069276
0.310703743980115
0.31104199066874
0.31104199066874
0.311090371752994
0.311138767890479
0.311477962934122
0.311672120928783
0.311672120928783
0.311720698254364
0.311866521128957
0.311866521128957
0.311963812197785
0.312353584257379
0.312793243665937
0.312793243665937
0.312793243665937
0.313038034121146
0.313038034121146
0.313185092389602
0.31333228889237
0.313381385145722
0.313528766264305
0.313676286072773
0.313823944766986
0.313922461152095
0.31402103940964
0.314119679597927
0.314218381775334
0.314317146000314
0.314317146000314
0.314366551398931
0.314366551398931
0.314465408805031
0.314663310258024
0.314811899889816
0.31496062992126
0.315059861373661
0.315109500551442
0.315159155373464
0.315357931251971
0.315556958030925
0.315656565656566
0.31568978217405
0.315905860053704
0.315905860053704
0.315955766192733
0.316005688102386
0.316055625790139
0.316055625790139
0.316055625790139
0.316205533596838
0.316255534471853
0.316455696202532
0.317024199513896
0.317107975265578
0.317158261972724
0.317158261972724
0.317258883248731
0.317309217832778
0.317460317460317
0.317561130517625
0.317561130517625
0.317611561060823
0.318066157760814
0.318369945877109
0.318674314850223
0.318674314850223
0.318979266347687
0.319030148349019
0.319081046585833
0.319081046585833
0.319539862597859
0.319795330988168
0.32
0.320307495195388
0.320358801858081
0.320358801858081
0.32051282051282
0.32071840923669
0.321078824851501
0.321078824851501
0.321595111754301
0.321646831778707
0.321646831778707
0.321957501609787
0.322268772155978
0.322372662798195
0.32242463324198
0.322736808132968
0.323101777059774
0.323153982872839
0.323310701584222
0.324464633354964
0.324728040266277
0.32478077297824
0.324939073923639
0.325150382051699
0.325150382051699
0.32520325203252
0.325414904002603
0.325626831650928
0.325679856700863
0.325892129705068
0.326370757180157
0.327011118378025
0.327278677794142
0.327815112276676
0.328030178776447
0.328137817883511
0.328245527654686
0.328245527654686
0.328461159467893
0.328785138911721
0.328839197632358
0.32916392363397
0.32927230819888
0.329380764163373
0.329760923330585
0.330578512396694
0.331180659049511
0.331345261762757
0.331510028178352
0.331729971802952
0.332005312084993
0.33206043499917
0.332225913621262
0.332502078137988
0.332944897619444
0.332963374028857
0.333555703802535
0.334057123768164
0.334112930170398
0.334224598930481
0.334336342360414
0.334410879500613
0.334840113845639
0.335064499916234
0.335345405767941
0.335570469798658
0.335608009844502
0.335626783017285
0.336247478143914
0.336247478143914
0.336247478143914
0.336304018833025
0.336436021083324
0.336530371866061
0.336587007741501
0.336870473303015
0.337211262856179
0.337381916329285
0.337666722944454
0.337780780273602
0.337894914681534
0.338123415046492
0.338237781160156
0.338237781160156
0.338409475465313
0.338983050847458
0.339270568278202
0.339731612026499
0.340078217990138
0.340136054421769
0.340367597004765
0.340367597004765
0.340599455040872
0.340599455040872
0.340657468915006
0.341005967604433
0.34106412005457
0.34106412005457
0.341180484476288
0.341413451689997
0.341646737273659
0.341997264021888
0.342465753424657
0.343347639484978
0.343347639484978
0.343642611683849
0.343701666953085
0.343878954607978
0.344056425253742
0.344056425253742
0.344056425253742
0.344056425253742
0.34435261707989
0.344411916652316
0.34447123665174
0.344768143423548
0.344887049491292
0.34494653328734
0.345184673800483
0.345244260314172
0.345303867403315
0.345303867403315
0.345602211854156
0.346200450060585
0.346620450606586
0.346941135653984
0.347101700798334
0.347161951050165
0.347302616346376
0.347826086956522
0.34794711203897
0.348007656168436
0.348128807658834
0.348250043531255
0.348857491714635
0.349101064758247
0.34922297887201
0.349344978165939
0.350078767722738
0.350426352061675
0.351246926589392
0.351370344342937
0.351370344342937
0.351535036325287
0.35155563367903
0.351926799225761
0.351988736360436
0.352360817477096
0.352858151023289
0.352982703847512
0.353045013239188
0.353169698039908
0.353356890459364
0.353606789250354
0.353731871241599
0.354924578527063
0.355113636363636
0.355239786856128
0.355935219789998
0.356125356125356
0.356252226576416
0.356294536817102
0.35650623885918
0.35650623885918
0.356569798538064
0.356760613628255
0.357142857142857
0.357206644043579
0.357270453733476
0.357270453733476
0.357589844448418
0.357653791130186
0.35778175313059
0.358037952022914
0.358294518093873
0.358873138345595
0.359066427289048
0.359195402298851
0.359582883854728
0.359971202303816
0.360100828231905
0.360230547550432
0.360620266858997
0.360815442900956
0.36094567767551
0.361206429474445
0.361532899493854
0.361663652802893
0.361750874231279
0.361925443358668
0.362122035125837
0.362778886268819
0.363108206245461
0.363570259952736
0.363702491362066
0.363768643142961
0.364033491081179
0.364232380258605
0.364763815429509
0.365007908504684
0.365096750638919
0.365163410626255
0.365541610820032
0.36563071297989
0.365697568111172
0.365697568111172
0.365764447695684
0.366099212886692
0.366770584999083
0.366905155017428
0.367242012486228
0.367444424030865
0.367782272894446
0.367849917233769
0.367849917233769
0.367849917233769
0.367917586460633
0.367985280588776
0.368391969055075
0.368527731711811
0.368595650571323
0.368663594470046
0.368799557440531
0.369139904023625
0.369139904023625
0.369208048735462
0.369549150036955
0.370027752081406
0.370096225018505
0.370438970179663
0.370782350760104
0.370919881305638
0.371264154445888
0.371885459278542
0.372300819061802
0.3725782414307
0.373761913660998
0.373831775700935
0.373901663862404
0.374298190892077
0.375023438964935
0.375093773443361
0.375869197519263
0.376081233546446
0.376269910949454
0.376364320662401
0.376435159043855
0.376553282289444
0.376647834274953
0.376718779431155
0.376742433756122
0.376789751318764
0.376860749952892
0.377358490566038
0.377572210685294
0.378429517502365
0.379003221527383
0.379218809252939
0.379290726341741
0.379506641366224
0.379578667678876
0.379794910748196
0.379939209726444
0.380083618396047
0.380445120791326
0.380879832412874
0.381024957134692
0.381170192490947
0.381606563632894
0.381970970206264
0.382189948404357
0.382189948404357
0.382262996941896
0.382336073408526
0.382555470543229
0.382628658886551
0.382775119617225
0.383215175320943
0.383582662063675
0.383656244005371
0.383828045035824
0.38454143433955
0.384615384615385
0.384689363339104
0.384763370527126
0.384911470361817
0.385282219225583
0.385653682992673
0.385653682992673
0.38572806171649
0.386697602474865
0.387071801819237
0.387496770860243
0.387747188832881
0.388802488335925
0.388953714507973
0.389105058365759
0.389206019719772
0.38933229511388
0.38933229511388
0.389408099688473
0.389408099688473
0.389635690629262
0.390167772142021
0.390167772142021
0.390243902439024
0.390548720952939
0.390548720952939
0.391083300743058
0.391312854627274
0.392003136025088
0.392003136025088
0.392156862745098
0.392233771327711
0.392233771327711
0.392695857058708
0.392772977219167
0.392927308447937
0.393159032828779
0.393236335037357
0.393468424158961
0.394088669950739
0.394399526720568
0.394555139080686
0.395178818415333
0.395491398062092
0.39580447259054
0.396039603960396
0.396275014860313
0.396589331746976
0.396904147648343
0.396904147648343
0.396982929734021
0.397456279809221
0.397456279809221
0.398089171974522
0.398803589232303
0.399042298483639
0.399201596806387
0.399201596806387
0.3996003996004
0.399760143913652
0.399760143913652
0.39984006397441
0.40016006402561
0.400240144086452
0.400641025641026
0.401203610832497
0.401284109149278
0.401364639775236
0.401445202729827
0.402090872537193
0.402171727327569
0.402333534500101
0.402657539762432
0.402982067298005
0.403063280935107
0.403551251008878
0.403632694248234
0.403632694248234
0.403795679386231
0.404122044857547
0.404122044857547
0.405022276225192
0.405104314360948
0.405597241938755
0.405926527298559
0.406421459053038
0.40650406504065
0.40650406504065
0.406586704614759
0.406669377795852
0.406917599186165
0.407166123778502
0.407996736026112
0.408329930583912
0.408413314274045
0.408663669799755
0.408775037471045
0.409053722388874
0.409556313993174
0.409668168783286
0.410340582683627
0.410509031198686
0.410846343467543
0.410846343467543
0.410930758167249
0.410930758167249
0.41101520756268
0.411099691675231
0.411607326610414
0.411776816965205
0.412371134020619
0.41262636682484
0.412711514651259
0.412881915772089
0.413650465356773
0.413907284768212
0.413992962119644
0.41407867494824
0.41407867494824
0.4151100041511
0.415454923140839
0.415454923140839
0.415627597672486
0.416666666666667
0.417188151856487
0.417362270450751
0.417362270450751
0.417449384262158
0.417449384262158
0.417710944026733
0.417972831765935
0.418293363078639
0.418410041841004
0.418672807201172
0.418760469011725
0.419111483654652
0.419199329281073
0.419287211740042
0.420079815164881
0.420168067226891
0.42025635637739
0.420521446593776
0.420609884332282
0.420786871449611
0.420786871449611
0.420964007577352
0.420964007577352
0.421318727617443
0.422029964127453
0.422208148617268
0.422386483632524
0.422832980972516
0.422922393740749
0.423370025402202
0.423818605636787
0.424538314582891
0.424718623911658
0.425350914504466
0.425531914893617
0.425773488504116
0.426075841499787
0.426166631152781
0.426348326582818
0.426439232409382
0.426530177010023
0.426530177010023
0.426530177010023
0.426803243704652
0.426894343649947
0.426894343649947
0.427533133817871
0.427533133817871
0.427715996578272
0.428082191780822
0.428265524625268
0.428816466552316
0.428816466552316
0.429000429000429
0.429092469427162
0.429461026411853
0.429645542427497
0.43010752688172
0.430941607412196
0.43122035360069
0.431313349148156
0.431406384814495
0.431778929188256
0.431872165838912
0.431965442764579
0.432058759991359
0.432152117545376
0.432245515452777
0.432432432432432
0.432525951557093
0.432619511139952
0.43308791684712
0.43308791684712
0.433651344319167
0.434310532030402
0.434467776973208
0.434593654932638
0.434593654932638
0.434688111280156
0.434782608695652
0.435540069686411
0.437158469945355
0.437254044599913
0.437636761487965
0.437732545414752
0.438116100766703
0.438308130615823
0.43859649122807
0.438788942518648
0.43888523151196
0.439431668375568
0.43956043956044
0.43994720633524
0.43994720633524
0.440819925060613
0.440917107583774
0.440981919741291
0.441014332965821
0.441566087724463
0.442184390891002
0.442673749446658
0.442869796279894
0.444938820912125
0.444971818451498
0.445136879590474
0.445235975066785
0.445335114673792
0.44543429844098
0.445831475702185
0.446096654275093
0.446627958910228
0.446627958910228
0.447227191413238
0.447227191413238
0.44762757385855
0.447727781508843
0.448229493500672
0.448631673396142
0.449236298292902
0.449539222297145
0.44974139869575
0.44974139869575
0.45045045045045
0.450653447498873
0.450958286358512
0.451365380275333
0.451467268623025
0.4516711833785
0.4516711833785
0.452591083955646
0.452693526482571
0.452796015395064
0.452796015395064
0.453035336756267
0.453206435531385
0.453309156844968
0.45341192473362
0.45341192473362
0.453514739229025
0.45382346267302
0.454029511918275
0.454201362604088
0.454338936846888
0.454338936846888
0.454959053685168
0.455373406193078
0.455580865603645
0.456100342075257
0.457317073170732
0.45766590389016
0.458610410456317
0.458715596330275
0.459347726228755
0.459664444955183
0.459770114942529
0.459770114942529
0.459875833524948
0.460193281178095
0.460511167395809
0.46072333563695
0.460829493087558
0.46189376443418
0.462748727440999
0.46339202965709
0.464252553389044
0.464252553389044
0.465441005352572
0.465983224603914
0.466635557629491
0.468091745982212
0.468274408803559
0.468603561387067
0.468676769254804
0.469263256687001
0.469336670838548
0.469814423302795
0.471253534401508
0.471364600518501
0.471475719000472
0.471475719000472
0.471586889884461
0.472366556447803
0.47247814788566
0.473260766682442
0.473260766682442
0.473484848484848
0.473933649289099
0.474495848161329
0.474495848161329
0.475059382422803
0.475511174512601
0.475850582916964
0.475963826749167
0.476190476190476
0.476341695776437
0.476644423260248
0.477213075638272
0.477213075638272
0.478240076518412
0.478812544888676
0.479846449136276
0.480653689017063
0.481463649494463
0.481811611659841
0.482858522452921
0.483558994197292
0.484027105517909
0.484261501210654
0.484378784209252
0.484848484848485
0.485083676934271
0.485201358563804
0.485319097306479
0.485554746297645
0.486263068319961
0.48661800486618
0.486736432221952
0.488162069807176
0.488400488400488
0.488519785051295
0.489596083231334
0.489835904971834
0.489955903968643
0.490075961774075
0.490436488474743
0.490677134445535
0.491279783836895
0.49176297024834
0.49176297024834
0.492732200049273
0.493705257960997
0.493949123240306
0.493949123240306
0.49468216670789
0.49480455220188
0.495049504950495
0.496031746031746
0.496277915632754
0.496401092082403
0.496524329692155
0.496770988574267
0.497017892644135
0.49838026414154
0.498753117206983
0.498877525567473
0.499251123315027
0.499375780274657
0.499875031242189
0.500500500500501
0.501504513540622
0.50251256281407
0.502638853983413
0.503524672708963
0.504286434694907
0.504540867810293
0.505305709954522
0.505561172901921
0.505816894284269
0.507485409794468
0.510204081632653
0.511247443762781
0.511770726714432
0.512163892445583
0.512952038984355
0.513215293815756
0.514535631592488
0.515463917525773
0.515729757607014
0.516129032258065
0.51666236114699
0.516795865633075
0.517063081695967
0.5175983436853
0.518000518000518
0.518000518000518
0.518268981601451
0.518268981601451
0.518537723619393
0.518806744487678
0.51907604464054
0.519615484541439
0.519885625162464
0.520156046814044
0.520471894517696
0.520833333333333
0.521512385919166
0.521920668058455
0.523012552301255
0.523012552301255
0.523012552301255
0.523286237571952
0.523971705527902
0.524383848977451
0.524658971668416
0.524796641301496
0.527565286204168
0.527890198838642
0.528960592435863
0.529240539825351
0.529380624669137
0.529380624669137
0.530363298859719
0.531208499335989
0.532056397978186
0.532056397978186
0.532339632685653
0.53276505061268
0.53276505061268
0.533049040511727
0.533191149026926
0.533333333333333
0.533475593491598
0.533760341606619
0.534045393858478
0.534045393858478
0.53475935828877
0.53475935828877
0.534902380315592
0.535236396074933
0.535475234270415
0.535475234270415
0.535762121618002
0.535762121618002
0.535905680600214
0.537489922063961
0.537634408602151
0.537923614846692
0.538213132400431
0.538647993536224
0.538938291565616
0.538938291565616
0.539083557951482
0.539228902669183
0.539859636494511
0.539956803455724
0.540102619497705
0.540979172301866
0.541418516513265
0.541858574911948
0.542152344808891
0.542593597395551
0.542888165038002
0.542888165038002
0.543035568829758
0.543625985322098
0.54421768707483
0.545702592087312
0.546050236621769
0.546149645002731
0.546746856205577
0.546896363139185
0.546896363139185
0.547345374931582
0.547795124623391
0.547945205479452
0.548998078506725
0.549299642955232
0.549752611324904
0.55005500550055
0.550357732526142
0.550660792951542
0.550964187327824
0.551267916207277
0.551470588235294
0.552181115405853
0.552333609500138
0.552486187845304
0.553403431101273
0.553556601162469
0.554016620498615
0.554323725055432
0.555555555555556
0.555864369093941
0.556483027267668
0.556483027267668
0.55663790704147
0.55663790704147
0.556792873051225
0.556947925368978
0.557413600891862
0.558659217877095
0.558815311539536
0.560224089635854
0.560852495793606
0.561009817671809
0.561955605507165
0.562271577171774
0.562587904360056
0.56290458767239
0.564334085778781
0.564493367202935
0.564971751412429
0.565131393048884
0.565450947130336
0.565610859728507
0.565930956423316
0.566251415628539
0.566251415628539
0.566411781365052
0.566893424036281
0.566893424036281
0.567054153671676
0.567054153671676
0.567375886524823
0.567536889897843
0.567536889897843
0.567536889897843
0.567536889897843
0.568343279340722
0.568504832291074
0.568828213879408
0.568990042674253
0.568990042674253
0.569313976658127
0.569476082004556
0.569638279692395
0.569638279692395
0.569638279692395
0.56980056980057
0.569962952408093
0.570450656018255
0.570939194975735
0.570939194975735
0.571265352756355
0.571591883395256
0.571591883395256
0.5720823798627
0.572409845449342
0.572901747350329
0.573888091822095
0.575043128234618
0.575043128234618
0.575705238917674
0.576036866359447
0.576202823393835
0.576535024502739
0.576701268742791
0.576867608883761
0.576867608883761
0.577034045008656
0.577533930118394
0.577867668303958
0.578480524489009
0.578536303153023
0.578536303153023
0.579038795599305
0.579710144927536
0.57987822557263
0.57987822557263
0.580046403712297
0.580046403712297
0.58055152394775
0.580720092915215
0.582072176949942
0.582241630276565
0.582750582750583
0.583260425780111
0.58343057176196
0.583600817041144
0.58411214953271
0.584453535943892
0.584453535943892
0.584795321637427
0.585994726047466
0.58633831720903
0.586510263929619
0.586510263929619
0.586854460093897
0.587026709715292
0.587544065804935
0.587716720540699
0.587889476778366
0.588235294117647
0.588581518540318
0.588928150765607
0.589101620029455
0.589275191514437
0.589622641509434
0.590493061706525
0.590667454223272
0.591366055588409
0.591366055588409
0.59206631142688
0.592768227622999
0.593295757935331
0.593647966755714
0.593647966755714
0.5941770647653
0.5941770647653
0.5941770647653
0.594883997620464
0.595060993751859
0.595060993751859
0.595238095238095
0.595592614651578
0.596480763495377
0.597193191997611
0.597728631201434
0.598444045481747
0.598802395209581
0.599700149925037
0.599880023995201
0.600781015319916
0.602046959662854
0.602772754671489
0.602954476936991
0.603682463024449
0.604047115675023
0.604229607250755
0.604777744179014
0.604960677555959
0.606244316459533
0.606612071580224
0.606980273141123
0.607718018839259
0.608087564609304
0.608087564609304
0.608766233766234
0.609198903441974
0.60938452163315
0.609756097560976
0.61012812690665
0.61012812690665
0.610500610500611
0.61143381228982
0.61143381228982
0.613308800981294
0.614124872057318
0.615384615384615
0.616142945163278
0.616712920135677
0.616712920135677
0.616903146206046
0.617283950617284
0.617474529175671
0.617856039542787
0.618046971569839
0.618046971569839
0.618811881188119
0.619195046439629
0.619578686493185
0.619770684846607
0.620347394540943
0.620539869686627
0.620539869686627
0.620732464307883
0.62111801242236
0.621310966138552
0.621310966138552
0.621310966138552
0.622277535780958
0.62266500622665
0.623441396508728
0.623441396508728
0.62363579669473
0.623830318153462
0.62402496099844
0.624219725343321
0.624414611301904
0.625586487331874
0.625782227784731
0.625978090766823
0.6265664160401
0.627155848228285
0.627352572145546
0.628140703517588
0.628733102797862
0.629128656810318
0.629128656810318
0.629326620516048
0.629458665547629
0.630119722747322
0.630318310746927
0.630914826498423
0.630914826498423
0.631512472371329
0.631711939355654
0.632111251580278
0.63391442155309
0.634115409004439
0.634115409004439
0.634115409004439
0.635324015247776
0.635525897680331
0.635727908455181
0.635727908455181
0.636334712058543
0.63653723742839
0.636739891754218
0.636739891754218
0.637551801083838
0.637958532695375
0.637958532695375
0.638365783593999
0.638977635782748
0.639590661976335
0.640204865556978
0.640204865556978
0.640614990390775
0.640820249919898
0.641231163834562
0.642054574638844
0.642260757867694
0.64246707356248
0.643086816720257
0.643500643500644
0.643915003219575
0.643915003219575
0.644122383252818
0.644329896907216
0.644537544311956
0.644953240890035
0.645161290322581
0.646203554119548
0.646412411118294
0.646412411118294
0.647039792947266
0.648298217179903
0.648298217179903
0.64998375040624
0.650195058517555
0.650406504065041
0.650406504065041
0.650406504065041
0.650406504065041
0.650618087182824
0.650829808005207
0.651890482398957
0.65252854812398
0.652954619653934
0.653381247958184
0.65402223675605
0.65402223675605
0.654236179260713
0.654236179260713
0.654450261780105
0.655307994757536
0.655522779416585
0.656598818122127
0.657030223390276
0.657246138678935
0.657462195923734
0.657678395264716
0.657894736842105
0.658544616397761
0.658761528326746
0.659413122321134
0.660501981505945
0.661157024793388
0.664893617021277
0.665557404326123
0.66577896138482
0.666222518321119
0.666444518493835
0.666666666666667
0.668225860340795
0.668225860340795
0.669344042838019
0.671817265703729
0.671817265703729
0.672043010752688
0.672043010752688
0.673174015483002
0.673854447439353
0.673854447439353
0.674081563869228
0.674612098043625
0.67476383265857
0.675219446320054
0.675675675675676
0.675904021628929
0.676132521974307
0.676132521974307
0.6765899864682
0.676818950930626
0.677048070412999
0.677048070412999
0.677353804470535
0.678656260604004
0.67911714770798
0.679347826086957
0.680966973101805
0.681663258350375
0.681818181818182
0.681895669962496
0.683760683760684
0.685557586837294
0.686577411603158
0.687049124012367
0.687757909215956
0.687757909215956
0.687994496044032
0.688231245698555
0.688942473303479
0.689655172413793
0.69060773480663
0.692281066112842
0.692520775623269
0.693481276005548
0.693721817551162
0.695168578380257
0.696136442742777
0.69710700592541
0.697350069735007
0.697836706210747
0.697999069334574
0.698324022346369
0.698324022346369
0.69856793573175
0.699056274030059
0.699300699300699
0.700280112044818
0.704225352112676
0.704970038773352
0.705218617771509
0.705716302046577
0.705965407695023
0.706963591375044
0.707213578500707
0.707714083510262
0.708215297450425
0.710227272727273
0.710479573712256
0.710732054015636
0.711490572749911
0.714030703320243
0.714540907466953
0.715051841258491
0.716332378223496
0.716845878136201
0.718132854578097
0.718132854578097
0.719424460431655
0.72020165646381
0.72020165646381
0.720461095100865
0.720461095100865
0.721500721500721
0.724900326205147
0.724900326205147
0.727537286285922
0.731528895391368
0.732869182850861
0.734753857457752
0.734753857457752
0.736377025036819
0.736919675755343
0.737463126843658
0.737735153080044
0.739644970414201
0.739918608953015
0.74019245003701
0.740740740740741
0.744324525493115
0.745156482861401
0.745434215430488
0.746268656716418
0.74794315632012
0.748502994011976
0.749906261717285
0.75187969924812
0.752162467092892
0.754432289701999
0.755001887504719
0.756143667296786
0.758725341426404
0.759878419452887
0.761614623000762
0.761904761904762
0.76219512195122
0.764525993883792
0.765110941086458
0.765403750478377
0.768049155145929
0.768639508070715
0.769822940723634
0.770119368502118
0.770712909441233
0.771604938271605
0.773694390715667
0.773694390715667
0.774293457220286
0.774893452150329
0.775193798449612
0.776699029126214
0.777302759424796
0.777604976671851
0.778210116731518
0.779423226812159
0.780944943381492
0.781555295037124
0.783085356303837
0.783699059561129
0.786575773466177
0.789577575996842
0.789577575996842
0.790513833992095
0.791452314998021
0.791452314998021
0.792393026941363
0.792393026941363
0.797130330809087
0.797448165869219
0.798084596967279
0.798403193612774
0.798403193612774
0.798722044728435
0.800640512409928
0.801282051282051
0.801924619085806
0.804181745074387
0.806234883095942
0.806776926179911
0.808734330772341
0.808734330772341
0.810372771474878
0.813338755591704
0.815328169588259
0.817884405670665
0.81799591002045
0.818330605564648
0.818330605564648
0.818330605564648
0.818665575112566
0.823384108686702
0.823723228995058
0.824062628759786
0.826787928896238
0.829187396351575
0.830909846281678
0.831600831600832
0.832986255726781
0.835421888053467
0.836470096194061
0.837520938023451
0.838926174496644
0.842105263157895
0.843881856540084
0.844594594594595
0.844594594594595
0.84530853761623
0.846023688663283
0.847098686997035
0.849617672047578
0.852878464818763
0.853242320819113
0.85397096498719
0.854700854700855
0.854700854700855
0.855675984027382
0.860585197934596
0.861697544161999
0.862068965517241
0.865426222414539
0.868055555555556
0.868055555555556
0.868055555555556
0.869187309865276
0.869943453675511
0.874508089199825
0.87527352297593
0.876424189307625
0.87719298245614
0.877577885037297
0.881057268722467
0.882223202470225
0.883782589482987
0.884173297966401
0.888494002665482
0.89126559714795
0.893255917820456
0.894854586129754
0.896860986547085
0.90049527239982
0.900900900900901
0.900900900900901
0.901306894997747
0.902527075812274
0.90293453724605
0.904568068747173
0.905387052965142
0.905797101449275
0.906207521522429
0.908677873693776
0.908677873693776
0.909504320145521
0.909918107370337
0.910746812386157
0.914494741655236
0.915192190359976
0.91533180778032
0.916590284142988
0.917010545621275
0.91743119266055
0.91743119266055
0.919117647058824
0.920810313075506
0.921234454168586
0.92464170134073
0.927213722763097
0.927213722763097
0.927643784786642
0.930232558139535
0.931098696461825
0.933271115258983
0.934142923867351
0.934579439252336
0.935016362786349
0.938086303939962
0.938086303939962
0.938086303939962
0.938967136150235
0.940438871473354
0.940733772342427
0.940733772342427
0.943396226415094
0.94384143463898
0.945179584120983
0.946073793755913
0.947867298578199
0.949667616334283
0.950570342205323
0.951927653498334
0.953288846520496
0.953743443013829
0.953743443013829
0.954198473282443
0.955566172957477
0.956480153036824
0.956937799043062
0.957854406130268
0.961538461538462
0.962000962000962
0.963855421686747
0.963855421686747
0.965717044905842
0.966183574879227
0.96665055582407
0.968054211035818
0.970402717127608
0.974184120798831
0.974342318934719
0.974658869395711
0.977039570102589
0.977517106549365
0.979431929480901
0.979911807937286
0.979911807937286
0.982800982800983
0.985221674876847
0.986193293885602
0.986679822397632
0.990589400693412
0.991080277502478
0.991080277502478
0.992063492063492
0.992555831265509
0.992555831265509
0.995024875621891
0.995520159283226
0.99601593625498
0.997506234413965
1.00150225338007
1.00200400801603
1.00300902708124
1.00401606425703
1.00704934541793
1.00755667506297
1.01112234580384
1.01163378856854
1.01163378856854
1.01317122593718
1.01317122593718
1.01419878296146
1.01522842639594
1.01522842639594
1.01884870096791
1.01936799184506
1.02040816326531
1.02092904543134
1.02092904543134
1.02145045965271
1.02511532547412
1.02722136620442
1.02880658436214
1.03039670273055
1.03039670273055
1.03199174406605
1.03412616339193
1.0351966873706
1.0351966873706
1.03626943005181
1.03896103896104
1.03914097679252
1.03950103950104
1.04004160166407
1.04004160166407
1.04166666666667
1.04202848211184
1.04220948410631
1.04239054899236
1.0443864229765
1.04602510460251
1.0465724751439
1.05152471083071
1.05207785376118
1.05207785376118
1.05207785376118
1.05263157894737
1.05263157894737
1.05540897097625
1.05540897097625
1.05652403592182
1.05708245243129
1.05764145954521
1.05876124933827
1.05876124933827
1.05876124933827
1.05988341282459
1.05988341282459
1.05988341282459
1.06326422115896
1.06439595529537
1.06553010122536
1.06951871657754
1.07009095773141
1.07009095773141
1.07028184088477
1.07181136120043
1.07238605898123
1.0752688172043
1.07584722969338
1.07604017216643
1.07700592353258
1.07700592353258
1.07874865156419
1.07874865156419
1.07874865156419
1.07933081489477
1.07933081489477
1.07991360691145
1.08108108108108
1.08283703302653
1.0840108401084
1.0851871947911
1.085776330076
1.08636610537751
1.08754758020663
1.08754758020663
1.08813928182807
1.08873162765378
1.09229929000546
1.09349371241115
1.09409190371991
1.09409190371991
1.09529025191676
1.0958904109589
1.09649122807018
1.09709270433352
1.09950522264981
1.1001100110011
1.10314396028682
1.1037527593819
1.1037527593819
1.10497237569061
1.10558319513543
1.10680686220255
1.11049416990561
1.11049416990561
1.11111111111111
1.11296605453534
1.11296605453534
1.11420612813371
1.11482720178372
1.11482720178372
1.1154489682097
1.1154489682097
1.11919418019026
1.11919418019026
1.12044817927171
1.12485939257593
1.12803158488438
1.12994350282486
1.13058224985868
1.13122171945701
1.13250283125708
1.13314447592068
1.13378684807256
1.13442994895065
1.13507377979569
1.13571834185122
1.13700966458215
1.13765642775882
1.13765642775882
1.13830392714855
1.13960113960114
1.1454753722795
1.14613180515759
1.14810562571757
1.14942528735632
1.15008625646924
1.15163147792706
1.15340253748558
1.15340253748558
1.15942028985507
1.16076610562972
1.16076610562972
1.16076610562972
1.16279069767442
1.16618075801749
1.16618075801749
1.17027501462844
1.17233294255569
1.17439812096301
1.17439812096301
1.17462803445576
1.17508813160987
1.17577895355673
1.17716303708064
1.17855038302887
1.17924528301887
1.17994100294985
1.18063754427391
1.18063754427391
1.18133490844655
1.18133490844655
1.18203309692671
1.18203309692671
1.18203309692671
1.18203309692671
1.18343195266272
1.18343195266272
1.18483412322275
1.18483412322275
1.18694362017804
1.18694362017804
1.18764845605701
1.1883541295306
1.1883541295306
1.18906064209275
1.18976799524093
1.19189511323004
1.19331742243437
1.19331742243437
1.194743130227
1.19617224880383
1.1983223487118
1.1997600479904
1.20048019207683
1.20192307692308
1.20409391932571
1.20481927710843
1.20554550934298
1.21212121212121
1.21285627653123
1.21285627653123
1.21359223300971
1.21506682867558
1.21506682867558
1.21580547112462
1.21580547112462
1.21580547112462
1.21654501216545
1.21802679658953
1.21802679658953
1.21802679658953
1.2187690432663
1.21951219512195
1.21951219512195
1.22100122100122
1.22100122100122
1.22174709835064
1.22399020807834
1.22473974280465
1.22473974280465
1.22624156958921
1.22624156958921
1.22624156958921
1.22699386503068
1.22699386503068
1.22925629993854
1.23152709359606
1.23152709359606
1.23304562268804
1.23533045089562
1.23609394313968
1.23685837971552
1.23685837971552
1.23762376237624
1.24146492861577
1.24223602484472
1.24378109452736
1.24455507156192
1.24610591900312
1.25078173858662
1.25156445556946
1.25234815278648
1.25628140703518
1.25628140703518
1.25786163522013
1.26182965299685
1.26262626262626
1.26262626262626
1.26422250316056
1.26422250316056
1.26502213788741
1.26823081800888
1.27064803049555
1.27145581691036
1.27226463104326
1.27307447485678
1.27388535031847
1.27551020408163
1.27959053103007
1.28040973111396
1.28205128205128
1.2853470437018
1.28617363344051
1.28865979381443
1.28949065119278
1.29032258064516
1.2911555842479
1.29282482223659
1.29366106080207
1.29366106080207
1.29449838187702
1.29533678756477
1.29533678756477
1.29617627997408
1.29617627997408
1.2970168612192
1.29785853341986
1.2987012987013
1.30039011703511
1.30039011703511
1.30123617436565
1.30378096479791
1.30463144161774
1.30718954248366
1.30975769482646
1.30975769482646
1.31061598951507
1.31061598951507
1.31061598951507
1.31061598951507
1.31578947368421
1.318391562294
1.31926121372032
1.32100396301189
1.32100396301189
1.32100396301189
1.32187706543292
1.32187706543292
1.32362673726009
1.32450331125828
1.32450331125828
1.32538104705103
1.32890365448505
1.32890365448505
1.32890365448505
1.32890365448505
1.32978723404255
1.32978723404255
1.33067198935462
1.33155792276964
1.33244503664224
1.33333333333333
1.33333333333333
1.3351134846462
1.33689839572193
1.33868808567604
1.34048257372654
1.34228187919463
1.34228187919463
1.34408602150538
1.34498991257566
1.34589502018843
1.34680134680135
1.34680134680135
1.34770889487871
1.35135135135135
1.35226504394861
1.3550135501355
1.3550135501355
1.35593220338983
1.35685210312076
1.35685210312076
1.35746606334842
1.36054421768708
1.36239782016349
1.36332651670075
1.36425648021828
1.36518771331058
1.36892539356605
1.36892539356605
1.37268359643102
1.3745704467354
1.37551581843191
1.37646249139711
1.37646249139711
1.37835975189525
1.37931034482759
1.38026224982747
1.38121546961326
1.38121546961326
1.38121546961326
1.3840830449827
1.38504155124654
1.38504155124654
1.38504155124654
1.38600138600139
1.38792505204719
1.38888888888889
1.38985406532314
1.38985406532314
1.39082058414465
1.39567341242149
1.39599813866915
1.39762403913347
1.39958012596221
1.40056022408964
1.40154169586545
1.40252454417952
1.40252454417952
1.40350877192982
1.40646976090014
1.40745953553835
1.41342756183746
1.41342756183746
1.41743444365698
1.42857142857143
1.42959256611866
1.4336917562724
1.43609382479655
1.43884892086331
1.43988480921526
1.44196106705119
1.44196106705119
1.44404332129964
1.44439094848339
1.44648023143684
1.44822592324403
1.4609203798393
1.46627565982405
1.46842878120411
1.47167034584253
1.47167034584253
1.47275405007364
1.47347740667976
1.47383935151068
1.48038490007402
1.48148148148148
1.48257968865827
1.48478099480327
1.48809523809524
1.49253731343284
1.49253731343284
1.5015015015015
1.51057401812689
1.51285930408472
1.51630022744503
1.51860288534548
1.5255530129672
1.5255530129672
1.52671755725191
1.52671755725191
1.52788388082506
1.53256704980843
1.53727901614143
1.54918667699458
1.55884645362432
1.56372165754496
1.56494522691706
1.56617071260767
1.56617071260767
1.58227848101266
1.58478605388273
1.59872102318146
1.60128102481986
1.60384923817161
1.60901045856798
1.61030595813205
1.61030595813205
1.61377084454008
1.62074554294976
1.63532297628782
1.64068908941756
1.64293537787514
1.64338537387017
1.65562913907285
1.65654334621756
1.66112956810631
1.66805671392827
1.68350168350168
1.69348010160881
1.70745589072282
1.70794192997438
1.70940170940171
1.73160173160173
1.743679163034
1.74520069808028
1.75131348511384
1.7636684303351
1.76522506619594
1.76522506619594
1.76678445229682
1.77147918511958
1.77304964539007
1.77619893428064
1.77619893428064
1.78094390026714
1.7825311942959
1.78571428571429
1.78890876565295
1.8001800180018
1.8034265103697
1.806684733514
1.81159420289855
1.82149362477231
1.82648401826484
1.87734668335419
1.88323917137476
1.89933523266857
1.90476190476191
1.93298969072165
1.94552529182879
1.94741966893866
1.94931773879142
1.95694716242661
1.97628458498024
1.9893899204244
2.00601805416249
2.00803212851406
2.01409869083585
2.03527815468114
2.04290091930541
2.04498977505112
2.05549845837616
2.05761316872428
2.06398348813209
2.0703933747412
2.09424083769633
2.10970464135021
2.11640211640212
2.13219616204691
2.13675213675214
2.14592274678112
2.14822771213749
2.15749730312837
2.16450216450216
2.16450216450216
2.16919739696312
2.16919739696312
2.18579234972678
2.19138056975895
2.1978021978022
2.21975582685904
2.21975582685904
2.22551928783383
2.2271714922049
2.2271714922049
2.24215246636771
2.25733634311512
2.25988700564972
2.28050171037628
2.29095074455899
2.30149597238205
2.32018561484919
2.32288037166086
2.32558139534884
2.34741784037559
2.37247924080664
2.37529691211401
2.389486260454
2.39234449760766
2.39808153477218
2.40096038415366
2.4330900243309
2.44100895036615
2.44698205546493
2.460024600246
2.46305418719212
2.46305418719212
2.46609124537608
2.46609124537608
2.47218788627936
2.4906600249066
2.49376558603491
2.50941028858218
2.51256281407035
2.51256281407035
2.51889168765743
2.52525252525252
2.52844500632111
2.53485424588086
2.53807106598985
2.55754475703325
2.56191289496157
2.57731958762887
2.57731958762887
2.58064516129032
2.62123197903014
2.6246719160105
2.6246719160105
2.63852242744063
2.64200792602378
2.64200792602378
2.64900662251656
2.6525198938992
2.65604249667995
2.65957446808511
2.65957446808511
2.67737617135207
2.68456375838926
2.69905533063428
2.71739130434783
2.73224043715847
2.7359781121751
2.73972602739726
2.74223034734918
2.75862068965517
2.78164116828929
2.78164116828929
2.78551532033426
2.78551532033426
2.81293952180028
2.82485875706215
2.82885431400283
2.8735632183908
2.89435600578871
2.89855072463768
2.91545189504373
2.92397660818713
2.93255131964809
2.93255131964809
2.93685756240822
2.94117647058823
2.95857988165681
2.9673590504451
2.97176820208024
2.97176820208024
2.98507462686567
2.99850074962519
3.003003003003
3.01659125188537
3.02114803625378
3.02114803625378
3.02114803625378
3.03490136570561
3.03951367781155
3.06748466257669
3.07692307692308
3.11526479750779
3.12989045383412
3.14465408805031
3.1496062992126
3.15457413249211
3.15955766192733
3.15955766192733
3.16455696202532
3.18471337579618
3.18979266347687
3.18979266347687
3.18979266347687
3.2
3.2051282051282
3.23101777059774
3.2520325203252
3.25732899022801
3.27332242225859
3.3003300330033
3.30396475770925
3.31125827814569
3.33704115684093
3.33889816360601
3.33889816360601
3.3500837520938
3.38409475465313
3.38983050847458
3.38983050847458
3.40136054421769
3.40136054421769
3.40136054421769
3.41296928327645
3.43053173241853
3.43053173241853
3.45423143350604
3.46020761245675
3.46620450606586
3.48432055749129
3.49040139616056
3.49040139616056
3.4965034965035
3.54609929078014
3.54609929078014
3.55239786856128
3.5650623885918
3.5650623885918
3.57142857142857
3.59066427289048
3.59712230215827
3.6101083032491
3.6101083032491
3.6231884057971
3.63636363636364
3.64298724954463
3.6697247706422
3.68324125230203
3.690036900369
3.690036900369
3.7037037037037
3.7243947858473
3.7243947858473
3.73134328358209
3.74531835205992
3.74531835205992
3.80952380952381
3.80952380952381
3.83141762452107
3.83877159309021
3.83877159309021
3.88349514563107
3.89105058365759
3.89105058365759
3.92156862745098
3.92156862745098
3.92927308447937
3.93184796854522
3.93700787401575
3.93700787401575
3.95256916996047
3.95256916996047
3.98936170212766
4.00801603206413
4.01606425702811
4.05679513184584
4.08163265306122
4.08997955010225
4.0983606557377
4.11522633744856
4.12087912087912
4.12371134020619
4.1407867494824
4.17536534446764
4.20168067226891
4.21940928270042
4.26439232409382
4.27350427350427
4.31034482758621
4.31034482758621
4.33839479392625
4.37636761487965
4.40528634361233
4.44444444444444
4.45765230312036
4.48430493273543
4.52488687782805
4.53514739229025
4.5766590389016
4.58715596330275
4.68384074941452
4.7244094488189
4.72813238770686
4.76190476190476
4.76190476190476
4.78468899521531
4.78468899521531
4.85436893203883
4.85436893203883
4.85436893203883
4.85436893203883
4.85436893203883
4.95049504950495
4.95049504950495
4.96277915632754
4.98753117206983
5.05050505050505
5.1150895140665
5.15463917525773
5.30503978779841
5.3475935828877
5.47945205479452
5.4945054945055
5.57620817843866
5.68181818181818
5.71428571428571
5.78034682080925
5.79150579150579
5.79710144927536
5.86510263929619
5.89390962671906
5.93471810089021
6.0790273556231
6.09756097560976
6.2111801242236
6.2111801242236
6.30252100840336
6.34920634920635
6.34920634920635
6.41025641025641
6.49350649350649
6.5359477124183
6.5359477124183
6.75675675675676
6.94444444444444
7.2463768115942
7.2992700729927
7.32600732600733
7.38007380073801
7.43494423791822
7.49063670411985
7.60456273764259
7.60456273764259
7.69230769230769
7.69230769230769
7.93650793650794
8.23045267489712
8.26446280991736
8.33333333333333
8.43881856540084
8.51063829787234
8.57142857142857
8.69565217391304
8.69565217391304
8.81057268722467
8.81057268722467
8.88888888888889
8.96860986547085
9.00900900900901
9.00900900900901
9.00900900900901
9.1324200913242
9.1743119266055
9.21658986175115
9.38967136150235
9.43396226415094
9.47867298578199
9.56937799043062
9.56937799043062
9.75609756097561
9.75609756097561
9.75609756097561
9.80392156862745
9.85221674876847
9.9009900990099
10
10
10
10.2040816326531
10.2564102564103
10.2564102564103
10.2564102564103
10.3626943005181
10.3626943005181
10.3626943005181
10.4166666666667
10.4712041884817
10.4712041884817
10.6951871657754
10.6951871657754
10.752688172043
10.752688172043
10.8108108108108
11.1111111111111
11.1111111111111
11.1731843575419
11.3636363636364
11.4285714285714
11.4942528735632
11.5606936416185
11.6279069767442
11.7647058823529
11.7647058823529
11.8343195266272
11.9047619047619
11.9047619047619
11.9760479041916
12.0481927710843
12.0481927710843
12.0481927710843
12.1951219512195
12.2699386503068
12.2699386503068
12.3456790123457
12.4223602484472
12.5
12.5
12.5
12.5786163522013
12.5786163522013
12.5786163522013
12.5786163522013
12.6582278481013
12.7388535031847
12.8205128205128
12.9032258064516
12.987012987013
12.987012987013
12.987012987013
13.0718954248366
13.0718954248366
13.2450331125828
13.3333333333333
13.6054421768708
13.8888888888889
13.986013986014
13.986013986014
13.986013986014
14.0186915887851
14.0845070422535
14.0845070422535
14.0845070422535
14.1843971631206
14.1843971631206
14.1843971631206
14.2857142857143
14.7058823529412
14.8148148148148
14.9253731343284
14.9253731343284
15.0375939849624
15.0753768844221
15.1515151515152
15.1515151515152
15.2671755725191
15.2671755725191
15.3846153846154
15.5440414507772
15.625
15.625
15.748031496063
15.8730158730159
16
16.1290322580645
16.3934426229508
16.5289256198347
16.5289256198347
16.6666666666667
16.8067226890756
16.8539325842697
16.9491525423729
16.9491525423729
17.0940170940171
17.0940170940171
17.0940170940171
17.3913043478261
17.5438596491228
17.6991150442478
17.6991150442478
17.6991150442478
17.8571428571429
17.8571428571429
18.018018018018
18.1818181818182
18.5185185185185
18.6915887850467
18.6915887850467
18.6915887850467
18.8679245283019
19.0476190476191
19.0476190476191
19.0476190476191
19.0476190476191
19.2307692307692
19.4174757281553
19.6078431372549
19.8019801980198
19.8019801980198
19.8019801980198
19.8019801980198
20
20
20
20
20.1342281879195
20.2020202020202
20.4081632653061
20.6185567010309
20.6185567010309
20.8333333333333
21.0526315789474
21.0526315789474
21.0526315789474
21.0526315789474
21.2765957446808
21.2765957446808
21.2765957446808
21.2765957446808
21.505376344086
21.505376344086
21.7391304347826
21.978021978022
21.978021978022
21.978021978022
22.2222222222222
22.4719101123595
22.4719101123595
22.4719101123595
22.7272727272727
22.7272727272727
22.9885057471264
23.2558139534884
23.2558139534884
23.2558139534884
23.5294117647059
23.5294117647059
23.8095238095238
23.8095238095238
24.0963855421687
24.0963855421687
24.390243902439
24.390243902439
24.390243902439
24.390243902439
24.390243902439
24.390243902439
24.6913580246914
24.6913580246914
24.6913580246914
25
25
25
25.3164556962025
25.3164556962025
25.6410256410256
25.974025974026
25.974025974026
25.974025974026
25.974025974026
26.3157894736842
26.3157894736842
26.3157894736842
26.6666666666667
26.6666666666667
26.7857142857143
27.027027027027
27.027027027027
27.027027027027
27.027027027027
27.3972602739726
27.3972602739726
27.5229357798165
27.7777777777778
27.7777777777778
27.7777777777778
27.7777777777778
28.169014084507
28.9855072463768
29.4117647058823
29.8507462686567
29.8507462686567
30.3030303030303
30.3030303030303
30.3030303030303
30.7692307692308
30.7692307692308
30.7692307692308
31.25
31.25
31.25
31.7460317460317
32.258064516129
32.258064516129
32.258064516129
32.258064516129
32.6086956521739
32.7868852459016
32.7868852459016
33.3333333333333
33.3333333333333
33.3333333333333
33.3333333333333
33.8983050847458
34.4827586206897
34.4827586206897
34.4827586206897
34.4827586206897
35.0877192982456
35.0877192982456
35.0877192982456
35.7142857142857
36.3636363636364
37.037037037037
37.037037037037
37.037037037037
37.037037037037
37.7358490566038
37.7358490566038
37.7358490566038
37.9746835443038
38.4615384615385
38.4615384615385
38.4615384615385
38.4615384615385
38.4615384615385
38.4615384615385
38.4615384615385
38.961038961039
39.2156862745098
39.2156862745098
39.2156862745098
40
40
40.8163265306122
40.8163265306122
40.8163265306122
41.0958904109589
41.6666666666667
41.6666666666667
41.6666666666667
41.6666666666667
41.6666666666667
41.6666666666667
41.6666666666667
42.5531914893617
42.5531914893617
42.5531914893617
43.4782608695652
43.4782608695652
43.4782608695652
43.4782608695652
43.4782608695652
43.4782608695652
43.4782608695652
43.4782608695652
44.1176470588235
44.4444444444444
44.4444444444444
44.4444444444444
45.4545454545455
45.4545454545455
45.4545454545455
46.5116279069768
46.5116279069768
46.5116279069768
46.5116279069768
46.5116279069768
47.6190476190476
47.6190476190476
47.6190476190476
47.6190476190476
48.7804878048781
48.7804878048781
48.7804878048781
48.7804878048781
48.7804878048781
50
50
50
51.2820512820513
51.2820512820513
51.2820512820513
51.2820512820513
51.7241379310345
52.6315789473684
52.6315789473684
52.6315789473684
52.6315789473684
52.6315789473684
52.6315789473684
52.6315789473684
52.6315789473684
54.0540540540541
54.0540540540541
54.0540540540541
55.5555555555556
55.5555555555556
55.5555555555556
55.5555555555556
56.6037735849057
57.1428571428571
57.1428571428571
57.1428571428571
57.1428571428571
57.1428571428571
58.8235294117647
58.8235294117647
58.8235294117647
60.6060606060606
60.6060606060606
60.6060606060606
60.6060606060606
60.6060606060606
60.6060606060606
62.5
62.5
62.5
62.5
64.5161290322581
64.5161290322581
66.6666666666667
66.6666666666667
66.6666666666667
66.6666666666667
68.9655172413793
68.9655172413793
68.9655172413793
71.4285714285714
71.4285714285714
74.0740740740741
74.0740740740741
74.0740740740741
74.0740740740741
74.0740740740741
74.0740740740741
74.0740740740741
74.0740740740741
76.9230769230769
76.9230769230769
80
80
80
80
83.3333333333333
83.3333333333333
83.3333333333333
83.3333333333333
86.9565217391304
86.9565217391304
86.9565217391304
90.9090909090909
90.9090909090909
90.9090909090909
90.9090909090909
90.9090909090909
93.75
95.2380952380952
95.2380952380952
95.2380952380952
95.2380952380952
100
100
105.263157894737
105.263157894737
105.263157894737
105.263157894737
105.263157894737
105.263157894737
111.111111111111
111.111111111111
111.111111111111
117.647058823529
117.647058823529
117.647058823529
125
125
125
125
125
125
125
133.333333333333
133.333333333333
133.333333333333
133.333333333333
153.846153846154
153.846153846154
153.846153846154
153.846153846154
166.666666666667
176.470588235294
3.14705862217391
