qps
0
0
0
0
0
0
0
0
0
0
0
0
0
0
0
0
0
0
0
0
0
0
0
0
0
0
0
0
0
0
0
0
0
0
0
0
0
0
0
0
0
0
0
0
0
0
0
0
0
0
0
0
0
0
0
0
0
0
0
0
0
0
0
0
0
0
0
0
0
0
0
0
0
0
0
0
0
0
0
0
0
0
0
0
0
0
0
0
0
0
0
0
0
0
0
0
0
0
0
0
0
0
0
0
0
0
0
0
0
0
0
0
0.080731969860065
0.084745762711865
0.085193388993014
0.101306858474319
0.112676056338028
0.11290929619872
0.113079532604599
0.113199003848766
0.113683731857971
0.116536534203473
0.119142176330421
0.181603559429765
0.1960399921584
0.214592274678112
0.214592274678112
0.222148172831278
0.226380923634168
0.234265188193034
0.236220472440945
0.244997958350347
0.245098039215686
0.247565604885295
0.256673511293634
0.260586319218241
0.269978401727862
0.281320330082521
0.295945546019532
0.29944602485402
0.304599451720987
0.309533635988444
0.314564328405159
0.324429544717206
0.339904826648538
0.354819633353045
0.360273808094151
0.361315187281705
0.369549150036955
0.387346675274371
0.390879478827362
0.39241334205363
0.39530899986823
0.446362148489808
0.448900194523418
0.452420449404313
0.462320850670365
0.463499420625724
0.478545222523529
0.479309793896789
0.49825610363727
0.501002004008016
0.507528336998816
0.523834468308015
0.535236396074933
0.560538116591928
0.577367205542725
0.579710144927536
0.580046403712297
0.5819592628516
0.601322910402886
0.608889790947838
0.618238021638331
0.619450753665084
0.623830318153462
0.625586487331874
0.644606789858187
0.645369474023879
0.650829808005207
0.6521030322791
0.669344042838019
0.679809653297077
0.696702275894101
0.69848661233993
0.70871722182849
0.724900326205147
0.726216412490922
0.730994152046784
0.743494423791822
0.749437921558831
0.754527162977867
0.784006272050176
0.799041150619257
0.808080808080808
0.826446280991735
0.830105146651909
0.841514726507714
0.855920114122682
0.86405529953917
0.903070439494281
0.912825193975354
0.913659205116491
0.917711838482716
0.925925925925926
0.94577553593947
0.950118764845606
0.957854406130268
0.958772770853308
0.965561635017702
0.980071871937275
0.999000999000999
1.0183299389002
1.03734439834025
1.04004160166407
1.04420466411417
1.04638995465644
1.05652403592182
1.06609808102345
1.06723585912487
1.07028184088477
1.07372942018611
1.07758620689655
1.078360891445
1.10823790173624
1.11152278621712
1.11898545318911
1.11940298507463
1.12654900488171
1.12866817155756
1.13636363636364
1.14329268292683
1.15785411038209
1.18063754427391
1.18623962040332
1.19047619047619
1.20048019207683
1.24584717607973
1.27388535031847
1.29954515919428
1.34861766689144
1.36332651670075
1.36612021857924
1.36986301369863
1.37299771167048
1.37551581843191
1.38504155124654
1.38568129330254
1.39729855612483
1.41442715700141
1.41843971631206
1.42517814726841
1.44439094848339
1.44508670520231
1.44927536231884
1.47130946542423
1.47203140333661
1.47383935151068
1.48038490007402
1.48148148148148
1.48148148148148
1.51057401812689
1.51285930408472
1.5205271160669
1.54004106776181
1.54798761609907
1.55682407887909
1.5600624024961
1.58061116965227
1.58730158730159
1.58814187400741
1.60342063067878
1.6366612111293
1.63934426229508
1.66944908180301
1.70940170940171
1.71135196805476
1.71919770773639
1.71919770773639
1.72314761631246
1.73310225303293
1.73913043478261
1.75644028103045
1.77935943060498
1.79856115107914
1.83150183150183
1.87032418952618
1.89274447949527
1.89513581806696
1.90476190476191
1.93298969072165
1.94300518134715
1.95439739413681
1.95439739413681
1.96335078534031
1.99468085106383
2.00803212851406
2.02565833896016
2.031144211239
2.03665987780041
2.04220558202859
2.08768267223382
2.09205020920502
2.12014134275618
2.13523131672598
2.16763005780347
2.1865889212828
2.1945866861741
2.26415094339623
2.27445034116755
2.30769230769231
2.3094688221709
2.31660231660232
2.34741784037559
2.49584026622296
2.49584026622296
2.53592561284869
2.54668930390492
2.58397932816538
2.615518744551
2.6246719160105
2.69058295964126
2.69299820466786
2.71493212669683
2.73224043715847
2.74725274725275
2.76243093922652
2.8169014084507
2.8436018957346
2.87631831255992
2.98507462686567
3.04878048780488
3.15457413249211
3.2051282051282
3.24675324675325
3.27510917030568
3.31125827814569
3.33333333333333
3.38409475465313
3.38983050847458
3.43642611683849
3.51699882766706
3.5650623885918
3.56718192627824
3.57568533969011
3.6231884057971
3.65853658536585
3.74531835205992
3.80228136882129
3.8265306122449
3.8961038961039
3.92670157068063
3.93700787401575
3.98406374501992
4.00801603206413
4.01069518716578
4.0983606557377
4.12654745529574
4.18410041841004
4.48430493273543
4.48430493273543
4.71698113207547
4.78468899521531
4.79233226837061
4.8
4.80769230769231
4.83091787439614
4.90196078431373
4.95049504950495
4.95049504950495
4.98753117206983
5.05902192242833
5.21739130434783
5.25394045534151
5.35714285714286
5.36193029490617
5.37634408602151
5.37634408602151
5.39083557951482
5.40540540540541
5.46448087431694
5.47945205479452
5.48446069469835
5.54016620498615
5.59701492537313
5.60224089635854
5.61797752808989
5.6657223796034
5.6980056980057
5.74712643678161
5.78034682080925
5.80270793036751
5.83657587548638
5.89390962671906
5.91715976331361
5.93471810089021
5.95238095238095
5.95238095238095
6.06060606060606
6.08519269776876
6.10997963340122
6.12244897959184
6.13496932515337
6.19195046439628
6.19834710743802
6.23700623700624
6.26304801670146
6.45161290322581
6.45161290322581
6.55021834061135
6.65188470066519
6.65188470066519
6.6815144766147
6.69642857142857
6.72645739910314
6.73400673400673
6.84931506849315
6.8649885583524
6.91244239631336
6.94444444444444
7.04225352112676
7.12589073634204
7.21153846153846
7.35294117647059
7.37100737100737
7.5
7.5187969924812
7.59493670886076
7.6530612244898
7.66283524904215
7.7319587628866
7.93650793650794
8.02139037433155
8.10810810810811
8.15217391304348
8.19672131147541
8.42696629213483
8.4985835694051
8.51063829787234
8.58369098712446
8.90207715133531
8.92857142857143
8.96860986547085
9.00900900900901
9.09090909090909
9.30232558139535
9.3167701863354
9.43396226415094
9.61538461538462
9.67741935483871
9.80392156862745
10
10.0334448160535
10.1010101010101
10.1351351351351
10.3806228373702
10.4529616724739
10.5633802816901
10.6951871657754
10.752688172043
10.7913669064748
10.7913669064748
10.8303249097473
10.989010989011
11.1111111111111
11.1111111111111
11.1524163568773
11.1524163568773
11.1940298507463
11.1940298507463
11.2359550561798
11.2994350282486
11.3636363636364
11.5384615384615
11.6279069767442
11.7647058823529
11.8110236220472
11.8110236220472
11.8577075098814
11.9047619047619
12
12
12.1457489878543
12.1457489878543
12.2448979591837
12.396694214876
12.7118644067797
12.8205128205128
12.9032258064516
12.987012987013
13.1578947368421
13.1578947368421
13.2743362831858
13.3333333333333
13.3928571428571
13.5135135135135
13.5135135135135
13.5135135135135
13.7614678899083
13.7614678899083
13.8888888888889
14.5631067961165
14.5631067961165
14.6341463414634
14.7058823529412
14.8514851485149
15
15.0375939849624
15.0375939849624
15.0753768844221
15.0753768844221
15.1515151515152
15.3061224489796
15.3846153846154
15.748031496063
15.8730158730159
15.9574468085106
15.9574468085106
16.1290322580645
16.1290322580645
16.304347826087
16.3934426229508
17.0454545454546
17.0454545454546
17.1428571428571
17.2413793103448
17.2413793103448
17.3913043478261
18.4049079754601
18.5185185185185
18.5185185185185
18.8679245283019
19.2307692307692
19.2307692307692
20.1342281879195
20.2702702702703
20.5479452054794
20.6896551724138
20.979020979021
21.5827338129496
22.2222222222222
22.2222222222222
23.0769230769231
23.0769230769231
25.4237288135593
26.3157894736842
27.2727272727273
27.2727272727273
27.2727272727273
27.7777777777778
28.0373831775701
28.3018867924528
28.9855072463768
29.126213592233
32.7868852459016
35.0877192982456
35.0877192982456
38.4615384615385
38.4615384615385
40
41.6666666666667
44.1176470588235
46.1538461538462
49.1803278688525
49.1803278688525
51.7241379310345
52.6315789473684
53.5714285714286
54.0540540540541
55.5555555555556
56.6037735849057
57.6923076923077
58.8235294117647
58.8235294117647
58.8235294117647
60.6060606060606
60.6060606060606
61.2244897959184
63.8297872340426
63.8297872340426
66.6666666666667
66.6666666666667
66.6666666666667
68.1818181818182
69.7674418604651
71.4285714285714
71.4285714285714
71.4285714285714
71.4285714285714
71.4285714285714
73.1707317073171
73.1707317073171
74.0740740740741
75
75
75
76.9230769230769
76.9230769230769
76.9230769230769
78.9473684210526
78.9473684210526
78.9473684210526
80
83.3333333333333
83.3333333333333
83.3333333333333
85.7142857142857
85.7142857142857
85.7142857142857
86.9565217391304
86.9565217391304
88.2352941176471
88.2352941176471
88.2352941176471
90.9090909090909
90.9090909090909
90.9090909090909
90.9090909090909
90.9090909090909
93.75
93.75
93.75
93.75
93.75
95.2380952380952
95.2380952380952
95.2380952380952
95.2380952380952
96.7741935483871
96.7741935483871
96.7741935483871
100
100
103.448275862069
103.448275862069
103.448275862069
105.263157894737
105.263157894737
105.263157894737
105.263157894737
107.142857142857
107.142857142857
107.142857142857
107.142857142857
107.142857142857
111.111111111111
111.111111111111
111.111111111111
111.111111111111
111.111111111111
111.111111111111
111.111111111111
111.111111111111
111.111111111111
115.384615384615
115.384615384615
115.384615384615
115.384615384615
115.384615384615
115.384615384615
115.384615384615
117.647058823529
117.647058823529
117.647058823529
117.647058823529
117.647058823529
120
120
120
125
125
125
125
125
125
130.434782608696
130.434782608696
130.434782608696
130.434782608696
130.434782608696
130.434782608696
130.434782608696
130.434782608696
130.434782608696
130.434782608696
130.434782608696
130.434782608696
130.434782608696
130.434782608696
133.333333333333
133.333333333333
133.333333333333
133.333333333333
136.363636363636
136.363636363636
136.363636363636
136.363636363636
136.363636363636
142.857142857143
142.857142857143
142.857142857143
142.857142857143
142.857142857143
142.857142857143
142.857142857143
142.857142857143
142.857142857143
142.857142857143
142.857142857143
142.857142857143
142.857142857143
142.857142857143
142.857142857143
142.857142857143
142.857142857143
142.857142857143
142.857142857143
142.857142857143
142.857142857143
142.857142857143
142.857142857143
142.857142857143
142.857142857143
142.857142857143
150
150
150
150
150
150
150
150
150
150
150
150
150
150
150
150
150
150
153.846153846154
153.846153846154
153.846153846154
153.846153846154
153.846153846154
153.846153846154
153.846153846154
153.846153846154
153.846153846154
153.846153846154
153.846153846154
153.846153846154
153.846153846154
153.846153846154
153.846153846154
153.846153846154
157.894736842105
157.894736842105
157.894736842105
157.894736842105
157.894736842105
157.894736842105
157.894736842105
157.894736842105
157.894736842105
157.894736842105
157.894736842105
157.894736842105
166.666666666667
166.666666666667
166.666666666667
166.666666666667
166.666666666667
166.666666666667
166.666666666667
166.666666666667
166.666666666667
166.666666666667
166.666666666667
166.666666666667
166.666666666667
166.666666666667
166.666666666667
166.666666666667
166.666666666667
166.666666666667
166.666666666667
166.666666666667
176.470588235294
176.470588235294
176.470588235294
176.470588235294
181.818181818182
181.818181818182
181.818181818182
181.818181818182
187.5
200
200
40.3444765286102
