qps
46.1538461538462
71.4285714285714
66.6666666666667
62.5
0.047856812417248
62.5
1.71232876712329
64.5161290322581
0.191497510532363
1.25234815278648
0.456308464522017
7.72200772200772
1.85873605947955
2.63852242744063
60.6060606060606
2.16919739696312
3.6101083032491
0
0
0
0
0
0
0.92965602726991
5.80270793036751
60.6060606060606
13.4228187919463
0.174398325776073
30.3030303030303
22.9885057471264
3.09597523219814
10.5263157894737
11.1731843575419
16.6666666666667
66.6666666666667
0.010350681074815
0.221320545924013
0.684306569343066
3.57142857142857
0.762388818297332
0.37110341415141
6.72645739910314
0.849136711010473
3.84122919334187
0.450450450450451
55.5555555555556
0.592534070709066
42.2535211267606
0.033869984419807
1.16731517509728
16.3095428042943
