qps
68.1818181818182
100
107.142857142857
57.6923076923077
0.54525627044711
65.2173913043478
17.6470588235294
93.75
1.14068441064639
21.4285714285714
0.010219758881822
107.142857142857
0.485672656629432
93.75
4.88599348534202
17.7514792899408
2.99102691924227
52.6315789473684
1.62249864791779
11.3960113960114
85.7142857142857
41.0958904109589
12.3456790123457
1.41911069063387
32.6086956521739
65.2173913043478
6.2111801242236
3.2626427406199
1.86219739292365
15
13.2743362831858
12.8205128205128
13.6986301369863
96.7741935483871
4.37956204379562
1.86335403726708
18.4049079754601
83.3333333333333
2.35109717868339
83.3333333333333
8.19672131147541
13.0434782608696
0
0
0
0
0
0
6.58978583196046
81.0810810810811
48.3870967741936
81.0810810810811
103.448275862069
41.6666666666667
0.532386867790595
78.9473684210526
17.0940170940171
88.2352941176471
1.04465917994254
19.8675496688742
0.009825885312267
0.399042298483639
58.8235294117647
2.70087778528022
103.448275862069
12.9449838187702
46.1538461538462
1.6366612111293
2.49376558603491
13.5135135135135
63.8297872340426
45.4545454545455
10.2040816326531
1.41509433962264
28.169014084507
53.5714285714286
6.44122383252818
3.44827586206897
14.6341463414634
11.6279069767442
1.67691447736166
76.9230769230769
11.5273775216138
11.4942528735632
22.3880597014925
5.68181818181818
1.77147918511958
2.73972602739726
73.1707317073171
85.7142857142857
7.04225352112676
13.7614678899083
0
0
0
0
0
0
6.59340659340659
66.6666666666667
28.7767042229086
