qps
0
0
0
0
0
0
0
0
0
0
0
0
0
0
0
0
0
0
0
0
0
0
0
0
0
0
0
0
0
0
0
0
0
0
0
0
0
0
0
0
0
0
0
0
0
0
0
0
0
0
0
0
0
0
0
0
0
0
0
0
0
0
0
0
0
0
0
0
0
0
0
0
0
0
0
0
0
0
0
0
0
0
0
0
0
0
0
0
0
0
0
0
0
0
0
0
0
0
0
0
0
0
0
0
0
0
0
0
0
0
0
0
0
0
0
0
0
0
0
0
0
0
0
0
0
0
0
0
0
0
0
0
0
0
0
0
0
0
0
0
0
0
0
0
0
0
0
0
0
0
0
0
0
0
0
0
0
0
0
0
0
0
0
0
0
0
0
0
0
0
0
0
0
0
0
0
0
0
0
0
0
0
0
0
0
0
0
0
0
0
0
0
0
0
0
0
0
0
0
0
0
0
0
0
0
0
0
0
0
0
0
0
0
0
0
0
0
0
0
0
0
0
0.001962731651403
0.001984737369628
0.039551486147092
0.040344542392028
0.04119464469619
0.041636595791928
0.042456234698066
0.043265694630727
0.043533782214999
0.044109214414891
0.044391175034403
0.045184805855951
0.046395100677369
0.046417353901379
0.046798951703482
0.047214353163362
0.048046124279308
0.048343042227647
0.049707965701504
0.051610239471511
0.054092064694109
0.05524353190314
0.062478523007716
0.063185829524632
0.063714558776681
0.063761277776007
0.064040986231188
0.066791343841838
0.067773636055574
0.069041701187517
0.070144263368328
0.070546737213404
0.070743037706039
0.071049640015157
0.071995968225779
0.077855344769419
0.078511423412107
0.08144980655671
0.081621548088695
0.082695885879678
0.084111363445202
0.084224711530363
0.088265148506112
0.089357519435261
0.092387287509239
0.100040016006403
0.10604828732016
0.109942463444131
0.1116777724007
0.111715200714977
0.112015532820551
0.11380880121396
0.115910671509157
0.116550116550117
0.118563016243133
0.121124031007752
0.122404014851687
0.123162821249692
0.125208681135225
0.125649187468588
0.126198889449773
0.127730233746328
0.128227047358523
0.129864508029955
0.130117973629424
0.133538091740669
0.133859848738371
0.134312320916906
0.135808057944771
0.136202669572324
0.139873181648639
0.139892748892516
0.146405739104973
0.146763856954161
0.1478633742422
0.148610491900728
0.149981252343457
0.150116340163627
0.150206533984228
0.150421179302046
0.150678051230537
0.155311658728515
0.15826958586125
0.159498112605667
0.160832037741918
0.161890885543144
0.163916511856628
0.163925468553631
0.164122763827343
0.165617754223253
0.1674574379012
0.167775851462446
0.168482533977311
0.169577751399016
0.170058386712771
0.171399188710507
0.171988763400791
0.173772011121409
0.178528921685313
0.179243592041584
0.180848177954607
0.181148481371898
0.183463796477495
0.184388444990781
0.185482873747991
0.187090739008419
0.187640730547911
0.187687687687688
0.187934598759632
0.192344681669552
0.193810969700885
0.194237617351894
0.195096572803538
0.196014374387455
0.197102591899083
0.200280392549569
0.201551950015116
0.202115475308226
0.204352712782262
0.205789545891069
0.206483584555028
0.206632916623618
0.208145424269756
0.20834780193069
0.209446015289559
0.209981101700847
0.213492741246798
0.215254358900768
0.217643644805572
0.218579234972678
0.220070422535211
0.223863890754421
0.230078993787867
0.231240605850387
0.234329232571763
0.234714235418378
0.235821247494399
0.237586124970302
0.241779497098646
0.244468891333578
0.244588479882597
0.247341083353945
0.251109065037248
0.251677852348993
0.25235531628533
0.253143194667117
0.254841997961264
0.254841997961264
0.256311674996796
0.25722369887679
0.259022621308928
0.259909031838856
0.260179523871471
0.261677351825199
0.261882938326568
0.262008733624454
0.262363898727535
0.263134812735725
0.263620386643234
0.265698343813657
0.266666666666667
0.268997982515131
0.270051309748852
0.27124773960217
0.271480928464775
0.272331154684096
0.27292576419214
0.274499039253363
0.279981334577695
0.280544255856361
0.280714887246187
0.282725473565168
0.283473495228196
0.285551113649343
0.287438919229664
0.287742183004028
0.288933834151979
0.289240262244504
0.290585044556373
0.290697674418605
0.292540224280839
0.295159386068477
0.298240381747689
0.298418382572366
0.299535719634566
0.305623471882641
0.306529069173393
0.308784931295353
0.31055900621118
0.311688311688312
0.31675641431739
0.31675641431739
0.319488817891374
0.32
0.320102432778489
0.320410124959949
0.32071840923669
0.323362974939369
0.324534833405452
0.325097529258778
0.326850792613172
0.327225130890052
0.327439423706614
0.329127811300055
0.330469266358229
0.331180659049511
0.331455087835598
0.331638293168251
0.332005312084993
0.332225913621262
0.333611342785655
0.333667000333667
0.334709360705121
0.33500837520938
0.33500837520938
0.336473755047106
0.337457817772778
0.338696020321761
0.339385711861531
0.341452310493968
0.343563902885937
0.343760742523204
0.344293337923911
0.345960906417575
0.346380325597506
0.352050695300123
0.353731871241599
0.355366027007818
0.355745286374956
0.356167636234121
0.356887937187723
0.357483317445186
0.357952511633457
0.359582883854728
0.359755366350881
0.360533589712775
0.36094567767551
0.367692119132247
0.372809742761277
0.373412994772218
0.374251497005988
0.375234521575985
0.375798571965426
0.377073906485671
0.380228136882129
0.381970970206264
0.390396252195979
0.390472471690746
0.391466040321002
0.392079984316801
0.39390756302521
0.394684909880279
0.394996708360764
0.395621785572992
0.395882818685669
0.395987328405491
0.402144772117963
0.403009134873724
0.403659849300323
0.404639870515241
0.4057343792264
0.406669377795852
0.410172272354389
0.412031314379893
0.41211621677313
0.413450937155458
0.41522491349481
0.416031063652753
0.417594654788419
0.418118466898955
0.418672807201172
0.41993281075028
0.420875420875421
0.422208148617268
0.423668973308855
0.426075841499787
0.426439232409382
0.427076660260517
0.427350427350427
0.429307384087006
0.429922613929493
0.429984233911423
0.430045871559633
0.430539609644087
0.431096421899698
0.431654676258993
0.432525951557093
0.433400751227969
0.434467776973208
0.434467776973208
0.435983141985177
0.437924239106634
0.441403663650408
0.441436138905238
0.441501103752759
0.442771751162276
0.443754160195252
0.443852640923214
0.447293872073953
0.449572905739547
0.449707690001499
0.451569202980357
0.452625226312613
0.455650060753341
0.455996352029184
0.459136822773186
0.459664444955183
0.460263884627186
0.460900291903518
0.462036038811027
0.46264168401573
0.463248919085855
0.463750193229247
0.465116279069767
0.465621604842465
0.470809792843691
0.473372781065089
0.473634354278497
0.474833808167142
0.476341695776437
0.476947535771065
0.47808764940239
0.479539641943734
0.480923372875922
0.48185030517186
0.48344210780759
0.48433968356474
0.485436893203883
0.485554746297645
0.486223662884927
0.486499635125274
0.48661800486618
0.486854917234664
0.48721071863581
0.491279783836895
0.495294700346706
0.496031746031746
0.496154800297693
0.49862877088008
0.498919008814236
0.499750124937531
0.501127536958156
0.503524672708963
0.505561172901921
0.505561172901921
0.50709939148073
0.507356671740233
0.510464522715671
0.511116790186558
0.511770726714432
0.512820512820513
0.512908189434091
0.513083632632119
0.513698630136986
0.51413881748072
0.516528925619835
0.518672199170125
0.519570488396259
0.51975051975052
0.520201144442518
0.520426749934947
0.522602560752548
0.523925951798812
0.524017467248908
0.52530204867799
0.527611677805135
0.527797325826882
0.529380624669137
0.530503978779841
0.530926466684364
0.531820599184542
0.53276505061268
0.53276505061268
0.534283170080142
0.534473543559594
0.535045478865704
0.536097212294496
0.536480686695279
0.536480686695279
0.537923614846692
0.53850296176629
0.53850296176629
0.538889886833124
0.539568345323741
0.539956803455724
0.540248514316586
0.542691751085384
0.545058139534884
0.545553737043099
0.545950864422202
0.546846518410499
0.547145723144264
0.547795124623391
0.549148819330038
0.549249359209081
0.550206327372765
0.5507618872774
0.550812448361333
0.552282768777614
0.552333609500138
0.555247084952804
0.558191459670667
0.559910414333707
0.560695262125035
0.563221627710504
0.564334085778781
0.568828213879408
0.56980056980057
0.570450656018254
0.57191878753217
0.573284922606536
0.573394495412844
0.574382538770821
0.574602566558131
0.575263662511985
0.575815738963532
0.577867668303958
0.579150579150579
0.58027079303675
0.582241630276565
0.584567420109119
0.585023400936037
0.590551181102362
0.591016548463357
0.592300098716683
0.595238095238095
0.595710881652105
0.598086124401914
0.598623166716552
0.598802395209581
0.600961538461538
0.604960677555959
0.605143721633888
0.606305578011318
0.607348921955663
0.607533414337789
0.607533414337789
0.60790273556231
0.611122428193115
0.614502253174928
0.61633281972265
0.617538081515027
0.61970667217517
0.620539869686627
0.622019489944018
0.626435581541031
0.6265664160401
0.629722921914358
0.62992125984252
0.632244467860906
0.63626723223754
0.638297872340425
0.638705556738344
0.641573994867408
0.643638704140742
0.64419153961778
0.644883920894239
0.645577792123951
0.648718780408693
0.649772579597141
0.650406504065041
0.650900412236928
0.656383327863472
0.657462195923734
0.658327847267939
0.659413122321134
0.66006600660066
0.660938532716457
0.661375661375661
0.662690523525514
0.66283694211224
0.664746288499889
0.669344042838019
0.670241286863271
0.670990829791993
0.673627484001347
0.674612098043625
0.677353804470535
0.677506775067751
0.679501698754247
0.680272108843537
0.680503572643756
0.680580762250454
0.68259385665529
0.689179875947622
0.691562932226833
0.692201199815413
0.693721817551162
0.697350069735007
0.698812019566737
0.699545295557887
0.699790062981106
0.700035001750087
0.700280112044818
0.701262272089762
0.703729767769177
0.704473406128919
0.712419852766564
0.715819613457409
0.716845878136201
0.720288115246099
0.726216412490922
0.731528895391368
0.731528895391368
0.734394124847001
0.735294117647059
0.736377025036819
0.73764445537251
0.739371534195934
0.74220682830282
0.745341614906832
0.74794315632012
0.748876684972541
0.752823086574655
0.754906894816306
0.757575757575758
0.758725341426404
0.759878419452888
0.762970498474059
0.766675185279836
0.772598506309554
0.774993541720486
0.775494377665762
0.779423226812159
0.781860828772478
0.783085356303837
0.78781512605042
0.791139240506329
0.792602377807133
0.796178343949045
0.805152979066023
0.807102502017756
0.809279741030483
0.813228517213337
0.818330605564648
0.822368421052632
0.823497117760088
0.825082508250825
0.826218672541999
0.826446280991735
0.828729281767956
0.834028356964137
0.834028356964137
0.834724540901502
0.836120401337793
0.836820083682008
0.838222967309304
0.839278220730172
0.841042893187552
0.841987089531294
0.846023688663283
0.847816871555744
0.848176420695505
0.850340136054422
0.852999715666761
0.854214123006834
0.855431993156544
0.855675984027382
0.85665334094803
0.857632933104631
0.859352621025494
0.859845227858985
0.861821315713875
0.863060989643268
0.863060989643268
0.864553314121037
0.864553314121037
0.865800865800866
0.866926744690074
0.869565217391304
0.870827285921626
0.871333139703747
0.871459694989107
0.872854233343032
0.874125874125874
0.876808417360807
0.877706260971328
0.878220140515222
0.888888888888889
0.89126559714795
0.89126559714795
0.898069151324652
0.898741761533852
0.899011087803416
0.899820035992801
0.900900900900901
0.907715582450832
0.911992704058368
0.91491308325709
0.922509225092251
0.931532370749884
0.931966449207829
0.935016362786349
0.936768149882904
0.93764650726676
0.938526513374003
0.940733772342427
0.941619585687382
0.941619585687382
0.944733112895607
0.947867298578199
0.955718381650207
0.956022944550669
0.96370061034372
0.966494845360825
0.967117988394584
0.967585873246251
0.97323600973236
0.974658869395711
0.9765625
0.979911807937286
0.981996726677578
0.983606557377049
0.990752972258917
0.997008973080758
1
1.001001001001
1.00468854655057
1.00603621730382
1.00806451612903
1.01010101010101
1.01902173913044
1.02040816326531
1.0230179028133
1.02406554019457
1.02406554019457
1.02564102564103
1.02616726526424
1.02722136620442
1.02827763496144
1.02933607822954
1.03145951521403
1.03626943005181
1.0443864229765
1.04931794333683
1.05005250262513
1.05042016806723
1.05652403592182
1.06269925611052
1.06382978723404
1.06609808102345
1.06894708711919
1.07066381156317
1.07411385606874
1.07584722969338
1.07816711590297
1.08225108225108
1.08774474256708
1.09130592942888
1.09449106165633
1.09489051094891
1.09930377427629
1.10132158590308
1.10314396028682
1.11275964391691
1.11607142857143
1.11607142857143
1.11815132314573
1.12422709387296
1.12422709387296
1.12443778110945
1.12612612612613
1.13036925395629
1.13442994895065
1.14220445459737
1.14329268292683
1.15008625646924
1.15251632731464
1.15562403697997
1.15696104897802
1.16959064327485
1.17141741507224
1.17164616285882
1.17600940807527
1.17739403453689
1.18063754427391
1.19379228014326
1.21654501216545
1.21852152721365
1.21852152721365
1.2202562538133
1.22100122100122
1.23711340206186
1.23711340206186
1.23813454395378
1.24069478908189
1.25156445556946
1.25707102451288
1.26262626262626
1.26903553299492
1.26957257723233
1.27064803049555
1.27713920817369
1.28150363092695
1.28783000643915
1.28865979381443
1.292546316243
1.29366106080207
1.29813933362181
1.30151843817787
1.30208333333333
1.31521262604121
1.31694468832309
1.32100396301189
1.32450331125828
1.32684652808492
1.37362637362637
1.37425561154375
1.38568129330254
1.38792505204719
1.3986013986014
1.39925373134328
1.40449438202247
1.41911069063387
1.41911069063387
1.42585551330799
1.43884892086331
1.44092219020173
1.44161460836137
1.44857556735876
1.45843461351483
1.4591439688716
1.45985401459854
1.46056475170399
1.46412884333821
1.47167034584253
1.47383935151068
1.48698884758364
1.49179512680259
1.50375939849624
1.50451354062187
1.50526843953838
1.52322924600152
1.53217568947906
1.55038759689923
1.56087408949012
1.56087408949012
1.5625
1.56372165754496
1.56903765690377
1.57604412923562
1.57894736842105
1.58102766798419
1.58144438587243
1.58394931362196
1.58646218931782
1.60513643659711
1.61030595813205
1.62249864791779
1.62513542795233
1.63220892274211
1.63487738419619
1.64654226125137
1.65198237885463
1.6629711751663
1.66852057842047
1.68067226890756
1.68776371308017
1.69635284139101
1.70261066969353
1.70648464163823
1.73510699826489
1.74317257408483
1.75029171528588
1.75849941383353
1.77777777777778
1.78147268408551
1.78359096313912
1.78997613365155
1.79372197309417
1.79425837320574
1.81159420289855
1.82149362477231
1.82648401826484
1.8348623853211
1.8359853121175
1.83823529411765
1.83936235438381
1.8450184501845
1.84729064039409
1.85528756957328
1.8598884066956
1.86567164179105
1.86799501867995
1.8796992481203
1.88679245283019
1.89274447949527
1.89274447949527
1.89393939393939
1.89633375474083
1.89873417721519
1.90476190476191
1.90657769304099
1.91815856777494
1.93298969072165
1.93423597678917
1.93798449612403
1.94300518134715
1.94300518134715
1.94300518134715
1.95058517555267
1.96463654223969
1.96850393700787
1.9704433497537
1.97433366238894
1.97498354180382
1.98019801980198
1.98150594451783
1.98281559814937
1.99468085106383
2.01477501678979
2.01477501678979
2.02429149797571
2.02839756592292
2.03458799593082
2.03665987780041
2.03665987780041
2.03804347826087
2.04498977505112
2.04778156996587
2.04918032786885
2.06185567010309
2.06327372764787
2.06398348813209
2.06753962784287
2.06896551724138
2.06896551724138
2.07182320441989
2.07612456747405
2.07684319833852
2.07900207900208
2.08116545265349
2.08478109798471
2.08623087621697
2.08768267223382
2.09205020920502
2.09351011863224
2.10526315789474
2.10822206605763
2.11864406779661
2.11864406779661
2.12464589235128
2.13068181818182
2.1551724137931
2.15672178289001
2.19619326500732
2.21975582685904
2.22469410456062
2.23214285714286
2.24466891133558
2.25394440270473
2.25563909774436
2.25563909774436
2.26415094339623
2.26928895612708
2.29357798165138
2.3121387283237
2.31481481481481
2.33644859813084
2.34192037470726
2.34741784037559
2.38284352660842
2.39043824701195
2.39425379090184
2.41157556270096
2.41254523522316
2.41351568785197
2.46609124537608
2.4671052631579
2.48550124275062
2.4906600249066
2.52525252525252
2.5273799494524
2.55972696245734
2.60756192959583
2.63504611330698
2.69784172661871
2.7027027027027
2.72232304900182
2.78164116828929
2.81425891181989
2.85714285714286
2.88461538461538
2.8873917228104
3.04878048780488
3.23275862068965
3.26086956521739
3.28947368421053
3.29489291598023
3.32963374028857
3.33889816360601
3.34075723830735
3.34448160535117
3.37837837837838
3.41880341880342
3.46820809248555
3.52941176470588
3.55029585798817
3.68324125230203
3.69913686806412
3.71287128712871
3.74531835205992
3.74531835205992
3.84122919334187
3.84615384615385
3.85109114249037
3.96825396825397
4
4.09276944065484
4.13223140495868
4.149377593361
4.24929178470255
4.26439232409382
4.29184549356223
4.3956043956044
4.3956043956044
4.43786982248521
4.4543429844098
4.45765230312036
4.60829493087558
4.6583850931677
4.68384074941452
4.74683544303797
4.76190476190476
4.78468899521531
4.79233226837061
4.81927710843374
4.86223662884927
4.88997555012225
4.95049504950495
4.98753117206983
5
5.05902192242833
5.23560209424084
5.249343832021
5.30503978779841
5.33333333333333
5.43478260869565
5.44464609800363
5.44959128065395
5.47945205479452
5.48446069469835
5.4945054945055
5.55555555555556
5.56586270871985
5.57103064066852
5.63380281690141
5.6657223796034
5.6980056980057
5.78034682080925
5.81395348837209
5.95238095238095
6.00600600600601
6.02409638554217
6.0790273556231
6.2111801242236
6.26304801670146
6.28930817610063
6.36942675159236
6.39658848614073
6.45161290322581
6.47249190938511
6.55021834061135
6.6006600660066
6.66666666666667
6.87285223367698
6.94444444444444
6.96864111498258
6.99300699300699
7.40740740740741
7.44416873449131
7.46268656716418
7.66283524904215
7.69230769230769
7.75193798449612
7.84313725490196
7.90513833992095
7.9155672823219
7.97872340425532
8.10810810810811
8.13008130081301
8.33333333333333
8.59598853868195
8.65800865800866
8.79765395894428
9.47867298578199
9.85221674876847
9.85221674876847
9.9502487562189
10
10.0502512562814
10.0502512562814
10.2040816326531
10.3092783505155
10.3626943005181
10.6382978723404
10.7913669064748
10.8695652173913
11.4285714285714
11.4942528735632
11.9047619047619
12.1951219512195
12.2699386503068
12.4223602484472
12.7388535031847
13.1578947368421
13.215859030837
13.2743362831858
13.3928571428571
13.6986301369863
14.4230769230769
14.4230769230769
14.8514851485149
14.9253731343284
15.0753768844221
15.1515151515152
15.4639175257732
15.625
15.625
15.8730158730159
16.1290322580645
16.3934426229508
17.1428571428571
17.4418604651163
17.6470588235294
17.6470588235294
18.0722891566265
18.348623853211
18.4049079754601
18.5185185185185
18.5185185185185
19.1082802547771
19.1082802547771
19.3548387096774
19.4805194805195
19.6078431372549
19.7368421052632
20
20
20.979020979021
20.979020979021
21.1267605633803
21.2765957446808
21.2765957446808
21.2765957446808
21.505376344086
21.7391304347826
22.2222222222222
22.4719101123595
22.9885057471264
23.2558139534884
23.5294117647059
23.8095238095238
24.0963855421687
24.1935483870968
24.390243902439
24.5901639344262
24.5901639344262
25
25
25
25.2100840336135
25.3164556962025
26.3157894736842
26.3157894736842
26.6666666666667
27.027027027027
27.2727272727273
27.2727272727273
27.3972602739726
27.5229357798165
27.7777777777778
27.7777777777778
28.3018867924528
28.8461538461538
29.126213592233
29.7029702970297
30
30
30.7692307692308
30.9278350515464
31.25
31.25
31.25
32.258064516129
32.258064516129
32.7868852459016
32.7868852459016
32.7868852459016
32.967032967033
32.967032967033
33.8983050847458
33.8983050847458
33.8983050847458
34.0909090909091
34.4827586206897
34.4827586206897
35.7142857142857
35.7142857142857
35.7142857142857
36.3636363636364
36.5853658536585
36.5853658536585
36.5853658536585
36.5853658536585
37.037037037037
37.037037037037
37.037037037037
38.4615384615385
38.4615384615385
38.4615384615385
39.4736842105263
39.4736842105263
39.4736842105263
39.4736842105263
39.4736842105263
40
40.5405405405405
40.5405405405405
40.8163265306122
41.0958904109589
41.0958904109589
41.6666666666667
41.6666666666667
41.6666666666667
41.6666666666667
41.6666666666667
42.5531914893617
42.8571428571429
42.8571428571429
43.4782608695652
43.4782608695652
44.1176470588235
44.1176470588235
44.4444444444444
45.4545454545455
45.4545454545455
45.4545454545455
45.4545454545455
45.4545454545455
45.4545454545455
46.1538461538462
46.5116279069768
46.5116279069768
47.6190476190476
48.7804878048781
48.7804878048781
49.1803278688525
50
50
50
50
50
50
50.8474576271186
51.2820512820513
51.2820512820513
51.2820512820513
51.7241379310345
52.6315789473684
52.6315789473684
52.6315789473684
52.6315789473684
52.6315789473684
52.6315789473684
53.5714285714286
53.5714285714286
53.5714285714286
54.0540540540541
54.5454545454546
54.5454545454546
54.5454545454546
54.5454545454546
55.5555555555556
55.5555555555556
55.5555555555556
55.5555555555556
55.5555555555556
55.5555555555556
55.5555555555556
55.5555555555556
55.5555555555556
55.5555555555556
55.5555555555556
56.6037735849057
56.6037735849057
57.1428571428571
57.1428571428571
57.1428571428571
58.8235294117647
58.8235294117647
60
60.6060606060606
60.6060606060606
60.6060606060606
60.6060606060606
60.6060606060606
61.2244897959184
62.5
62.5
62.5
62.5
62.5
63.8297872340426
63.8297872340426
64.5161290322581
64.5161290322581
64.5161290322581
64.5161290322581
66.6666666666667
66.6666666666667
66.6666666666667
66.6666666666667
66.6666666666667
68.1818181818182
68.9655172413793
68.9655172413793
69.7674418604651
69.7674418604651
71.4285714285714
71.4285714285714
71.4285714285714
71.4285714285714
71.4285714285714
71.4285714285714
71.4285714285714
73.1707317073171
73.1707317073171
74.0740740740741
74.0740740740741
75
76.9230769230769
76.9230769230769
76.9230769230769
76.9230769230769
76.9230769230769
78.9473684210526
78.9473684210526
78.9473684210526
78.9473684210526
80
80
83.3333333333333
83.3333333333333
83.3333333333333
83.3333333333333
85.7142857142857
85.7142857142857
86.9565217391304
86.9565217391304
88.2352941176471
88.2352941176471
88.2352941176471
88.2352941176471
90.9090909090909
90.9090909090909
90.9090909090909
90.9090909090909
90.9090909090909
90.9090909090909
90.9090909090909
90.9090909090909
90.9090909090909
90.9090909090909
93.75
93.75
93.75
93.75
95.2380952380952
95.2380952380952
96.7741935483871
96.7741935483871
96.7741935483871
100
100
100
103.448275862069
103.448275862069
103.448275862069
103.448275862069
103.448275862069
105.263157894737
105.263157894737
105.263157894737
105.263157894737
105.263157894737
105.263157894737
107.142857142857
107.142857142857
111.111111111111
111.111111111111
111.111111111111
111.111111111111
115.384615384615
115.384615384615
115.384615384615
117.647058823529
117.647058823529
117.647058823529
117.647058823529
120
120
120
125
125
125
125
125
125
125
125
130.434782608696
130.434782608696
130.434782608696
133.333333333333
133.333333333333
133.333333333333
136.363636363636
136.363636363636
142.857142857143
142.857142857143
142.857142857143
142.857142857143
142.857142857143
142.857142857143
142.857142857143
142.857142857143
142.857142857143
142.857142857143
142.857142857143
142.857142857143
142.857142857143
142.857142857143
150
150
150
153.846153846154
153.846153846154
153.846153846154
153.846153846154
153.846153846154
153.846153846154
153.846153846154
153.846153846154
153.846153846154
153.846153846154
153.846153846154
153.846153846154
153.846153846154
153.846153846154
157.894736842105
157.894736842105
157.894736842105
157.894736842105
157.894736842105
166.666666666667
166.666666666667
166.666666666667
166.666666666667
166.666666666667
166.666666666667
166.666666666667
166.666666666667
166.666666666667
166.666666666667
166.666666666667
166.666666666667
166.666666666667
166.666666666667
166.666666666667
181.818181818182
181.818181818182
181.818181818182
181.818181818182
181.818181818182
200
200
200
18.2336058348627
