qps
0
0
0
0
0
0
0
0
0
0
0
0
0
0
0
0
0
0
0
0
0
0
0
0
0.007374957593994
0.007430414171286
0.007545632210795
0.007548290186468
0.335570469798658
0.335946248600224
0.35799522673031
0.360576923076923
0.479080166081124
0.504159314343332
0.534854697807096
0.538213132400431
0.916590284142988
0.91715071843473
0.986193293885602
0.999666777740753
1.16913484021824
1.25891733109526
1.31348511383538
1.31406044678055
1.31810193321617
1.40515222482436
1.4058106841612
1.59066808059385
1.6
1.60342063067878
1.68539325842697
1.69971671388102
1.71232876712329
1.71526586620926
1.73761946133797
1.80505415162455
1.81708055723804
2.4174053182917
2.42522231204527
2.42718446601942
2.46305418719212
2.49584026622296
2.63388937664618
2.93685756240822
3.125
3.36700336700337
3.67647058823529
3.67647058823529
3.91134289439374
4.04858299595142
4.12654745529574
4.62962962962963
4.83091787439614
5.03355704697987
5.10204081632653
5.51470588235294
5.79150579150579
5.98802395209581
6.17283950617284
6.34249471458774
6.66666666666667
6.89655172413793
7.15990453460621
7.2992700729927
7.6530612244898
7.9155672823219
7.93650793650794
8.10810810810811
8.37988826815642
8.47457627118644
8.52272727272727
9.1743119266055
9.23076923076923
9.58466453674121
10.6382978723404
10.7142857142857
10.8303249097473
10.8303249097473
11.6279069767442
11.7647058823529
11.8343195266272
12.1457489878543
12.6050420168067
12.8205128205128
13.2743362831858
13.3333333333333
13.3333333333333
13.3333333333333
13.3333333333333
13.3928571428571
13.5746606334842
14.6341463414634
14.8514851485149
14.9253731343284
15.0753768844221
15.1515151515152
15.5440414507772
15.625
15.7068062827225
15.8730158730159
15.9574468085106
17.2413793103448
17.2413793103448
17.3410404624277
17.6470588235294
17.6991150442478
17.9640718562874
17.9640718562874
18.2926829268293
19.8675496688742
20.1342281879195
20.1342281879195
21.8978102189781
22.3880597014925
22.4719101123595
22.7272727272727
26.7857142857143
31.25
31.5789473684211
33.3333333333333
39.4736842105263
61.2244897959184
65.2173913043478
68.1818181818182
69.7674418604651
69.7674418604651
69.7674418604651
71.4285714285714
71.4285714285714
73.1707317073171
73.1707317073171
78.9473684210526
78.9473684210526
81.0810810810811
83.3333333333333
85.7142857142857
88.2352941176471
88.2352941176471
90.9090909090909
90.9090909090909
90.9090909090909
93.75
93.75
95.2380952380952
96.7741935483871
100
103.448275862069
111.111111111111
111.111111111111
111.111111111111
111.111111111111
115.384615384615
115.384615384615
120
125
125
125
125
130.434782608696
130.434782608696
130.434782608696
130.434782608696
130.434782608696
130.434782608696
133.333333333333
133.333333333333
136.363636363636
136.363636363636
136.363636363636
142.857142857143
142.857142857143
142.857142857143
142.857142857143
142.857142857143
142.857142857143
150
150
150
153.846153846154
153.846153846154
37.7873613755524
