qps
0
0
0
0
0
0
0
0
0
0
0
0
0
0
0
0
0
0
0
0
0
0
0
0
0
0
0
0
0
0
0
0
0
0
0
0
0
0
0
0
0
0
0
0
0
0
0
0
0
0
0
0
0
0
0
0
0
0
0
0
0
0
0
0
0
0
0
0
0
0
0
0
0
0
0
0
0
0
0
0
0
0
0
0
0
0
0
0
0
0
0
0
0
0
0
0
0
0
0
0
0
0
0
0
0
0
0
0
0
0
0
0
0
0
0
0
0
0
0
0
0
0
0
0
0
0
0
0
0
0
0
0
0
0
0
0
0
0
0
0
0
0
0
0
0
0
0
0
0
0
0
0
0
0
0
0
0
0
0
0
0
0
0
0
0
0
0
0
0
0
0
0
0
0
0
0
0
0
0
0
0
0
0
0
0
0
0
0
0
0
0
0
0
0
0
0
0
0
0
0
0
0
0
0
0
0
0
0
0
0
0
0
0
0
0
0
0
0
0
0
0
0
0
0
0
0
0
0
0
0
0
0
0
0
0
0
0
0
0
0
0
0
0
0
0
0
0
0
0
0
0
0
0
0
0
0
0
0
0
0
0
0
0
0
0
0
0
0
0
0
0
0
0
0
0
0
0
0
0
0
0
0
0
0
0
0
0
0
0
0
0
0
0
0
0
0
0
0
0
0
0
0
0
0
0
0
0
0
0
0
0
0
0
0
0
0
0
0
0
0
0
0
0
0
0
0
0
0
0
0
0
0
0
0
0
0
0
0
0
0
0
0
0
0
0
0
0
0
0
0
0
0
0
0
0
0
0
0
0
0
0
0
0
0
0
0
0
0
0
0
0
0
0
0
0
0
0
0
0
0
0
0
0
0
0
0
0
0
0
0
0
0
0
0
0
0
0
0
0
0
0
0
0
0
0
0
0
0
0
0
0
0
0
0
0
0
0
0
0
0
0
0
0
0
0
0
0
0
0
0
0
0
0
0
0
0
0
0
0
0
0
0
0
0
0
0
0
0
0.018641587517593
0.019203318333408
0.019458912506243
0.019911856847024
0.021339934486401
0.021564737341499
0.021725433965544
0.021900048180106
0.02198937912988
0.022123649074678
0.022310970304099
0.022785271600438
0.023066454455286
0.023220982479769
0.023309751634596
0.023644015699627
0.023908002008272
0.024051180912983
0.024097934003792
0.024102967878778
0.024191792531187
0.024229697532609
0.024345511499197
0.024406912037489
0.024709050925354
0.024820259950856
0.024915081098589
0.025124155200281
0.025504131669331
0.025716196060279
0.025730974088909
0.025754831177082
0.025815112166662
0.025851371846133
0.025895778124973
0.026388473514769
0.026437308329515
0.02660399946792
0.026665244520292
0.026920074299405
0.027472527472528
0.027529755076946
0.02756516865289
0.027759271596713
0.028422817838161
0.028543971988849
0.028871416335447
0.028936301554844
0.028993490961279
0.029025469849793
0.0293405706741
0.029491130542489
0.029517245450655
0.02954253386313
0.029757771738052
0.029911909426738
0.030083330826389
0.030102650036625
0.03015681544029
0.030451133543446
0.030459017392099
0.030545543405217
0.030797659377887
0.030961669453217
0.031036623215394
0.031058794297605
0.031060723714863
0.031137774271895
0.031342067322761
0.031556691596453
0.031588091289584
0.031607560528479
0.03166627963436
0.031770237641378
0.032133331905185
0.032154340836013
0.032388663967611
0.033148438708537
0.033312790445892
0.033407386373127
0.033674946961959
0.034076194370613
0.034624240430726
0.034766485108356
0.034940600978337
0.035020749794253
0.035185663015177
0.035280835450184
0.035561877667141
0.036439164814343
0.036679300648001
0.036771465342894
0.037239786988419
0.037454586314094
0.037982376177454
0.038203663731352
0.038254083623427
0.039120569595493
0.0391466040321
0.039159889830177
0.039288099634621
0.039516320240259
0.039564265555351
0.040149355602843
0.040235781680649
0.041124339440298
0.041283930230158
0.041434461041248
0.042417215733959
0.042571306939123
0.042810051800163
0.042838477520509
0.043444890156836
0.043592612505268
0.043798177995795
0.04382889200561
0.043870231854175
0.044016021831947
0.044093654923057
0.04418327221314
0.04573728503476
0.046207517963173
0.046479200557751
0.046590723786894
0.046654121891669
0.046826344501417
0.047464599319674
0.047763475270461
0.048555474629765
0.049013601274354
0.049240061714211
0.049341293728722
0.049574895273034
0.049798316816892
0.050055060566623
0.05127416294929
0.051683593043388
0.051770552909505
0.052742616033755
0.053830004844701
0.054081338332853
0.054963174672969
0.054973750034359
0.055230310394345
0.055550926311696
0.055695826526066
0.056922755820352
0.057736720554273
0.058609776110655
0.058730251952781
0.059189109203907
0.059366558817418
0.059385949284399
0.059690801647466
0.060137715368193
0.060228869704879
0.06128577557149
0.061667488899852
0.062274255822643
0.062535176036521
0.062814070351759
0.06347392808404
0.063540475282755
0.064036885245902
0.06418073294397
0.06433557435584
0.064345923685735
0.065582371458552
0.066454013822435
0.066780192994758
0.066804729774868
0.067033114358493
0.06725628005515
0.068212824010914
0.069051236017125
0.069218522876722
0.06924728204418
0.071581961345741
0.072130989877618
0.072764316379248
0.073262756877541
0.074847498222372
0.07556865412227
0.076042736017642
0.076273771992271
0.076754806769774
0.077199212568032
0.077345502359038
0.078433423096029
0.078468298807282
0.078488828423421
0.079261284825427
0.07971515119307
0.07981058288329
0.080202109315475
0.080994613858179
0.08144980655671
0.08194706219782
0.082372322899506
0.08247762794342
0.083226987737891
0.083232760414499
0.083298625572678
0.083958356655099
0.084656084656085
0.084678785141696
0.08585533376261
0.086206896551724
0.086210612526402
0.086415485655029
0.086477760802514
0.086828167057394
0.087012007657057
0.08781944322473
0.087927547700695
0.088778409090909
0.088786291396608
0.088962694976573
0.090411825866823
0.090645395213923
0.090867787369378
0.091296409007912
0.091709464416728
0.092185723504287
0.09275003864585
0.092760076063262
0.092942561496995
0.093318402388951
0.093357606310974
0.094126506024096
0.094301071888851
0.094562647754137
0.094583517245728
0.094616330778692
0.094827177469063
0.095174645474446
0.095507943077266
0.095648015303683
0.09604302727622
0.096946194861852
0.097121952798731
0.098241477551822
0.098554533508541
0.098960910440376
0.099130951987576
0.09918994875186
0.099628055260361
0.099770527786092
0.099850224663006
0.100033344448149
0.10016694490818
0.10074890015784
0.100789517890139
0.102445021171971
0.105167215873238
0.105626364340539
0.105678455685501
0.105797714769361
0.106037042273434
0.106890900021378
0.107169649555246
0.107457554266065
0.108061378863194
0.108236822166901
0.108754758020663
0.108950264204391
0.109035400159919
0.109465080639276
0.109727327590936
0.109849871841816
0.110140245245613
0.110393553016504
0.110717449069973
0.11075423634954
0.11101243339254
0.111263583429144
0.111625830217112
0.112498593767578
0.112943302462164
0.112956060092624
0.113385112534724
0.113417262107293
0.113817436831323
0.114740304444274
0.11516093741003
0.115754138210441
0.116076610562972
0.116396368433305
0.116459627329193
0.116516166618118
0.116740602381508
0.11692487576732
0.117171480461656
0.117267663441806
0.117529529294235
0.117822637656115
0.118086990749852
0.11839924224485
0.118455342335939
0.118729593351143
0.118757793480197
0.118814233945227
0.118844828269223
0.119161105815062
0.119222668203314
0.119381603294932
0.119746138187044
0.119755698375314
0.119774823332136
0.119995200191992
0.120307988450433
0.120899492222133
0.120904364647564
0.12169891687964
0.1220703125
0.122137404580153
0.122139890888364
0.122174709835064
0.12227928588897
0.122346607940295
0.122503981379395
0.122804863072578
0.1230012300123
0.12386968908708
0.124231318715448
0.124478745254248
0.124584717607973
0.124664962912173
0.124724566582131
0.124921923797627
0.124953142571536
0.125557159897043
0.125722906713603
0.126193580953182
0.126646403242148
0.126815040263775
0.126941141624
0.126946513202437
0.126989502201151
0.127950866867123
0.128238009746089
0.128279135398627
0.128518185323223
0.128807883042442
0.129407958589453
0.129853265809635
0.130576713819369
0.130770236694128
0.130941469163284
0.131190554280092
0.131434830230011
0.131613582521716
0.131688687941706
0.132030631106417
0.13214403700033
0.13235683402453
0.132438636764966
0.132511760418737
0.132740426096768
0.13294336612603
0.132987565662611
0.133226751931788
0.133256340780882
0.133457894034432
0.133564845732603
0.133594584966156
0.133636242148871
0.13412017167382
0.134381509104347
0.134444743210541
0.13457139012246
0.134583464178368
0.134825401105568
0.134825401105568
0.134958837554546
0.135080372821829
0.135171668018383
0.135336310732169
0.135676005698392
0.136017410228509
0.136196486130658
0.136360537260517
0.136674259681093
0.136770840456815
0.136892539356605
0.136948781155848
0.137249519626681
0.137447598103223
0.138217000691085
0.138341287957391
0.138600138600139
0.138677021217584
0.139262835391329
0.139285465561669
0.139421401185082
0.139625802848366
0.139749382773559
0.139814512746423
0.140272127928181
0.140331181588549
0.140554722638681
0.140706345856198
0.140745953553835
0.140805406927626
0.141163184641446
0.141422712487626
0.141522785168412
0.141596261858687
0.141833912488476
0.141924496168039
0.142166619277794
0.142660136002663
0.142694063926941
0.143092222937683
0.143482315804577
0.143492610130578
0.144016129806538
0.144581797151739
0.144620131122252
0.145296040682891
0.145465124736344
0.145687645687646
0.145708873670406
0.146035145791754
0.146081367321598
0.146220207632695
0.146252285191956
0.146348602370847
0.146380736295104
0.146832097496513
0.147326032509945
0.147481749133545
0.147536146355857
0.147557916482219
0.147994672191801
0.148621535260459
0.148853825543317
0.149179512680259
0.149376353723206
0.149820215741111
0.149895073448586
0.150172698603394
0.150262960180315
0.150966183574879
0.151217299259035
0.151324085750315
0.151392813887767
0.151469251741896
0.151549594604834
0.151668351870576
0.152439024390244
0.152473888846535
0.152617388207763
0.153170632084142
0.153244962071872
0.154004106776181
0.154083204930662
0.154392465647676
0.154846701765252
0.155050779130165
0.155287540762979
0.155460551884959
0.155633948952065
0.156071168452814
0.156764383132152
0.156985871271586
0.157059839798963
0.157125648143299
0.157224464126618
0.157571301013709
0.157712122805173
0.157778479015462
0.158503724837534
0.158616860972321
0.158931977113795
0.15914275104769
0.159197643874871
0.16121231662099
0.161281651524112
0.161524794055888
0.161668418074529
0.161917098445596
0.161943319838057
0.16210958608019
0.162170928158279
0.162232316677482
0.162346447318578
0.163701844374113
0.164113785557987
0.164190132173056
0.16432503491907
0.165248285549037
0.165608611647806
0.166002656042497
0.166306336271412
0.166861338227933
0.167121608824021
0.167266036631262
0.167280026764804
0.167350012551251
0.16735468035256
0.167438745325668
0.167490159953103
0.167532249958117
0.167743017696888
0.168010752688172
0.168053104781111
0.168081351374065
0.168236877523553
0.168918918918919
0.16898552357348
0.169223826714801
0.16926201760325
0.16926201760325
0.169548999660902
0.169635284139101
0.169673660992025
0.169764875647229
0.170198280997362
0.17025623563463
0.170794192997438
0.170881749829118
0.170954782460039
0.170998632010944
0.171174255391989
0.171203561034069
0.17164435290079
0.171870524205099
0.171978903921119
0.172280127487294
0.173250173250173
0.173651308173188
0.174079554356341
0.174398325776073
0.174662319515603
0.175141572771324
0.175223409847556
0.175418079756754
0.175901495162709
0.175973721257626
0.176025347650062
0.177210703526493
0.177210703526493
0.177367860943597
0.177509541137836
0.1778304682869
0.178141979157388
0.178497054798596
0.178810907465355
0.178944229048613
0.17950098725543
0.179807605861728
0.179985601151908
0.180163949193766
0.180391449445296
0.180831826401447
0.180946349407401
0.181170360529017
0.181785129976368
0.182000182000182
0.182049881667577
0.182138303685265
0.182359734970519
0.183150183150183
0.183402109124255
0.184286504085017
0.184433788270011
0.18450184501845
0.184791647417537
0.185185185185185
0.185804533630621
0.186104218362283
0.186335403726708
0.186358553857622
0.186567164179104
0.18677624206201
0.186915887850467
0.18724254150543
0.187318535169055
0.18738873793685
0.18772292096865
0.187793427230047
0.187828700225394
0.188199868260092
0.188465887674331
0.18896447467876
0.18960940462647
0.189807345544273
0.189897455374098
0.190186382655002
0.1906698868692
0.190803281816447
0.191619826264691
0.191938579654511
0.192159877017679
0.192215281114849
0.192221439097841
0.193012931866435
0.193050193050193
0.193099897013388
0.193180720564088
0.193211824563663
0.193973878184405
0.193986420950534
0.19400523814143
0.194306810453706
0.194464250988527
0.195071200988361
0.195407914020518
0.196328654167076
0.196792285742399
0.196966712625566
0.196992579946155
0.19712201852947
0.197967533324535
0.198438946950655
0.198629456748436
0.198866461171323
0.199097425006637
0.199229645371231
0.199786893979755
0.200347268598905
0.200467758102238
0.200910795606751
0.201261237085737
0.201301751325236
0.201694231544978
0.202183582693085
0.202224469160768
0.202839756592292
0.202880908906472
0.204457166223676
0.204638472032742
0.205282605720542
0.206590228282202
0.207497579194909
0.207684319833852
0.207749039160694
0.208268249505363
0.208376745155241
0.20857957310714
0.208870013228434
0.209095661265029
0.209270691639636
0.209951711106445
0.210260723296888
0.210378681626928
0.210393435724805
0.210629783051323
0.211969193810499
0.211999152003392
0.212089077412513
0.212201591511936
0.212336766111052
0.212524794559365
0.212539851222104
0.21260009921338
0.212947189097104
0.213015230588987
0.213113589543226
0.213174163291409
0.213371266002845
0.213507935378265
0.213538330130258
0.213781800042756
0.214899713467049
0.214992116955712
0.216216216216216
0.216653426735033
0.217013888888889
0.217178846780324
0.217202432667246
0.217328310634599
0.217888658895304
0.21803117845852
0.218388294387421
0.219466695928893
0.219474723827639
0.22023197768316
0.220288578037229
0.220385674931129
0.221336874723329
0.221655768591378
0.22202486678508
0.222090612970092
0.222321031569586
0.222766763198931
0.222866057499443
0.223139573803414
0.223313979455114
0.223596929268838
0.224098005527751
0.224240385693463
0.224752771950854
0.224820143884892
0.225326723749437
0.225377507324769
0.225479143179256
0.226723095525998
0.22691173133651
0.227014755959137
0.227195274338294
0.227341618672325
0.227410551849606
0.227790432801822
0.228067507982363
0.228414801279123
0.228414801279123
0.228728270814273
0.229278917803508
0.229410415232852
0.229885057471264
0.230786983614124
0.231107002542177
0.231588698471515
0.231803430690774
0.231982678626662
0.232720502676286
0.233317778814746
0.233663057870551
0.233726773401893
0.234055002925687
0.234109797495025
0.234356690883525
0.234990012924451
0.235146574698229
0.235460324935248
0.235478806907378
0.236127508854782
0.236406619385343
0.236434566733656
0.236817177139248
0.237435694499406
0.237454487889821
0.237510885915604
0.237529691211401
0.237925291458482
0.238360082631495
0.23872045834328
0.238834487700024
0.238891543239369
0.239234449760766
0.239272611261764
0.240403878515907
0.240577385725742
0.240847784200385
0.24092515258593
0.240934827129261
0.241283628905779
0.241662638956017
0.242072137496974
0.242101440503571
0.244120758401823
0.244538637104662
0.244818018606169
0.245198201879853
0.246285198259585
0.246366100024637
0.246609124537608
0.247188233840069
0.247381875154614
0.247422680412371
0.247729149463253
0.247954376394743
0.248180013236267
0.24877684716809
0.248787162582411
0.248818113958696
0.24906600249066
0.249086682165394
0.249097023290572
0.249916694435188
0.249979168402633
0.250187640730548
0.250375563345017
0.250501002004008
0.250752256770311
0.250878073256397
0.251214201976218
0.251256281407035
0.251424740194435
0.251466890192791
0.251730648206419
0.251730648206419
0.251730648206419
0.251741210036083
0.252037301520625
0.252175009456563
0.252759288903867
0.253164556962025
0.253228665484933
0.253549695740365
0.253635441325668
0.253635441325668
0.253678335870117
0.253914515446466
0.254215744428438
0.254409769335142
0.254971953085161
0.255123735011481
0.25521054870268
0.255493101686254
0.256016385048643
0.256673511293634
0.256673511293634
0.256937307297019
0.257698750161062
0.258765687669815
0.258866166192079
0.259268861809697
0.259470679813181
0.260247234873129
0.26032627559875
0.261142061281337
0.262054507337526
0.262363898727535
0.262513125656283
0.262628031165193
0.263921879123779
0.26422406200458
0.264270613107822
0.264550264550265
0.264853888937936
0.264970853206147
0.265568981542956
0.266595574513463
0.267236771779797
0.267701780216838
0.268072558305781
0.268240343347639
0.268384326355341
0.268528464017186
0.269154853759196
0.269614451334591
0.269856975802824
0.269954107801674
0.270051309748852
0.270124257158293
0.270526173407277
0.270660411403825
0.271112918530568
0.2712600027126
0.272294077603812
0.273398341383396
0.273410799726589
0.273547916476703
0.273822562979189
0.273860057510612
0.274499039253363
0.274549281596046
0.274612110394068
0.275406224180667
0.275456799191993
0.275558004960044
0.275963572808389
0.276090557702927
0.276192229791935
0.277289952860708
0.277585010409438
0.278512741957945
0.278901129549575
0.279043809878151
0.279069767441861
0.279121697059918
0.279173646007817
0.279290601871247
0.279524807826695
0.27972027972028
0.27972027972028
0.279746363297277
0.279876854184159
0.280400037386672
0.280898876404494
0.28137310073157
0.281505114009571
0.28169014084507
0.282698831511496
0.283326250177079
0.283728188395517
0.284090909090909
0.285103349964362
0.285510349750178
0.285714285714286
0.285823170731707
0.286532951289398
0.286944045911047
0.287576687116564
0.288267512251369
0.288322921672273
0.28855864954552
0.288600288600289
0.290570971959901
0.290641348575857
0.290655427990118
0.290951411114344
0.290993743634512
0.290993743634512
0.291375291375291
0.29244041526539
0.292954445583712
0.293040293040293
0.293083235638921
0.293140512018761
0.293212138982554
0.293255131964809
0.293312475557294
0.293570799491144
0.29385836027035
0.293973542381186
0.294117647058823
0.294348508634223
0.294637595757219
0.294767870302137
0.295333727111636
0.295420974889217
0.296076980014804
0.296618548546569
0.297663342759339
0.298092209856916
0.298418382572366
0.298775022408127
0.298804780876494
0.299266796348945
0.299625468164794
0.30033036339974
0.300751879699248
0.300782033286545
0.301477238468496
0.301750150875075
0.302160447197462
0.302358395484781
0.302388872089507
0.30252609287551
0.302663438256659
0.303122158229767
0.303122158229767
0.303459437588509
0.303582270795385
0.303674460977832
0.303859009419629
0.304228780042592
0.304383116883117
0.304599451720987
0.304924531178533
0.30543677458766
0.30571690614491
0.306138068268789
0.307881773399015
0.308118933908489
0.30840400925212
0.30870549495781
0.308737264587836
0.308769040757513
0.308800823468863
0.310045473336089
0.310398344542162
0.311332503113325
0.311688311688312
0.311785491581792
0.311850311850312
0.311963812197785
0.312402374258044
0.312630262609421
0.313038034121146
0.313087038196619
0.313234142521535
0.313627097381214
0.314795383001049
0.315159155373464
0.315407664406245
0.315806095057635
0.315905860053704
0.317409934930963
0.317863954227591
0.318116748846827
0.318420633657061
0.318471337579618
0.318522057652492
0.318674314850223
0.318911448921016
0.318928400574071
0.319131961065901
0.319522845883481
0.32020493115594
0.323415265200517
0.323676970383557
0.323869156860628
0.324044069993519
0.324114088159032
0.324464633354964
0.324745615934185
0.325044693645376
0.325132762544706
0.325626831650928
0.325662179765523
0.325697535555314
0.325785958625183
0.325839035516455
0.326193323909971
0.3269042170644
0.3269042170644
0.327189442687316
0.327332242225859
0.327653997378768
0.327815112276676
0.32797638570023
0.328083989501312
0.328839197632358
0.328875246656435
0.329435018942514
0.330760749724366
0.330797221303341
0.332446808510638
0.332483652887066
0.332502078137988
0.33255736614566
0.333222259246918
0.333722676455865
0.333741239292468
0.333778371161549
0.335158082895766
0.335289186923722
0.335345405767941
0.335401643468053
0.335420393559928
0.335795836131632
0.336473755047106
0.336662551902143
0.336700336700337
0.337192312015286
0.337230215827338
0.337381916329285
0.337666722944454
0.337723741979061
0.337913944582113
0.3385240352065
0.338753387533875
0.338983050847458
0.33955857385399
0.340193910529002
0.341258104879991
0.341296928327645
0.341471743213249
0.342172797262618
0.342309447740758
0.342543959808175
0.343839541547278
0.343839541547278
0.344313095374727
0.34494653328734
0.345006037605658
0.345065562456867
0.345184673800483
0.345661942620118
0.345701774602443
0.345901072293324
0.346500346500346
0.346660503813266
0.346860908775581
0.346981263011797
0.347403161368768
0.347584289190129
0.347664851083555
0.348068221371389
0.348492768775048
0.349344978165939
0.349406009783368
0.350262697022767
0.350631136044881
0.35155563367903
0.352112676056338
0.352154008686466
0.352360817477096
0.353045013239188
0.353232073472271
0.353606789250354
0.353794445427207
0.354065856249262
0.354107648725212
0.354170355941208
0.354358610914245
0.354672814328782
0.355113636363636
0.355239786856128
0.35633685710892
0.357206644043579
0.357313006193425
0.357589844448418
0.357909806728704
0.358551452133381
0.359971202303816
0.359971202303816
0.360165676211057
0.36036036036036
0.360750360750361
0.361467558286644
0.363042294427301
0.363240101707228
0.363967242948135
0.364763815429509
0.364785992217899
0.365230094959825
0.365898280278083
0.366233290606116
0.366703337000367
0.367714653428939
0.367827366356057
0.368686248002949
0.371126368528484
0.37147102526003
0.371678126742241
0.371747211895911
0.371747211895911
0.37197768133912
0.37243947858473
0.372670807453416
0.374531835205992
0.374578599076039
0.374672161858374
0.376411543287327
0.376576915835059
0.376718779431155
0.376860749952892
0.377311030059112
0.377429703717682
0.378143316316884
0.378167149880247
0.378501135503406
0.378644452858766
0.379602682525623
0.379867046533713
0.380083618396047
0.380855655706487
0.381485249237029
0.382116927779901
0.382336073408526
0.382701875239189
0.382799540640551
0.382799540640551
0.382848392036753
0.383680777593043
0.384763370527126
0.387296669248644
0.388048117966628
0.388575869438508
0.389029371717565
0.389029371717565
0.389914218871848
0.39072675175827
0.391134289439374
0.391338377250196
0.391542678151919
0.39190071848465
0.392310710082385
0.392464678178964
0.39256739073541
0.392850127676291
0.392927308447937
0.393133272179269
0.393545848091303
0.394399526720568
0.394529195160442
0.395022713806044
0.39530899986823
0.395569620253165
0.39564787339268
0.395961195802811
0.396039603960396
0.396615547329455
0.397350993377483
0.397667020148462
0.397772474144789
0.399148483235764
0.399201596806387
0.3996003996004
0.3996270147862
0.399680255795364
0.399680255795364
0.39984006397441
0.399920015996801
0.400962309542903
0.401042711048727
0.402090872537193
0.402198686150959
0.402333534500101
0.402414486921529
0.403117441547971
0.403225806451613
0.403388463089956
0.405844155844156
0.405899066432147
0.406063887384949
0.406091370558376
0.406724511930586
0.406834825061025
0.407387289516567
0.407497962510187
0.407830342577488
0.407996736026112
0.408163265306122
0.408942202835333
0.408997955010225
0.409332787556283
0.41101520756268
0.411127860764698
0.411184210526316
0.411240575736806
0.411466191194623
0.411692054343351
0.411692054343351
0.411692054343351
0.411918165591103
0.41211621677313
0.413393964448119
0.413479429398387
0.413907284768212
0.414250207125104
0.414536410114688
0.415915707749896
0.415973377703827
0.415973377703827
0.416319733555371
0.416753490310481
0.416840350145894
0.417594654788419
0.417710944026733
0.418497593638837
0.418643594753
0.418877408545099
0.419345820519989
0.419404445687124
0.419756541206101
0.420050406048726
0.421052631578947
0.421407501053519
0.421466704130374
0.422743606002959
0.422892585283338
0.423549343498517
0.423728813559322
0.423968343697004
0.423998304006784
0.424899086466964
0.425079702444208
0.42571306939123
0.425803704492229
0.426621160409556
0.426621160409556
0.427960057061341
0.428571428571429
0.428571428571429
0.429092469427162
0.429184549356223
0.429491768074445
0.430941607412196
0.431592576607682
0.432058759991359
0.432338953739732
0.432994154578913
0.433839479392625
0.434530706836616
0.434971726837756
0.435066347618012
0.435824798431031
0.436205016357688
0.436236731132761
0.436681222707424
0.437062937062937
0.43731778425656
0.437445319335083
0.437541019470575
0.437732545414752
0.437828371278459
0.438148094055791
0.439110070257611
0.439753737906772
0.439753737906772
0.43994720633524
0.440819925060613
0.440819925060613
0.441306266548985
0.441403663650408
0.44176115446915
0.442673749446658
0.443262411347518
0.443360673908224
0.443655723158829
0.443786982248521
0.443852640923214
0.444247001332741
0.444444444444444
0.446428571428571
0.446760982874162
0.446827524575514
0.447694373974034
0.44816253361219
0.448430493273543
0.448531060775959
0.448531060775959
0.45045045045045
0.451467268623025
0.4516711833785
0.452079566003617
0.452830188679245
0.452966933413861
0.453514739229025
0.454338936846888
0.454338936846888
0.454442172233583
0.454545454545455
0.454959053685168
0.455235204855842
0.45526974732529
0.455650060753341
0.455788514129444
0.455996352029184
0.456412596987677
0.457142857142857
0.458365164247517
0.459136822773186
0.459453250631748
0.459840588595953
0.459911083857121
0.460193281178095
0.461041954817889
0.461148259165322
0.461467466543609
0.461573967228248
0.462107208872458
0.462392108508015
0.462392108508015
0.462463388315092
0.46353522867738
0.465766185374942
0.466635557629491
0.467144191840548
0.468091745982212
0.469043151969981
0.469263256687001
0.469483568075117
0.469593801361822
0.47066206463759
0.471475719000472
0.471809389006841
0.47270148900969
0.472813238770686
0.472962320668453
0.473148805299267
0.473260766682442
0.473484848484848
0.475398145947231
0.476039352586481
0.476114902396445
0.476720165262991
0.477099236641221
0.477099236641221
0.477668975400048
0.477783086478739
0.477783086478739
0.478545222523529
0.478583393156257
0.479003672361488
0.479041916167665
0.480538202787122
0.480538202787122
0.480769230769231
0.481077613855035
0.481231953801732
0.482509047044632
0.482741974414675
0.482858522452921
0.482975126780971
0.483325277912035
0.483325277912035
0.483949024036135
0.484027105517909
0.484105212199451
0.484496124031008
0.484966052376334
0.485201358563804
0.485672656629432
0.486026731470231
0.486263068319961
0.486696950032446
0.487012987012987
0.487567040468064
0.487567040468064
0.487725573077548
0.488400488400488
0.488519785051295
0.488878024932779
0.489236790606654
0.489596083231334
0.491883915395967
0.4920049200492
0.492449113591595
0.49252996223937
0.49252996223937
0.492691739201839
0.493177708367582
0.494193229552755
0.494315373208107
0.49480455220188
0.496524329692155
0.496647628507574
0.497760079641613
0.49800796812749
0.498919008814236
0.499126528574994
0.500751126690035
0.500876533934385
0.501085685652247
0.501882057716437
0.502386335091686
0.502428403952437
0.502428403952437
0.503271263210871
0.503609199261373
0.504159314343332
0.504540867810293
0.504540867810293
0.504922999242616
0.505050505050505
0.505220613001011
0.50564638462835
0.50709939148073
0.507485409794468
0.507528336998816
0.507700118463361
0.507700118463361
0.507743082000508
0.508302270416808
0.508819538670285
0.509035377958768
0.509251400441351
0.509683995922528
0.511378164152391
0.511770726714432
0.512557662737058
0.514006682086867
0.51413881748072
0.514535631592488
0.514668039114771
0.514800514800515
0.515331100231899
0.515552500429627
0.515641113784806
0.516528925619835
0.51666236114699
0.516795865633075
0.517330574236937
0.518000518000518
0.518268981601451
0.518582541054451
0.518806744487678
0.518941359626362
0.51907604464054
0.519210799584631
0.519210799584631
0.520020800832033
0.521240552514986
0.521240552514986
0.521376433785193
0.521512385919166
0.521557719054242
0.521920668058455
0.522056904202558
0.522875816993464
0.523012552301255
0.523012552301255
0.523149359142035
0.523971705527902
0.523971705527902
0.524109014675052
0.524200594094007
0.524567232033572
0.524567232033572
0.525394045534151
0.527055516514406
0.527148128624143
0.527148128624143
0.527333450518545
0.528076042950185
0.528541226215645
0.528960592435863
0.528960592435863
0.529100529100529
0.529240539825351
0.530363298859719
0.530597806862398
0.531161473087819
0.531490831783152
0.532056397978186
0.532197977647685
0.533143771103608
0.533191149026926
0.533760341606619
0.533760341606619
0.534283170080142
0.53466405275352
0.535809966065369
0.536193029490617
0.53633681952266
0.536768652710682
0.536864710093057
0.536864710093057
0.536960801861464
0.537489922063961
0.538213132400431
0.538213132400431
0.539083557951482
0.540345821325648
0.541125541125541
0.541907514450867
0.542299349240781
0.542888165038002
0.542888165038002
0.54367524465386
0.543872371283539
0.54392167527876
0.544365813826892
0.544662309368192
0.544662309368192
0.544761213001634
0.545702592087312
0.546448087431694
0.548095368594135
0.548095368594135
0.54814544125708
0.549299642955232
0.549601538884309
0.550357732526142
0.550509221029452
0.550660792951542
0.550863018729343
0.551065393093314
0.551116009920088
0.554221319046739
0.555864369093941
0.556173526140156
0.556792873051225
0.557103064066852
0.558191459670667
0.559388402013798
0.5616399887672
0.561797752808989
0.562271577171774
0.563221627710504
0.564652738565782
0.564812199943519
0.565450947130336
0.565717518385819
0.566091140673649
0.566411781365052
0.566465256797583
0.566465256797583
0.567214974475326
0.568504832291074
0.568504832291074
0.569476082004556
0.56980056980057
0.571319748619311
0.571428571428571
0.5720823798627
0.572191493419798
0.573065902578797
0.573284922606536
0.574052812858783
0.574382538770821
0.574712643678161
0.575043128234618
0.575208513085994
0.575539568345324
0.576036866359447
0.576202823393835
0.576368876080692
0.576812151509325
0.576867608883761
0.577034045008656
0.577034045008656
0.577812018489985
0.578034682080925
0.578201792425556
0.578703703703704
0.580046403712297
0.58027079303675
0.580383052814858
0.581057524694945
0.581902822228688
0.58331713007972
0.58343057176196
0.58411214953271
0.584795321637427
0.584966364434045
0.585308750365818
0.585651537335286
0.585994726047466
0.586166471277843
0.586510263929619
0.586854460093897
0.587314017227878
0.587371512481645
0.587774294670846
0.589043785588062
0.589275191514437
0.589448865310934
0.589796520200531
0.589796520200531
0.589970501474926
0.590086546026751
0.590144585423429
0.590144585423429
0.590318772136954
0.591366055588409
0.59183270862103
0.592241634586912
0.592300098716683
0.593119810201661
0.594000594000594
0.594353640416047
0.59441252229047
0.594883997620464
0.594883997620464
0.594883997620464
0.595060993751859
0.595770032767352
0.596658711217184
0.598086124401914
0.598444045481747
0.599880023995201
0.6000600060006
0.600360216129678
0.600480384307446
0.600600600600601
0.600961538461538
0.600961538461538
0.60108194750551
0.601503759398496
0.602046959662854
0.602228244504667
0.602409638554217
0.60313630880579
0.603500301750151
0.604412209126624
0.604412209126624
0.604777744179014
0.604777744179014
0.605510142294883
0.605693519079346
0.605693519079346
0.605815831987076
0.605938194304181
0.605938194304181
0.606060606060606
0.606060606060606
0.606796116504854
0.606796116504854
0.606980273141123
0.606980273141123
0.607533414337789
0.607656471541422
0.607718018839259
0.608149199270221
0.608457560085184
0.608642726719416
0.60938452163315
0.610500610500611
0.610500610500611
0.611122428193115
0.611620795107034
0.611745513866232
0.611995104039168
0.612369871402327
0.613622417672326
0.613873542050338
0.614062020264047
0.615195324515534
0.615637184485943
0.616712920135677
0.616712920135677
0.616712920135677
0.616903146206046
0.617665225447807
0.618046971569839
0.618046971569839
0.618238021638331
0.618238021638331
0.620219144097581
0.620732464307883
0.62111801242236
0.621697233447311
0.621761658031088
0.621761658031088
0.621890547263682
0.622277535780958
0.622471210706505
0.622923588039867
0.623247117482082
0.624219725343321
0.624349635796046
0.624414611301904
0.624869818787752
0.625195373554236
0.625195373554236
0.626304801670146
0.626697305201588
0.626762770291445
0.627549419516787
0.629128656810318
0.629722921914358
0.629987400251995
0.631047538914598
0.631113916061849
0.631313131313131
0.631512472371329
0.631911532385466
0.633312222925902
0.63351282863478
0.634316523945449
0.634517766497462
0.634786288616166
0.635189498200296
0.635189498200296
0.635189498200296
0.635324015247776
0.635593220338983
0.635727908455181
0.635930047694754
0.635930047694754
0.635930047694754
0.636672325976231
0.636739891754218
0.637755102040816
0.638841567291312
0.63911376224968
0.639386189258312
0.639795265515035
0.64
0.640204865556978
0.640751815463477
0.641642605068977
0.641711229946524
0.642260757867694
0.64246707356248
0.6426735218509
0.644537544311956
0.644606789858187
0.646412411118294
0.646970023722234
0.647808248758367
0.648929266709929
0.649139889646219
0.651041666666667
0.651465798045603
0.652741514360313
0.653310104529617
0.653737197646546
0.653879686137751
0.65402223675605
0.654735923177652
0.655737704918033
0.655952771400459
0.656383327863472
0.656814449917898
0.657174151150055
0.657894736842105
0.657894736842105
0.658761528326746
0.659413122321134
0.66006600660066
0.66006600660066
0.66079295154185
0.661375661375661
0.661594442606682
0.661959399823478
0.66203243958954
0.662983425414365
0.66334991708126
0.664010624169987
0.664746288499889
0.66577896138482
0.666666666666667
0.668598172498329
0.668896321070234
0.670915800067092
0.670990829791993
0.671366230278617
0.671817265703729
0.673627484001347
0.673854447439353
0.674081563869228
0.674536256323777
0.675219446320054
0.675904021628929
0.676361176868448
0.676361176868448
0.676361176868448
0.678195998643608
0.678579506898892
0.678656260604004
0.678886625933469
0.679347826086956
0.679347826086956
0.679347826086957
0.680503572643756
0.681973175721755
0.68212824010914
0.684228532329798
0.686106346483705
0.686184812442818
0.686341798215511
0.686813186813187
0.689417442261289
0.689893066574681
0.690846286701209
0.690925840626439
0.691722388747982
0.691881918819188
0.69204152249135
0.692520775623269
0.692760651195012
0.693000693000693
0.693160813308688
0.693240901213172
0.693721817551162
0.693962526023595
0.694203401596668
0.694444444444444
0.696702275894101
0.69856793573175
0.698974836905871
0.700525394045534
0.700525394045534
0.701918577445016
0.702000702000702
0.702247191011236
0.70298769771529
0.70323488045007
0.703729767769177
0.704556129638328
0.705052878965923
0.705882352941176
0.706464146944543
0.707714083510262
0.708215297450425
0.708968450903935
0.708968450903935
0.710227272727273
0.710479573712256
0.712758374910905
0.714285714285714
0.715648854961832
0.715990453460621
0.716332378223496
0.718046912398277
0.718132854578097
0.718218817333014
0.718907260963336
0.719165767709457
0.719424460431654
0.719942404607631
0.72020165646381
0.720288115246099
0.720720720720721
0.720720720720721
0.722369371538647
0.723938223938224
0.724900326205147
0.724987916868052
0.725426187885383
0.726040658276864
0.726744186046512
0.727096461463888
0.729128691213999
0.729394602479942
0.729571984435798
0.730727073438071
0.731796560556165
0.733137829912023
0.733675715333822
0.73394495412844
0.734034744311231
0.735113942661112
0.736738703339882
0.736738703339882
0.737100737100737
0.740557886941496
0.741564701520208
0.741839762611276
0.742023250061835
0.742574257425743
0.743126083725539
0.743494423791822
0.743770918557084
0.744232200446539
0.746268656716418
0.747104968248039
0.748502994011976
0.748502994011976
0.749063670411985
0.749625187406297
0.75187969924812
0.754337440281619
0.754906894816306
0.755287009063444
0.755572346052135
0.757002271006813
0.757384498863923
0.757384498863923
0.760649087221095
0.76219512195122
0.764720876879939
0.764818355640535
0.764818355640535
0.764818355640535
0.770712909441233
0.771010023130301
0.771803447388732
0.772200772200772
0.77319587628866
0.774293457220286
0.775193798449612
0.775394158697338
0.775795190069822
0.777604976671851
0.77861406696081
0.780843310775638
0.781555295037124
0.786472670074715
0.786988457502623
0.787401574803149
0.788022064617809
0.790722192936215
0.793021411578113
0.794596742153357
0.796495420151334
0.798722044728435
0.801068090787717
0.801496126102057
0.801603206412826
0.802782981000803
0.8058017727639
0.809388911371914
0.812347684809098
0.812347684809098
0.813228517213337
0.814553353244638
0.815660685154976
0.816326530612245
0.816326530612245
0.816659861167824
0.817327339599509
0.817438692098093
0.819672131147541
0.820681165367255
0.822368421052632
0.823497117760088
0.824175824175824
0.825763831544178
0.825991189427313
0.827129859387924
0.82827167310878
0.82827167310878
0.831716107568617
0.833564879133093
0.833796553640912
0.836586726157278
0.838926174496644
0.840100812097452
0.840336134453782
0.846262341325811
0.846740050804403
0.847098686997035
0.847816871555744
0.849256900212314
0.849617672047578
0.851788756388416
0.852151682999574
0.852272727272727
0.855066267635742
0.855675984027382
0.857632933104631
0.859106529209622
0.859352621025494
0.859598853868195
0.862068965517241
0.862812769628991
0.863806507342355
0.863806507342355
0.86617583369424
0.869565217391304
0.871586287042417
0.872981230903536
0.876424189307625
0.881316098707403
0.882223202470225
0.882223202470225
0.88261253309797
0.885216878135143
0.885739592559787
0.88809946714032
0.890075656430797
0.890075656430797
0.891000891000891
0.893388921977367
0.896458987001345
0.897666068222621
0.898472596585804
0.901713255184851
0.911577028258888
0.914494741655236
0.91533180778032
0.919963201471941
0.919963201471941
0.919963201471941
0.925354719309068
0.92793071450665
0.928217821782178
0.928505106778087
0.928505106778087
0.929368029739777
0.930665425779432
0.936621916952857
0.936914428482199
0.938967136150235
0.939408172851104
0.944287063267233
0.946670874092774
0.948316737790422
0.955109837631328
0.956632653061224
0.957243139757498
0.957854406130268
0.959079283887468
0.962000962000962
0.963391136801541
0.971817298347911
0.973709834469328
0.974342318934719
0.9765625
0.977039570102589
0.97815454841865
0.980392156862745
0.980392156862745
0.98135426889107
0.981836033382425
0.983929157100689
0.984251968503937
0.985221674876847
0.985221674876847
0.985869208018403
0.987166831194472
0.988142292490118
0.989119683481701
0.989609104403761
0.991080277502478
0.991080277502478
0.993541977148534
0.994694960212202
0.99601593625498
0.997340425531915
1.0016694490818
1.00300902708124
1.00401606425703
1.00637370010064
1.00874243443174
1.00908173562059
1.00959111559818
1.01112234580384
1.01351351351351
1.01522842639594
1.01522842639594
1.02145045965271
1.02249488752556
1.02564102564103
1.02564102564103
1.03039670273055
1.03199174406605
1.03252452245741
1.03359173126615
1.03734439834025
1.04220948410631
1.05652403592182
1.05708245243129
1.05764145954521
1.06647707074298
1.06913756236636
1.07372942018611
1.0752688172043
1.08108108108108
1.0851871947911
1.08538350217077
1.10741971207088
1.10741971207088
1.10987791342952
1.11049416990561
1.11069974083673
1.11358574610245
1.12044817927171
1.12359550561798
1.12422709387296
1.12612612612613
1.12866817155756
1.12866817155756
1.12866817155756
1.12866817155756
1.13186191284663
1.13507377979569
1.13571834185122
1.13636363636364
1.13765642775882
1.13895216400911
1.14090131203651
1.14285714285714
1.15141047783535
1.15207373271889
1.15874855156431
1.16550116550117
1.16754232340922
1.17141741507224
1.17233294255569
1.17370892018779
1.17439812096301
1.17577895355673
1.17716303708064
1.18063754427391
1.18133490844655
1.18343195266272
1.185536455246
1.19047619047619
1.19189511323004
1.19189511323004
1.19617224880383
1.19904076738609
1.20048019207683
1.20336943441637
1.2070006035003
1.20772946859903
1.20845921450151
1.20918984280532
1.22774708410068
1.23152709359606
1.23380629241209
1.23685837971552
1.23762376237624
1.24069478908189
1.24223602484472
1.24843945068664
1.25078173858662
1.25391849529781
1.25786163522013
1.26023944549464
1.26103404791929
1.26502213788741
1.26823081800888
1.27388535031847
1.27632418634333
1.27713920817369
1.2779552715655
1.27822752449936
1.28617363344051
1.28976784178848
1.29198966408269
1.29449838187702
1.29449838187702
1.29477772982305
1.29533678756477
1.30039011703511
1.30633572828217
1.30832969908417
1.31061598951507
1.31147540983607
1.31348511383538
1.31578947368421
1.31810193321617
1.31984161900572
1.32013201320132
1.32275132275132
1.32508833922262
1.3262599469496
1.33067198935462
1.33333333333333
1.33333333333333
1.34408602150538
1.34589502018843
1.34770889487871
1.34770889487871
1.36332651670075
1.36425648021828
1.37425561154375
1.38312586445367
1.39405204460967
1.39664804469274
1.39664804469274
1.39990667288847
1.40154169586545
1.40745953553835
1.40845070422535
1.41043723554302
1.41743444365698
1.41843971631206
1.42112742775936
1.42247510668563
1.42755174875089
1.4292520247737
1.43781452192667
1.43884892086331
1.44508670520231
1.44508670520231
1.44927536231884
1.4591439688716
1.45985401459854
1.46412884333821
1.46627565982405
1.48588410104012
1.48662041625372
1.49179512680259
1.49476831091181
1.51630022744503
1.51668351870576
1.53964588144727
1.54004106776181
1.54083204930663
1.54559505409583
1.54798761609907
1.55159038013964
1.56087408949012
1.56903765690377
1.57645822385707
1.5785319652723
1.57977883096367
1.58311345646438
1.58353127474268
1.58604282315623
1.58982511923688
1.58982511923688
1.58982511923688
1.58982511923688
1.59489633173844
1.59872102318146
1.6
1.60170848905499
1.6025641025641
1.60599571734475
1.60901045856798
1.6120365394949
1.61550888529887
1.63532297628782
1.6366612111293
1.64203612479475
1.65289256198347
1.65837479270315
1.66021029330382
1.66251039068994
1.67224080267559
1.67644593461861
1.68067226890756
1.68350168350168
1.68350168350168
1.68539325842697
1.68918918918919
1.69300225733634
1.70357751277683
1.7286084701815
1.72910662824208
1.73010380622837
1.73110213502597
1.73410404624278
1.73460537727667
1.73510699826489
1.75336060783168
1.75541252194266
1.75644028103045
1.76782557454331
1.77462289263532
1.79425837320574
1.8018018018018
1.80396873120866
1.80831826401447
1.81159420289855
1.81708055723804
1.81708055723804
1.83936235438381
1.84956843403206
1.86046511627907
1.86451211932878
1.86567164179105
1.86567164179105
1.8738288569644
1.8796992481203
1.89214758751183
1.89633375474083
1.89993666877771
1.90114068441065
1.90355329949239
1.90476190476191
1.92431045542014
1.94363459669582
1.94805194805195
1.95950359242325
1.9672131147541
1.97109067017083
2.01612903225806
2.02429149797571
2.04498977505112
2.05761316872428
2.06398348813209
2.06753962784287
2.07900207900208
2.09937018894332
2.10084033613445
2.11193241816262
2.11416490486258
2.1505376344086
2.17076700434153
2.18181818181818
2.18340611353712
2.1953896816685
2.24047796863331
2.24215246636771
2.25225225225225
2.28571428571429
2.29007633587786
2.3130300693909
2.31839258114374
2.32288037166086
2.34009360374415
2.35109717868339
2.35478806907378
2.37154150197628
2.37529691211401
2.4232633279483
2.48344370860927
2.49687890137328
2.50208507089241
2.51256281407035
2.53378378378378
2.58620689655172
2.59291270527226
2.67379679144385
2.73224043715847
2.78551532033426
2.80898876404494
2.8169014084507
2.83018867924528
2.88600288600289
2.909796314258
2.9673590504451
2.98953662182362
3.09597523219814
3.1055900621118
3.19829424307036
3.28407224958949
3.29308452250274
3.4965034965035
3.55450236966825
3.6231884057971
3.65408038976858
3.69458128078818
3.69913686806412
3.81194409148666
3.81679389312977
3.82409177820268
4.01606425702811
4.31965442764579
4.50450450450451
5.09337860780985
5.11073253833049
5.43478260869565
5.66037735849057
5.71428571428571
5.95238095238095
5.96421471172962
6.64451827242525
7.27272727272727
7.35294117647059
7.38916256157635
7.7120822622108
8.17438692098093
8.33333333333333
8.36820083682008
8.45070422535211
8.51063829787234
8.54700854700855
8.65800865800866
9.04977375565611
9.43396226415094
9.66183574879227
9.70873786407767
10.0502512562814
10.1522842639594
10.4166666666667
10.8108108108108
10.9090909090909
10.9289617486339
11.3207547169811
11.3636363636364
11.6959064327485
11.7647058823529
11.8110236220472
11.9047619047619
11.9521912350598
12.2448979591837
12.2699386503068
12.2699386503068
12.5
12.5
12.5
12.6582278481013
12.7118644067797
12.9032258064516
12.987012987013
13.2450331125828
13.2743362831858
13.3928571428571
13.4228187919463
13.5135135135135
13.6986301369863
13.7614678899083
14.0186915887851
14.0186915887851
14.1509433962264
14.2857142857143
14.3540669856459
14.4927536231884
14.7058823529412
14.7058823529412
14.7058823529412
15.0375939849624
15.1515151515152
15.1515151515152
15.1515151515152
15.3061224489796
15.3846153846154
15.3846153846154
15.4639175257732
15.625
15.748031496063
15.8730158730159
15.8730158730159
15.8730158730159
15.9574468085106
16
16.0427807486631
16.2162162162162
16.2162162162162
16.260162601626
16.304347826087
16.3934426229508
16.4835164835165
16.5745856353591
16.5745856353591
16.6666666666667
16.8067226890756
16.8067226890756
16.8539325842697
16.9491525423729
17.0454545454546
17.2413793103448
17.2413793103448
17.5438596491228
17.5438596491228
17.6991150442478
17.6991150442478
17.6991150442478
17.7514792899408
17.9640718562874
17.9640718562874
18.018018018018
18.018018018018
18.1818181818182
18.348623853211
18.5185185185185
18.5185185185185
19.0476190476191
19.2307692307692
19.2307692307692
19.4805194805195
19.6078431372549
19.6078431372549
19.8019801980198
19.8019801980198
19.8019801980198
20
20
20
20.2020202020202
20.2020202020202
20.4081632653061
20.6896551724138
20.8333333333333
20.979020979021
21.0526315789474
21.0526315789474
21.0526315789474
21.4285714285714
21.505376344086
21.7391304347826
21.978021978022
22.0588235294118
22.0588235294118
22.2222222222222
22.4719101123595
22.4719101123595
22.5563909774436
22.5563909774436
22.7272727272727
22.7272727272727
22.7272727272727
22.9885057471264
22.9885057471264
23.4375
23.5294117647059
23.5294117647059
23.5294117647059
23.5294117647059
23.8095238095238
23.8095238095238
24.0963855421687
24.390243902439
24.390243902439
24.6913580246914
24.6913580246914
24.7933884297521
25
25
25.2100840336135
25.2100840336135
25.3164556962025
25.3164556962025
25.4237288135593
25.4237288135593
25.6410256410256
25.8620689655172
26.3157894736842
26.3157894736842
26.3157894736842
26.5486725663717
26.5486725663717
27.027027027027
27.2727272727273
27.3972602739726
27.7777777777778
27.7777777777778
27.7777777777778
28.169014084507
28.169014084507
28.3018867924528
28.5714285714286
28.5714285714286
28.9855072463768
28.9855072463768
29.4117647058823
29.7029702970297
29.8507462686567
29.8507462686567
30
30.6122448979592
30.6122448979592
30.7692307692308
30.7692307692308
30.7692307692308
30.9278350515464
31.25
31.25
31.25
31.25
31.25
31.5789473684211
31.7460317460317
31.7460317460317
31.9148936170213
31.9148936170213
32.258064516129
32.258064516129
32.258064516129
32.258064516129
32.258064516129
32.6086956521739
32.7868852459016
32.7868852459016
32.967032967033
32.967032967033
32.967032967033
33.3333333333333
33.3333333333333
33.3333333333333
33.3333333333333
34.4827586206897
34.4827586206897
34.4827586206897
34.4827586206897
34.8837209302326
35.0877192982456
35.0877192982456
35.0877192982456
35.7142857142857
35.7142857142857
36.144578313253
36.3636363636364
36.3636363636364
36.3636363636364
36.5853658536585
36.5853658536585
36.5853658536585
37.037037037037
37.037037037037
37.7358490566038
37.7358490566038
37.7358490566038
38.4615384615385
38.4615384615385
38.4615384615385
39.2156862745098
39.2156862745098
40
40
40
40
40.5405405405405
40.8163265306122
40.8163265306122
40.8163265306122
41.0958904109589
41.0958904109589
41.6666666666667
41.6666666666667
41.6666666666667
41.6666666666667
42.5531914893617
42.5531914893617
42.8571428571429
43.4782608695652
43.4782608695652
43.4782608695652
43.4782608695652
44.4444444444444
44.4444444444444
44.4444444444444
44.4444444444444
44.4444444444444
44.7761194029851
44.7761194029851
45.4545454545455
45.4545454545455
45.4545454545455
45.4545454545455
46.5116279069768
46.5116279069768
46.5116279069768
46.5116279069768
46.875
47.6190476190476
47.6190476190476
47.6190476190476
47.6190476190476
47.6190476190476
48.7804878048781
48.7804878048781
49.1803278688525
50
50
50
50
51.2820512820513
51.2820512820513
52.6315789473684
52.6315789473684
52.6315789473684
52.6315789473684
53.5714285714286
54.0540540540541
54.0540540540541
54.0540540540541
54.0540540540541
54.5454545454546
55.5555555555556
55.5555555555556
55.5555555555556
55.5555555555556
56.6037735849057
57.1428571428571
57.1428571428571
57.1428571428571
57.6923076923077
58.8235294117647
58.8235294117647
60
60.6060606060606
60.6060606060606
60.6060606060606
60.6060606060606
62.5
62.5
62.5
62.5
63.8297872340426
63.8297872340426
63.8297872340426
63.8297872340426
63.8297872340426
64.5161290322581
65.2173913043478
66.6666666666667
66.6666666666667
68.1818181818182
68.9655172413793
68.9655172413793
68.9655172413793
69.7674418604651
71.4285714285714
71.4285714285714
71.4285714285714
71.4285714285714
71.4285714285714
76.9230769230769
76.9230769230769
76.9230769230769
80
80
80
80
80
81.0810810810811
83.3333333333333
86.9565217391304
86.9565217391304
88.2352941176471
90.9090909090909
90.9090909090909
95.2380952380952
95.2380952380952
96.7741935483871
96.7741935483871
100
100
100
115.384615384615
117.647058823529
117.647058823529
120
125
125
125
133.333333333333
142.857142857143
153.846153846154
153.846153846154
153.846153846154
166.666666666667
166.666666666667
166.666666666667
4.99362748348325
