qps
0
0
0
0
0
0
0
0
0
0
0
0
0
0
0
0
0
0
0
0
0
0
0
0
0
0
0
0
0
0
0
0
0
0
0
0
0
0
0
0
0
0
0
0
0
0
0
0
0
0
0
0
0
0
0
0
0.214117479123546
0.215408917929202
0.217281089302528
0.21859516176042
0.231285174620307
0.233009708737864
0.233064014916097
0.233190827827439
0.331290376014577
0.331840053094408
0.33698399326032
0.342172797262618
0.364652971921721
0.378692249431962
0.401929260450161
0.404421677001887
0.645786244752987
0.652954619653934
0.740923684860459
0.743494423791822
0.744232200446539
0.745712155108128
0.748876684972541
0.753012048192771
0.798722044728435
0.799573560767591
0.805585392051557
0.810591731964334
1.07334525939177
1.08656283955089
1.16595413913719
1.17600940807527
1.17647058823529
1.18953211736717
1.21359223300971
1.22324159021407
1.22324159021407
1.25680770842061
1.2586532410321
1.2620950778292
1.27822752449936
1.32919805050953
1.34108180599017
1.35685210312076
1.39082058414465
1.39925373134328
1.39990667288847
1.41643059490085
1.42517814726841
1.43198090692124
1.46484375
1.47492625368732
1.54241645244216
1.55199172271081
1.59235668789809
1.69635284139101
1.69875424688562
1.69923534409516
1.69923534409516
1.70940170940171
1.71086398631309
1.84672206832872
1.84729064039409
1.84842883548983
1.96078431372549
1.9672131147541
1.98609731876862
2.00803212851406
2.01207243460765
2.06327372764787
2.07756232686981
2.10378681626928
2.10526315789474
2.15362526920316
2.17864923747277
2.28310502283105
2.3961661341853
2.52312867956266
2.55102040816327
2.57289879931389
2.62008733624454
2.66429840142096
2.68096514745308
2.710027100271
3.11526479750779
3.13807531380753
3.1578947368421
3.16455696202532
3.18471337579618
3.2258064516129
3.27153762268266
3.28227571115974
3.28587075575027
3.3003300330033
3.34448160535117
3.40522133938706
3.68098159509202
3.75
3.76411543287327
3.92670157068063
3.97877984084881
3.98406374501992
4.88599348534202
4.95867768595041
5.20833333333333
5.32859680284192
5.44959128065395
5.48446069469835
5.74712643678161
5.98802395209581
6.00600600600601
6.32911392405063
6.49350649350649
6.73400673400673
6.77966101694915
7.21153846153846
7.53768844221105
7.55667506297229
7.59493670886076
7.79220779220779
7.93650793650794
8
8.10810810810811
8.16326530612245
8.19672131147541
8.21917808219178
8.26446280991736
8.26446280991736
8.29875518672199
8.37988826815642
8.37988826815642
8.4985835694051
8.54700854700855
8.59598853868195
8.72093023255814
8.7719298245614
8.90207715133531
9.03614457831325
9.06344410876133
9.1743119266055
9.20245398773006
9.23076923076923
9.25925925925926
9.30232558139535
9.375
9.61538461538462
10.0334448160535
10.2389078498293
10.3092783505155
10.4166666666667
10.5633802816901
10.5633802816901
10.5633802816901
10.5633802816901
10.7142857142857
10.752688172043
10.8108108108108
10.8108108108108
10.8303249097473
10.9090909090909
11.0497237569061
11.1524163568773
11.1940298507463
11.3636363636364
11.4942528735632
11.5830115830116
11.8110236220472
11.8343195266272
11.8577075098814
11.9047619047619
11.9047619047619
12.1457489878543
12.1951219512195
12.3456790123457
12.6050420168067
12.9310344827586
13.3333333333333
13.3928571428571
13.3928571428571
13.4529147982063
13.7614678899083
14.218009478673
14.4927536231884
14.7783251231527
14.8514851485149
15
15.7068062827225
15.7068062827225
15.7068062827225
16.0427807486631
16.0427807486631
16.2162162162162
16.2162162162162
16.4835164835165
16.4835164835165
16.9491525423729
18.2926829268293
18.5185185185185
18.5185185185185
18.5185185185185
20.2702702702703
20.4081632653061
21.4285714285714
21.7391304347826
21.8978102189781
22.2222222222222
23.0769230769231
25.4237288135593
25.8620689655172
25.8620689655172
27.2727272727273
28.0373831775701
28.0373831775701
29.126213592233
30.9278350515464
30.9278350515464
45.4545454545455
45.4545454545455
48.7804878048781
48.7804878048781
50
50
51.7241379310345
52.6315789473684
57.6923076923077
58.8235294117647
58.8235294117647
58.8235294117647
64.5161290322581
65.2173913043478
66.6666666666667
66.6666666666667
68.9655172413793
68.9655172413793
71.4285714285714
71.4285714285714
73.1707317073171
81.0810810810811
83.3333333333333
83.3333333333333
85.7142857142857
86.9565217391304
86.9565217391304
90.9090909090909
90.9090909090909
90.9090909090909
93.75
93.75
93.75
93.75
95.2380952380952
96.7741935483871
96.7741935483871
96.7741935483871
100
100
100
100
103.448275862069
103.448275862069
103.448275862069
105.263157894737
105.263157894737
105.263157894737
107.142857142857
107.142857142857
111.111111111111
111.111111111111
111.111111111111
111.111111111111
115.384615384615
115.384615384615
115.384615384615
115.384615384615
117.647058823529
117.647058823529
117.647058823529
120
120
120
120
125
125
125
125
130.434782608696
130.434782608696
130.434782608696
133.333333333333
133.333333333333
133.333333333333
133.333333333333
133.333333333333
136.363636363636
136.363636363636
136.363636363636
136.363636363636
136.363636363636
136.363636363636
136.363636363636
136.363636363636
136.363636363636
142.857142857143
142.857142857143
142.857142857143
142.857142857143
142.857142857143
142.857142857143
142.857142857143
142.857142857143
142.857142857143
142.857142857143
142.857142857143
142.857142857143
142.857142857143
142.857142857143
150
150
150
150
150
150
150
150
153.846153846154
153.846153846154
153.846153846154
153.846153846154
153.846153846154
153.846153846154
153.846153846154
157.894736842105
157.894736842105
157.894736842105
157.894736842105
157.894736842105
157.894736842105
157.894736842105
166.666666666667
166.666666666667
166.666666666667
166.666666666667
181.818181818182
187.5
41.4869801140127
