"o"
3.59808
3.65543
3.6322
3.59492
3.64407
3.67763
3.69082
3.56396
3.62002
3.53734
3.64056
3.6007
3.56147
3.59056
3.64493
3.71854
3.61496
3.55289
3.57937
3.53526
3.61308
3.655
3.60079
3.60721
3.63069
3.55854
3.62927
3.54142
3.62811
3.64992
3.5904
3.57391
3.63659
3.54133
3.6266
3.63513
3.64959
3.60715
3.58286
3.607
3.63118
3.60724
3.52256
3.64837
3.53694
3.65136
3.68001
3.57681
3.58233
3.56275
3.56295
3.59012
3.58338
3.58479
3.5228
3.59839
3.55502
3.57209
3.62817
3.66641
3.65252
3.66281
3.67851
3.58037
3.52441
3.64982
3.6405
3.61236
3.52912
3.59754
3.58118
3.59386
3.64415
3.69692
3.59208
3.55371
3.59798
3.60389
3.62105
3.59913
3.62929
3.59698
3.58428
3.55646
3.58822
3.73008
3.63364
3.52708
3.69537
3.59685
3.60945
3.60866
3.61925
3.65175
3.55778
3.66379
3.56933
3.61724
3.596
3.54829
3.59905
3.6271
3.63593
3.58268
3.63754
3.58528
3.6203
3.59991
3.59035
3.567
3.54281
3.6333
3.59647
3.54437
3.59368
3.58648
3.56623
3.66183
3.63932
3.57924
3.60367
3.55933
3.60158
3.53071
3.59981
3.60653
3.61097
3.64736
3.60302
3.53046
3.68882
3.67779
3.50882
3.58292
3.59346
3.58001
3.65808
3.64342
3.71789
3.60019
3.58458
3.56113
3.63865
3.57152
3.60992
3.62202
3.57814
3.53976
3.65136
3.55343
3.63314
3.63093
3.58972
3.68429
3.62776
3.64398
3.62461
3.6839
3.55062
3.60437
3.55587
3.54024
3.56408
3.60365
3.65818
3.62734
3.53474
3.57499
3.61169
3.67363
3.68112
3.59585
3.6409
3.65752
3.56428
3.64428
3.66391
3.57371
3.62965
3.60691
3.64808
3.60571
3.68631
3.69625
3.49708
3.58771
3.60238
3.57882
3.65484
3.55639
3.5625
3.6535
3.60778
3.53052
3.62922
3.6657
3.5331
3.57985
3.53775
3.64871
3.58026
3.64959
3.61396
3.56762
3.54061
3.58587
3.53892
3.5973
3.6558
3.62872
3.63562
3.60621
3.58846
3.66829
3.66445
3.66825
3.64052
3.63441
3.60454
3.58625
3.7065
3.6365
3.57501
3.63378
3.62046
3.61338
3.69632
3.63608
3.60646
3.64301
3.55975
3.58356
3.58502
3.60559
3.5461
3.59126
3.54673
3.64954
3.63172
3.57862
3.63622
3.61848
3.60445
3.67296
3.58383
3.63033
3.58636
3.60795
3.62543
3.62981
3.56865
3.62082
3.63645
3.67436
3.61011
3.59795
3.59801
3.61704
3.61034
3.58341
3.57471
3.60589
3.57708
3.57643
3.57237
3.68436
3.58354
3.56682
3.65597
3.59901
3.66021
3.57535
3.54416
3.71681
3.59221
3.60003
3.51318
3.61621
3.66153
3.61772
3.55375
3.51173
3.56993
3.57101
3.64539
3.67729
3.68136
3.58171
3.54021
3.51793
3.57986
3.58235
3.62439
3.58997
3.54497
3.60444
3.62656
3.63733
3.5592
3.5768
3.6153
3.59305
3.57606
3.55741
3.64978
3.64922
3.66938
3.60948
3.56265
3.59185
3.64529
3.62993
3.71101
3.63654
3.58035
3.59775
3.7089
3.6087
3.63437
3.60429
3.58908
3.59278
3.55876
3.59731
3.65029
3.59725
3.53276
3.59511
3.6223
3.62898
3.60962
3.64451
3.5737
3.558
3.62261
3.55985
3.74729
3.61244
3.58124
3.63498
3.57189
3.56955
3.61899
3.64515
3.61212
3.61297
3.61704
3.57232
3.62116
3.68368
3.57953
3.62629
3.55528
3.54711
3.59685
3.69321
3.58126
3.55193
3.61547
3.65643
3.60707
3.62366
3.56189
3.59922
3.6558
3.56953
3.61978
3.57656
3.57874
3.58349
3.58738
3.62523
3.57283
3.70232
3.63061
3.68877
3.66223
3.51372
3.58722
3.58326
3.56203
3.61666
3.63899
3.61767
3.63126
3.52484
3.61957
3.60127
3.69121
3.5944
3.59036
3.57697
3.62147
3.54191
3.7205
3.70906
3.67273
3.56606
3.55913
3.52941
3.66154
3.67392
3.61318
3.69391
3.55709
3.71926
3.73111
3.62715
3.64006
3.60298
3.70234
3.55686
3.63956
3.61524
3.60396
3.62926
3.59565
3.5821
3.55392
3.59655
3.61508
3.62261
3.58925
3.57111
3.52791
3.56117
3.60583
3.64235
3.57819
3.5632
3.55975
3.59338
3.61265
3.67306
3.59514
3.54379
3.57523
3.55277
3.57283
3.6161
3.57157
3.69249
3.56488
3.63156
3.61038
3.67079
3.58399
3.58801
3.61342
3.59934
3.65141
3.58157
3.50523
3.61248
3.68095
3.54096
3.579
3.61523
3.61855
3.60349
3.61698
3.61033
3.59322
3.59307
3.60779
3.63897
3.63231
3.66268
3.53985
3.54624
3.61533
3.57624
3.68886
3.60609
3.58286
3.57161
3.56807
3.62541
3.65222
3.6302
3.59417
3.55515
3.58405
3.60414
3.65254
3.5854
3.62035
3.61827
3.57597
3.57409
3.65838
3.61612
3.67346
3.6554
3.624
3.59698
3.65408
3.53325
3.61606
3.62673
3.57983
3.56945
3.54277
3.57873
3.59288
3.61303
3.60796
3.63568
3.62474
3.63636
3.5673
3.66342
3.64836
3.58011
3.59729
3.53446
3.61598
3.66499
3.63939
3.61058
3.55416
3.54914
3.56128
3.63209
3.60347
3.587
3.58791
3.61997
3.65098
3.55973
3.57625
3.65966
3.52801
3.59844
3.59046
3.69951
3.64444
3.54297
3.65185
3.54946
3.6385
3.59644
3.63825
3.61351
3.62231
3.58855
3.56241
3.57921
3.60884
3.59833
3.61612
3.59703
3.67279
3.55436
3.66542
3.61847
3.59327
3.64882
3.64294
3.56976
3.63739
3.6376
3.67411
3.56898
3.59982
3.57815
3.56663
3.6444
3.66764
3.5908
3.53081
3.53281
3.57869
3.63084
3.62967
3.65298
3.63285
3.60966
3.59668
3.6138
3.60954
3.58811
3.62073
3.69966
3.58482
3.586
3.65067
3.57446
3.68578
3.61344
3.59234
3.64927
3.5541
3.56255
3.56656
3.57706
3.6276
3.55299
3.5553
3.56617
3.60858
3.67922
3.62525
3.56721
3.59248
3.62906
3.653
3.57231
3.59612
3.5604
3.62497
3.50447
3.59368
3.65862
3.56235
3.62932
3.5395
3.58053
3.70835
3.61428
3.67055
3.65555
3.64994
3.59491
3.59016
3.62542
3.62504
3.56449
3.68989
3.53958
3.56872
3.64689
3.6025
3.6427
3.60498
3.64922
3.60532
3.61759
3.54241
3.63264
3.58264
3.60926
3.59446
3.55079
3.59348
3.65933
3.55531
3.62056
3.69901
3.61242
3.61407
3.61097
3.66228
3.57255
3.58719
3.59963
3.60401
3.67459
3.66112
3.61102
3.5669
3.62112
3.57916
3.59025
3.60719
3.59946
3.61405
3.58557
3.58133
3.5398
3.73389
3.61876
3.63618
3.6316
3.6817
3.61466
3.63364
3.56108
3.62241
3.56279
3.60588
3.61235
3.56036
3.54737
3.7089
3.53753
3.55605
3.61671
3.5554
3.67241
3.67932
3.64303
3.6067
3.56127
3.50801
3.62545
3.66676
3.60184
3.61649
3.63636
3.62268
3.63317
3.57483
3.59676
3.61605
3.54892
3.68894
3.58231
3.56095
3.61939
3.66006
3.58638
3.52531
3.57853
3.62104
3.64791
3.69858
3.56435
3.70503
3.55592
3.65276
3.62468
3.57161
3.6334
3.60529
3.57148
3.56509
3.57378
3.61577
3.57326
3.62899
3.55525
3.5283
3.58371
3.59118
3.54788
3.60706
3.59301
3.52196
3.59118
3.60826
3.66519
3.6853
3.59931
3.58214
3.66388
3.53361
3.59128
3.63131
3.6223
3.65972
3.59541
3.59721
3.57811
3.72129
3.6625
3.65467
3.54841
3.61577
3.54714
3.73405
3.62404
3.58864
3.62782
3.66538
3.64289
3.68577
3.64005
3.59896
3.65703
3.56228
3.56122
3.5534
3.66174
3.5601
3.60449
3.60742
3.53388
3.60028
3.58182
3.65471
3.61722
3.58887
3.54906
3.61991
3.54964
3.61426
3.64049
3.54748
3.65649
3.52257
3.56965
3.6156
3.69638
3.61929
3.61977
3.65442
3.55072
3.65945
3.71062
3.57239
3.61628
3.5885
3.57986
3.58491
3.72054
3.62598
3.63455
3.61761
3.57045
3.60568
3.63359
3.62862
3.55122
3.69319
3.61727
3.65733
3.63475
3.61104
3.63719
3.57717
3.58868
3.54351
3.57076
3.61407
3.63583
3.67189
3.62798
3.5637
3.532
3.6328
3.66323
3.63885
3.59241
3.56877
3.59663
3.61135
3.5856
3.60586
3.67169
3.61416
3.54276
3.59941
3.71976
3.71927
3.66897
3.60438
3.56353
3.56715
3.49411
3.72234
3.59703
3.57784
3.62669
3.58207
3.59605
3.63058
3.58358
3.67881
3.56949
3.61072
3.56455
3.6294
3.54088
3.62305
3.51275
3.60301
3.57401
3.60038
3.6177
3.67226
3.6338
3.61353
3.59577
3.60875
3.50728
3.59671
3.64251
3.59708
3.62713
3.60269
3.65429
3.64553
3.65387
3.60717
3.5337
3.56863
3.62604
3.53047
3.68411
3.65139
3.59882
3.55991
3.61449
3.61319
3.61484
3.65078
3.58194
3.63836
3.59962
3.65905
3.64714
3.56201
3.58078
3.6536
3.58713
3.58201
3.59884
3.637
3.60178
3.63754
3.66052
3.52931
3.54315
3.59635
3.63452
3.62173
3.6704
3.61524
3.58916
3.62878
3.67763
3.65575
3.62703
3.5895
3.51609
3.57114
3.60549
3.63724
3.67129
3.62212
3.60784
3.53689
3.57606
3.63868
3.7323
3.63722
3.61697
3.59401
3.57443
3.66353
3.65307
3.5956
3.66583
3.5775
3.57134
3.54967
3.58628
3.58277
3.57704
3.5413
3.65292
3.65863
3.66954
3.57922
3.59362
3.56579
3.57271
3.61486
3.64261
3.70366
3.62619
3.54936
3.65533
3.62262
3.61231
3.60751
3.53437
3.64018
3.67091
3.5511
3.54123
3.67414
3.64267
3.6239
3.64217
3.55973
3.67007
3.64502
3.70033
3.65076
3.6476
3.64929
3.57703
3.56236
3.63929
3.63769
3.55942
3.65403
3.53626
3.62263
3.6786
3.54544
3.61016
3.62556
3.58423
3.52503
3.65712
3.64411
3.53155
3.5645
3.62592
3.65806
3.59534
3.59562
3.66234
3.64397
3.61571
3.58449
3.58879
3.68713
3.67801
3.60533
3.52041
3.6128
3.61468
3.65774
3.54654
3.67792
3.58338
3.6316
3.53991
3.57246
3.63723
3.63504
3.63563
3.63329
3.57258
3.55165
3.64987
3.69952
3.59997
3.61289
3.69096
3.58902
3.64968
3.59563
3.59982
3.61522
3.61298
3.56526
3.56834
3.57152
3.53778
3.5973
3.58816
3.63813
3.62196
3.66395
3.50303
3.71088
3.64214
3.56918
3.58067
3.61198
3.67945
3.63747
3.61043
3.53348
3.53539
3.57717
3.58228
3.64988
3.60966
3.56598
3.66846
3.5771
3.56306
3.6226
3.66182
3.65855
3.62568
3.55806
3.56752
3.57462
3.70511
3.58772
3.62245
3.64997
3.56592
3.58975
3.61994
3.60867
3.57404
3.62986
3.5263
3.66382
3.56057
3.59958
3.54197
3.67293
3.67638
3.59484
3.60835
3.57348
3.68917
3.6519
3.60622
3.6231
3.51632
3.63299
3.58185
3.66469
3.63105
3.51697
3.57678
3.63746
3.61933
3.64311
3.63256
3.58951
3.62776
3.59064
3.66392
3.6587
3.6761
3.55244
3.56375
3.66282
3.60689
3.69762
3.62153
3.61015
3.62773
3.647
3.60047
3.68047
3.5856
3.68268
3.63983
3.61851
3.68681
3.5909
3.6169
3.66087
3.60378
3.57174
3.60371
3.55267
3.58952
3.70872
3.59956
3.59161
3.60964
3.52973
3.56949
3.65399
3.68642
3.55065
3.61912
3.65138
3.54474
3.56314
3.60474
3.6284
3.58491
3.61804
3.61224
3.58081
3.58246
3.67734
3.6717
3.55376
3.62943
3.64813
3.72984
3.59058
3.58705
3.59361
3.59037
3.63693
3.67033
3.62429
3.66471
3.60282
3.57267
3.56753
3.61984
3.57514
3.61877
3.58858
3.6407
3.5354
3.621
3.63221
3.57686
3.64108
3.55654
3.5941
3.54127
3.57859
3.67968
3.67748
3.56409
3.54321
3.64168
3.57246
3.5658
3.64131
3.58472
3.58301
3.55832
3.65614
3.65865
3.68696
3.5384
3.60905
3.56056
3.56801
3.73712
3.62174
3.65114
3.57698
3.6019
3.56669
3.66493
3.68973
3.63214
3.66353
3.53038
3.57747
3.5613
3.63466
3.55904
3.63622
3.6094
3.48739
3.57219
3.59761
3.61366
3.6388
3.58277
3.6162
3.58847
3.59538
3.653
3.6905
3.61275
3.5353
3.59062
3.56415
3.58167
3.64303
3.59294
3.62221
3.61586
3.54326
3.6062
3.58719
3.68955
3.69845
3.58175
3.61851
3.56579
3.58952
3.6856
3.64481
3.60943
3.59506
3.62629
3.629
3.65015
3.58322
3.51746
3.61526
3.5383
3.55809
3.57473
3.62694
3.58631
3.60517
3.58867
3.57428
3.65005
3.60997
3.64331
3.59902
3.58756
3.62639
3.56177
3.57383
3.69611
3.60158
3.60178
3.63339
3.53222
3.56574
3.57876
3.67878
3.68947
3.58501
3.62144
3.62278
3.60413
3.65146
3.64281
3.61033
3.59407
3.62057
3.57727
3.69325
3.53289
3.6313
3.66818
3.67375
3.65749
3.65581
3.60215
3.57296
3.55281
3.57875
3.59254
3.61784
3.61342
3.64912
3.54786
3.58802
3.62248
3.57983
3.63191
3.64315
3.65488
3.54312
3.5392
3.57853
3.57552
3.59605
3.67457
3.57979
3.60452
3.58987
3.6869
3.62246
3.63861
3.66595
3.63405
3.58287
3.57995
3.62752
3.62979
3.6857
3.6368
3.54051
3.58658
3.62837
3.58495
3.6973
3.58314
3.67605
3.64804
3.59664
3.56727
3.56755
3.69358
3.53389
3.69246
3.59958
3.65844
3.63595
3.5483
3.58432
3.63433
3.59759
3.6043
3.64776
3.65403
3.68989
3.5779
3.54418
3.54884
3.61836
3.70218
3.57424
3.59497
3.6006
3.62216
3.57769
3.62417
3.63033
3.61877
3.59545
3.57229
3.64767
3.7356
3.63105
3.68148
3.68046
3.64038
3.59455
3.6312
3.72308
3.64452
3.57054
3.62895
3.5856
3.67114
3.59529
3.58717
3.63384
3.64461
3.52445
3.55343
3.5729
3.5534
3.59955
3.59531
3.62411
3.60093
3.56543
3.61415
3.61799
3.63017
3.60012
3.52259
3.63465
3.58098
3.66016
3.62897
3.60205
3.61898
3.62121
3.52406
3.60612
3.58718
3.72292
3.61982
3.58965
3.53083
3.6595
3.67237
3.59437
3.61661
3.65724
3.60668
3.61818
3.70366
3.59246
3.56531
3.69218
3.58961
3.6345
3.56117
3.62419
3.61024
3.58639
3.60109
3.68968
3.58274
3.59788
3.64073
3.54223
3.45984
3.60118
3.58375
3.64686
3.64309
3.66233
3.57753
3.60294
3.592
3.61377
3.64871
3.64597
3.58381
3.63247
3.59699
3.58449
3.60501
3.5906
3.60179
3.59093
3.53249
3.51593
3.64983
3.67594
3.68075
3.53515
3.61874
3.60677
3.64909
3.7025
3.60983
3.5461
3.70074
3.6728
3.68718
3.61831
3.6639
3.58004
3.68504
3.5616
3.53556
3.58539
3.57382
3.65711
3.56295
3.61599
3.57462
3.63145
3.57068
3.67101
3.59098
3.55098
3.54444
3.52342
3.60807
3.63339
3.57407
3.54272
3.58651
3.53321
3.54216
3.64514
3.65128
3.64432
3.66652
3.62699
3.63133
3.66553
3.70361
3.6008
3.64221
3.56087
3.51162
3.63847
3.64935
3.62831
3.63862
3.62092
3.67642
3.61093
3.6203
3.54506
3.58589
3.65142
3.63903
3.70611
3.62297
3.56791
3.59171
3.66154
3.65684
3.59005
3.65588
3.65688
3.5727
3.56509
3.58531
3.54507
3.61016
3.56775
3.68489
3.60402
3.65072
3.57429
3.50651
3.62754
3.5993
3.64482
3.65811
3.57278
3.61337
3.64543
3.64415
3.69564
3.6036
3.59262
3.53272
3.59518
3.60367
3.61668
3.60398
3.59738
3.66324
3.64345
3.65038
3.58092
3.56346
3.63843
3.56313
3.56352
3.61833
3.64187
3.55249
3.5888
3.58125
3.66282
3.62096
3.62872
3.62314
3.61942
3.65855
3.62196
3.59597
3.53037
3.63694
3.61861
3.65695
3.58865
3.63579
3.54002
3.54909
3.62111
3.65814
3.71065
3.61209
3.52693
3.64246
3.60312
3.67181
3.63658
3.62404
3.59127
3.58597
3.5778
3.65224
3.6969
3.58995
3.64688
3.55219
3.59292
3.67892
3.62182
3.61227
3.58409
3.60046
3.5542
3.60862
3.63636
3.64502
3.65382
3.61906
3.59251
3.55475
3.60381
3.60093
3.5885
3.63411
3.56107
3.5931
3.61398
3.63136
3.65485
3.53982
3.6149
3.60343
3.54271
3.60228
3.65133
3.67517
3.66474
3.60834
3.64635
3.58153
3.62969
3.6284
3.63687
3.63345
3.56805
3.63803
3.69749
3.62746
3.58373
3.60908
3.58728
3.5363
3.59309
3.61715
3.62588
3.57762
3.62831
3.52379
3.57703
3.6024
3.61837
3.60682
3.56478
3.60026
3.55311
3.60349
3.6549
3.63427
3.54932
3.68985
3.66865
3.67853
3.6721
3.64368
3.59689
3.60781
3.53619
3.59278
3.62194
3.58614
3.60326
3.71615
3.51774
3.61268
3.63303
3.65107
3.67295
3.59669
3.59464
3.58182
3.53504
3.68192
3.62712
3.58578
3.67372
3.59909
3.63966
3.6313
3.55399
3.61551
3.66466
3.5873
3.55787
3.56076
3.63315
3.57577
3.59455
3.56651
3.60575
3.66732
3.65708
3.67144
3.63337
3.68934
3.5473
3.62156
3.62305
3.64973
3.57054
3.61389
3.50997
3.60739
3.54813
3.64086
3.72375
3.57206
3.59108
3.62291
3.62122
3.61361
3.63174
3.63745
3.60044
3.54337
3.59999
3.56795
3.67183
3.51375
3.57965
3.70165
3.60358
3.6365
3.62958
3.60898
3.57113
3.59255
3.57246
3.5483
3.68041
3.64464
3.57256
3.53845
3.67538
3.58646
3.64209
3.55344
3.66881
3.57143
3.57698
3.54745
3.65259
3.6552
3.74434
3.62392
3.57706
3.58932
3.53585
3.58909
3.6465
3.71742
3.51732
3.58247
3.57215
3.57408
3.71611
3.72694
3.62732
3.65562
3.60274
3.564
3.63802
3.71125
3.66551
3.5508
3.63322
3.51749
3.65243
3.6152
3.57385
3.57478
3.56672
3.58299
3.57814
3.58255
3.64334
3.66148
3.63721
3.54082
3.51941
3.60481
3.52823
3.71945
3.56851
3.63022
3.62615
3.54359
3.59708
3.64594
3.64884
3.58556
3.61529
3.60467
3.57887
3.62435
3.63766
3.61899
3.56317
3.54971
3.62823
3.61358
3.67953
3.70163
3.57916
3.60726
3.54388
3.53099
3.69346
3.6194
3.54554
3.71035
3.6099
3.61849
3.6397
3.63426
3.62503
3.65907
3.55055
3.62253
3.66113
3.63154
3.62231
3.58758
3.63285
3.62849
3.63418
3.53647
3.66207
3.60838
3.58726
3.65392
3.56958
3.58133
3.71535
3.64915
3.57723
3.64459
3.5857
3.54032
3.76697
3.70703
3.59852
3.59086
3.47019
3.67226
3.66457
3.69932
3.60831
3.64553
3.60217
3.63892
3.56866
3.59064
3.59453
3.62516
3.64082
3.55844
3.64204
3.62425
3.54412
3.60585
3.5497
3.65005
3.57351
3.65575
3.60268
3.58428
3.60616
3.53644
3.56628
3.61616
3.5974
3.60026
3.63612
3.61643
3.65687
3.54113
3.62899
3.69008
3.55979
3.55966
3.62189
3.62821
3.57737
3.64693
3.63763
3.58138
3.64461
3.64873
3.6094
3.63035
3.66589
3.6607
3.60171
3.56488
3.53636
3.59868
3.76564
3.61508
3.5597
3.69161
3.65971
3.62947
3.62902
3.63237
3.58877
3.63571
3.63425
3.55909
3.6572
3.61257
3.66164
3.62156
3.6157
3.56625
3.6093
3.64231
3.63024
3.59721
3.58437
3.52588
3.53371
3.59267
3.7154
3.63636
3.55176
3.55709
3.56035
3.62635
3.6033
3.63681
3.54614
3.53253
3.55098
3.64589
3.59203
3.69817
3.67301
3.6348
3.65765
3.58866
3.61479
3.62565
3.63554
3.54984
3.65182
3.63582
3.69049
3.61971
3.60738
3.55912
3.70889
3.61779
3.57337
3.58503
3.58224
3.51383
3.59708
3.57394
3.58697
3.56529
3.55927
3.71378
3.70319
3.542
3.56108
3.58936
3.64561
3.66064
3.64982
3.66593
3.59136
3.59641
3.57208
3.64844
3.58612
3.58213
3.63535
3.53912
3.57992
3.59779
3.65754
3.56749
3.6102
3.65367
3.53078
3.57208
3.60224
3.66581
3.5878
3.60794
3.53156
3.59338
3.60644
3.62718
3.59996
3.57716
3.54217
3.62964
3.58965
3.64376
3.57038
3.60891
3.66698
3.57617
3.61179
3.58802
3.59845
3.60182
3.58598
3.60614
3.58888
3.64742
3.62796
3.62195
3.55662
3.57421
3.55167
3.55533
3.62745
3.68402
3.6687
3.64136
3.55947
3.57204
3.61865
3.70945
3.66332
3.6296
3.56839
3.61294
3.57591
3.65579
3.65628
3.61204
3.62075
3.60053
3.75949
3.58862
3.53913
3.59018
3.63918
3.63775
3.57681
3.62369
3.53379
3.55235
3.56268
3.60775
3.55249
3.55591
3.59524
3.62569
3.61763
3.58254
3.5902
3.55005
3.56269
3.69868
3.60154
3.63369
3.59817
3.63188
3.56821
3.61387
3.53951
3.63748
3.65649
3.5685
3.55426
3.61057
3.62561
3.67135
3.66777
3.51269
3.63173
3.54026
3.63664
3.59989
3.6291
3.601
3.60783
3.69206
3.59623
3.67857
3.663
3.54022
3.5873
3.60708
3.63298
3.60659
3.62789
3.59902
3.61268
3.6357
3.59909
3.59555
3.69452
3.63345
3.64864
3.58741
3.63274
3.66709
3.65141
3.59698
3.59712
3.61547
3.5864
3.64408
3.55908
3.62447
3.61126
3.58978
3.60684
3.55929
3.62841
3.67812
3.60358
3.58374
3.63724
3.59113
3.56196
3.61598
3.65302
3.60402
3.63512
3.61057
3.59361
3.64325
3.64987
3.63243
3.66626
3.68744
3.58869
3.56036
3.62259
3.57341
3.59239
3.63763
3.62545
3.60688
3.55895
3.59618
3.6351
3.59291
3.52776
3.56285
3.60907
3.71195
3.6571
3.51096
3.55015
3.65783
3.61979
3.65974
3.642
3.587
3.61217
3.56919
3.56685
3.61722
3.65374
3.67796
3.63817
3.6215
3.57883
3.57395
3.67386
3.56483
3.59881
3.62347
3.54273
3.64532
3.61471
3.66474
3.59214
3.57324
3.64287
3.56245
3.62408
3.58927
3.61248
3.5432
3.66287
3.55899
3.60146
3.57876
3.66267
3.55675
3.56606
3.59671
3.59345
3.65919
3.64819
3.63524
3.60803
3.56527
3.57027
3.51921
3.58713
3.5961
3.69421
3.58513
3.5645
3.61194
3.58739
3.60397
3.70083
3.59174
3.63317
3.60538
3.62718
3.68053
3.61753
3.60667
3.60855
3.57948
3.60353
3.57842
3.53344
3.61813
3.54958
3.58708
3.58976
3.68348
3.58935
3.55635
3.64138
3.54584
3.59157
3.60723
3.6292
3.68541
3.62759
3.6691
3.62612
3.58344
3.6128
3.67633
3.63686
3.67944
3.65054
3.50873
3.57065
3.62126
3.68249
3.58195
3.62141
3.5777
3.5589
3.6133
3.66672
3.6718
3.63749
3.56946
3.55714
3.6289
3.68704
3.61652
3.61493
3.67231
3.58968
3.60582
3.62881
3.61398
3.62963
3.66382
3.59526
3.57002
3.6184
3.62462
3.55698
3.66181
3.57621
3.60244
3.65487
3.66668
3.6176
3.64716
3.60532
3.57914
3.60892
3.61302
3.69897
3.56751
3.52697
3.55067
3.52949
3.61106
3.61762
3.62314
3.69693
3.5839
3.5861
3.55894
3.596
3.63254
3.59437
3.67745
3.64082
3.61715
3.54736
3.71236
3.6017
3.58927
3.69739
3.59792
3.57878
3.6253
3.59473
3.60309
3.59276
3.64756
3.64108
3.60378
3.60003
3.58048
3.61628
3.625
3.57853
3.50507
3.62134
3.63606
3.57816
3.62333
3.58352
3.621
3.60354
3.64315
3.66936
3.65248
3.57943
3.6157
3.51012
3.63331
3.67727
3.61257
3.56153
3.59356
3.55702
3.64206
3.58092
3.65787
3.65995
3.56262
3.6128
3.54807
3.61727
3.69648
3.64439
3.7427
3.60631
3.6265
3.58318
3.60725
3.62197
3.65943
3.56685
3.52988
3.60471
3.65262
3.62342
3.61198
3.57946
3.55789
3.57755
3.62337
3.71509
3.53889
3.53914
3.65159
3.59233
3.60454
3.66622
3.57565
3.52865
3.64039
3.62015
3.62106
3.58846
3.67068
3.59844
3.60373
3.5671
3.59206
3.67258
3.64104
3.62673
3.61823
3.61054
3.58562
3.56718
3.66428
3.69887
3.56804
3.7511
3.58033
3.66109
3.67174
3.68066
3.60476
3.65449
3.60721
3.5347
3.63156
3.51712
3.60248
3.70949
3.57821
3.55059
3.53211
3.57581
3.64266
3.66102
3.53293
3.57365
3.57928
3.60934
3.72051
3.62795
3.6475
3.42934
3.61992
3.61693
3.63941
3.64541
3.63198
3.63933
3.5844
3.55996
3.61871
3.6752
3.65904
3.61792
3.58855
3.57259
3.57597
3.65095
3.6817
3.56421
3.6553
3.60354
3.63493
3.64449
3.54632
3.57764
3.56415
3.69183
3.5921
3.60003
3.51638
3.62463
3.64257
3.64891
3.59618
3.60771
3.60374
3.60715
3.61374
3.61871
3.62605
3.5269
3.58481
3.65667
3.63212
3.65818
3.57452
3.62759
3.62319
3.56741
3.59926
3.58697
3.5548
3.54505
3.51161
3.5739
3.61693
3.69168
3.59951
3.62545
3.57084
3.60516
3.67203
3.55633
3.62702
3.6411
3.59655
3.57294
3.62633
3.60855
3.54751
3.60014
3.66004
3.51324
3.60142
3.57336
3.62017
3.57223
3.64162
3.57575
3.54187
3.58101
3.58814
3.64205
3.56205
3.61661
3.60151
3.64142
3.69608
3.58541
3.62899
3.58133
3.64601
3.63214
3.61853
3.59272
3.55735
3.54792
3.613
3.60536
3.61896
3.67515
3.69054
3.6541
3.5887
3.58405
3.62328
3.70497
3.63097
3.65711
3.62278
3.64435
3.65341
3.64891
3.65043
3.60769
3.59188
3.56183
3.63048
3.62075
3.53683
3.59847
3.65003
3.61319
3.61847
3.59684
3.66936
3.64595
3.57733
3.59091
3.5775
3.59338
3.64243
3.64668
3.63768
3.60957
3.54298
3.6858
3.61785
3.62036
3.69518
3.6365
3.63632
3.60847
3.59187
3.63467
3.6858
3.65213
3.57264
3.62706
3.60356
3.61378
3.65888
3.61843
3.58989
3.61527
3.62835
3.60987
3.64156
3.63604
3.59216
3.5787
3.60632
3.51325
3.6148
3.59141
3.56186
3.517
3.62813
3.52193
3.64301
3.61426
3.64368
3.62319
3.54589
3.60338
3.60578
3.56206
3.62766
3.59442
3.70291
3.65367
3.56539
3.54056
3.58506
3.62255
3.70413
3.53
3.66702
3.59739
3.60808
3.72361
3.61907
3.61526
3.53437
3.6339
3.58507
3.68406
3.61962
3.54648
3.72718
3.55033
3.66863
3.61454
3.58767
3.64478
3.62004
3.64226
3.59023
3.67086
3.55751
3.56698
3.63425
3.59682
3.62631
3.59038
3.58024
3.58817
3.61611
3.6501
3.52584
3.59312
3.59015
3.65547
3.665
3.63609
3.65462
3.55218
3.53739
3.6081
3.67998
3.66847
3.52774
3.61752
3.61002
3.60704
3.56595
3.60778
3.61775
3.60583
3.56961
3.60374
3.676
3.65951
3.61161
3.57915
3.6703
3.61478
3.65119
3.55965
3.61806
3.62051
3.54811
3.61189
3.61847
3.63904
3.59178
3.55121
3.63405
3.64038
3.61675
3.66023
3.57476
3.65496
3.58605
3.61216
3.57966
3.64262
3.68484
3.66204
3.5774
3.59471
3.61374
3.55421
3.57186
3.69993
3.64764
3.57134
3.5984
3.5833
3.5738
3.65079
3.62418
3.61748
3.61274
3.61468
3.6265
3.71538
3.71762
3.5398
3.66143
3.64762
3.6793
3.62069
3.63886
3.59743
3.58899
3.59443
3.61529
3.51744
3.60004
3.5456
3.578
3.60821
3.54309
3.58499
3.595
3.58275
3.5822
3.62357
3.66225
3.5498
3.57414
3.64641
3.62148
3.62675
3.55795
3.58215
3.58622
3.59504
3.64805
3.65079
3.62651
3.53224
3.62721
3.58896
3.66807
3.67194
3.68948
3.60108
3.58797
3.56815
3.66138
3.67313
3.55108
3.64895
3.6514
3.6515
3.60469
3.6102
3.58302
3.60618
3.52532
3.51368
3.64013
3.62563
3.59159
3.5348
3.56253
3.59869
3.68995
3.53995
3.65269
3.58197
3.58271
3.54877
3.58171
3.6007
3.64616
3.64441
3.58847
3.59289
3.60761
3.60437
3.55779
3.66281
3.64311
3.57924
3.58107
3.63459
3.65737
3.63087
3.563
3.62011
3.62565
3.54834
3.6041
3.6547
3.70957
3.55184
3.6929
3.64803
3.63536
3.62642
3.61495
3.65304
3.59411
3.6116
3.58918
3.57767
3.62305
3.63356
3.56746
3.58017
3.59286
3.55787
3.55682
3.54846
3.72479
3.62835
3.65481
3.58244
3.64352
3.58625
3.64866
3.57318
3.60282
3.57828
3.668
3.61195
3.63132
3.71776
3.56699
3.58441
3.58453
3.57251
3.70047
3.64195
3.67832
3.55664
3.58192
3.58277
3.64931
3.59594
3.54111
3.70278
3.62826
3.64238
3.66553
3.62227
3.63124
3.60305
3.5692
3.61394
3.53518
3.52383
3.62892
3.6183
3.53198
3.56007
3.68932
3.65909
3.69293
3.62475
3.55783
3.54541
3.5411
3.63708
3.70794
3.57531
3.64228
3.56824
3.58396
3.60627
3.60287
3.63539
3.55962
3.57488
3.54988
3.57089
3.6906
3.62865
3.66277
3.61837
3.53602
3.5303
3.59616
3.64251
3.68536
3.53674
3.63128
3.66956
3.6024
3.57385
3.6702
3.6382
3.58716
3.59858
3.55169
3.61948
3.57749
3.54295
3.72535
3.58883
3.56007
3.55913
3.59598
3.62245
3.63583
3.5942
3.5838
3.56442
3.60974
3.63688
3.65195
3.61719
3.62857
3.52969
3.55478
3.58274
3.60274
3.65957
3.5437
3.62631
3.56981
3.63503
3.65392
3.63636
3.58678
3.62399
3.63862
3.55975
3.58539
3.70906
3.60537
3.63917
3.63878
3.59075
3.6348
3.58099
3.66276
3.60853
3.52987
3.56699
3.6115
3.55972
3.5937
3.60744
3.65742
3.57384
3.57901
3.72192
3.63073
3.64661
3.53487
3.58716
3.57403
3.64207
3.61219
3.60997
3.63805
3.55821
3.58121
3.56238
3.57837
3.64019
3.67055
3.55603
3.59131
3.55599
3.55721
3.61802
3.652
3.66414
3.58274
3.6094
3.69976
3.64853
3.57064
3.5909
3.59469
3.62165
3.64242
3.65584
3.55486
3.57322
3.57249
3.61896
3.55129
3.66148
3.50945
3.53237
3.64624
3.6063
3.58481
3.65949
3.64756
3.6638
3.55731
3.6047
3.54196
3.61357
3.66525
3.60376
3.61218
3.59781
3.58064
3.62709
3.6519
3.61876
3.68484
3.61491
3.6128
3.57734
3.52578
3.63326
3.6924
3.59295
3.59839
3.66519
3.61775
3.57064
3.69785
3.63975
3.52976
3.68573
3.67308
3.63901
3.66526
3.64199
3.57975
3.58667
3.56482
3.50317
3.58549
3.62688
3.62892
3.63981
3.6771
3.58063
3.62816
3.6504
3.62354
3.58036
3.56394
3.62718
3.55053
3.54322
3.62227
3.70078
3.5897
3.63115
3.63477
3.52126
3.5593
3.61682
3.68811
3.59811
3.5845
3.58133
3.5697
3.68632
3.622
3.69276
3.58271
3.53348
3.52996
3.623
3.65935
3.56954
3.62255
3.61956
3.63202
3.62503
3.62483
3.55797
3.60252
3.62981
3.60421
3.53596
3.54263
3.56273
3.54883
3.5891
3.61797
3.55298
3.67844
3.56268
3.57985
3.56435
3.60436
3.6541
3.57642
3.65749
3.60674
3.60437
3.58321
3.58207
3.56891
3.58391
3.59694
3.62985
3.60218
3.5791
3.60155
3.62541
3.65929
3.63947
3.59011
3.60865
3.59694
3.62521
3.60058
3.63627
3.58553
3.76615
3.57616
3.6602
3.59522
3.69867
3.55303
3.58911
3.62328
3.67171
3.6021
3.62384
3.57768
3.58825
3.56069
3.59497
3.57102
3.60723
3.71762
3.64394
3.57698
3.58121
3.56477
3.59856
3.60964
3.625
3.5983
3.63076
3.57101
3.6304
3.67492
3.67359
3.55912
3.6416
3.60891
3.55543
3.57004
3.69634
3.68429
3.64272
3.61314
3.59593
3.53758
3.64902
3.62126
3.61011
3.6313
3.61488
3.67181
3.61839
3.57238
3.60363
3.59564
3.61198
3.66271
3.59745
3.55048
3.60518
3.56721
3.59154
3.61045
3.58748
3.56806
3.75466
3.7103
3.62276
3.61857
3.64851
3.60741
3.68916
3.71441
3.54111
3.62866
3.58338
3.54948
3.56115
3.67579
3.61068
3.5067
3.64299
3.5548
3.5969
3.58437
3.61443
3.57415
3.56278
3.62047
3.56981
3.66921
3.71296
3.63254
3.65574
3.65682
3.62561
3.63037
3.61359
3.67017
3.5494
3.60319
3.56369
3.6222
3.58022
3.54734
3.60649
3.6339
3.5614
3.52337
3.62746
3.70008
3.6383
3.62806
3.61184
3.5526
3.67362
3.63496
3.60851
3.60979
3.58423
3.62575
3.62957
3.57917
3.62262
3.65039
3.55116
3.55962
3.57277
3.6003
3.72812
3.69093
3.69397
3.54592
3.58499
3.60633
3.67279
3.59427
3.64996
3.66731
3.60543
3.56112
3.68856
3.5781
3.66532
3.64949
3.59629
3.62047
3.57647
3.6126
3.6327
3.55122
3.65231
3.57869
3.584
3.60969
3.66417
3.6432
3.61593
3.56195
3.54455
3.6223
3.55475
3.59336
3.52917
3.58799
3.62077
3.65565
3.60147
3.6481
3.64733
3.58452
3.57635
3.57067
3.61528
3.71175
3.67561
3.63003
3.55611
3.57552
3.55148
3.66478
3.63246
3.59808
3.63916
3.60195
3.63632
3.6102
3.6162
3.63394
3.63794
3.63669
3.61696
3.59394
3.60197
3.6054
3.6372
3.63033
3.64477
3.53718
3.67051
3.72651
3.6117
3.59652
3.60351
3.51352
3.56493
3.60805
3.68034
3.58179
3.59503
3.56723
3.50399
3.607
3.64005
3.55486
3.56057
3.64756
3.58377
3.64715
3.69311
3.67334
3.64025
3.63984
3.58867
3.57227
3.66742
3.65084
3.54073
3.6096
3.52806
3.58473
3.63973
3.48346
3.66435
3.65597
3.53778
3.60975
3.64097
3.55888
3.61909
3.581
3.56227
3.57367
3.57871
3.59586
3.62724
3.58149
3.57051
3.6252
3.60109
3.58704
3.65591
3.61365
3.62947
3.70304
3.5315
3.5873
3.59656
3.58841
3.65081
3.6201
3.53392
3.56832
3.56448
3.63655
3.68289
3.58376
3.58643
3.59731
3.57541
3.62646
3.69175
3.58186
3.71811
3.61093
3.58475
3.60485
3.61621
3.68071
3.59606
3.55242
3.51511
3.6282
3.57138
3.61902
3.63131
3.60942
3.54348
3.57746
3.62111
3.56817
3.63912
3.53644
3.58714
3.60583
3.60057
3.72615
3.73476
3.65058
3.58004
3.64959
3.58502
3.6069
3.60041
3.66338
3.59595
3.57881
3.60979
3.60327
3.70554
3.60714
3.61431
3.59765
3.58513
3.59707
3.64537
3.65376
3.61226
3.69799
3.5482
3.60579
3.5735
3.6044
3.65186
3.68072
3.63281
3.63785
3.59583
3.61226
3.63073
3.54535
3.54079
3.63298
3.57223
3.63459
3.68086
3.63844
3.51165
3.60365
3.58367
3.58919
3.67844
3.67322
3.54952
3.64793
3.61156
3.5509
3.6303
3.57201
3.59176
3.58503
3.61973
3.66291
3.6299
3.61714
3.67249
3.62945
3.59442
3.59287
3.56574
3.70016
3.65139
3.53599
3.64833
3.60249
3.63188
3.61929
3.59645
3.59141
3.54244
3.65238
3.56789
3.58372
3.54881
3.63901
3.57452
3.56978
3.58447
3.50804
3.64382
3.60997
3.58865
3.64364
3.54855
3.52108
3.70749
3.61143
3.58309
3.51415
3.63224
3.49815
3.64277
3.6595
3.71832
3.61759
3.57934
3.61413
3.62961
3.63708
3.66224
3.66748
3.6359
3.64269
3.57286
3.67486
3.66683
3.66181
3.5495
3.68677
3.59143
3.59449
3.62805
3.62332
3.6288
3.61981
3.58482
3.62574
3.5118
3.53458
3.60115
3.63717
3.61044
3.60026
3.51239
3.614
3.64841
3.65343
3.63325
3.56856
3.62456
3.65709
3.68126
3.60853
3.65801
3.58577
3.59608
3.59881
3.60007
3.69139
3.57023
3.59348
3.59946
3.59885
3.59658
3.75387
3.62118
3.61384
3.64682
3.54699
3.5578
3.67733
3.62019
3.59568
3.67981
3.58048
3.63424
3.65723
3.62419
3.57611
3.61503
3.58699
3.56288
3.64149
3.59924
3.6742
3.54583
3.56307
3.58322
3.599
3.55753
3.61053
3.54322
3.56723
3.66994
3.57166
3.59141
3.58777
3.66595
3.54592
3.54793
3.57417
3.65931
3.63969
3.65562
3.60232
3.56206
3.55446
3.60119
3.62934
3.6352
3.64067
3.62237
3.59203
3.57055
3.57308
3.67048
3.69753
3.65228
3.68658
3.53057
3.609
3.60082
3.70276
3.54282
3.67661
3.56493
3.64075
3.56349
3.50492
3.60556
3.65075
3.52459
3.62172
3.64949
3.57129
3.64366
3.65714
3.60805
3.53788
3.63418
3.68221
3.61263
3.6882
3.56587
3.55021
3.58294
3.52937
3.68322
3.60178
3.70655
3.60992
3.59499
3.60095
3.57415
3.71729
3.57894
3.66287
3.57807
3.52435
3.58669
3.63167
3.60495
3.60729
3.66932
3.65451
3.63161
3.64754
3.64283
3.63219
3.52579
3.62314
3.56265
3.5808
3.59524
3.5476
3.63745
3.64545
3.48501
3.5878
3.55073
3.68231
3.57749
3.52741
3.62801
3.57978
3.65875
3.5472
3.66672
3.58497
3.56212
3.62925
3.52203
3.65714
3.6802
3.6737
3.58818
3.58235
3.60349
3.62617
3.60133
3.65805
3.54902
3.62436
3.63227
3.63605
3.64918
3.62137
3.63135
3.64732
3.5613
3.70304
3.60085
3.57112
3.63538
3.63604
3.52215
3.5867
3.48576
3.61701
3.66123
3.56678
3.5848
3.57381
3.71772
3.63348
3.71191
3.64585
3.53647
3.58742
3.62166
3.58575
3.56371
3.6066
3.53006
3.60305
3.63095
3.61443
3.60272
3.6197
3.62467
3.54153
3.61136
3.61212
3.65954
3.71779
3.61079
3.54913
3.52229
3.54734
3.61302
3.58164
3.6784
3.57263
3.62776
3.64056
3.6312
3.6616
3.54758
3.61048
3.61682
3.65038
3.61845
3.57775
3.64575
3.59628
3.59333
3.57722
3.60005
3.57805
3.63315
3.6138
3.57575
3.57054
3.51866
3.65152
3.69281
3.64269
3.59078
3.59037
3.54351
3.62356
3.56142
3.62942
3.65509
3.64539
3.54154
3.52597
3.66095
3.62292
3.65807
3.59064
3.72162
3.60542
3.55323
3.56109
3.64466
3.62817
3.63764
3.64916
3.61235
3.59542
3.65851
3.63028
3.58229
3.57347
3.56195
3.56895
3.55044
3.52042
3.61905
3.5804
3.61073
3.54574
3.61668
3.64859
3.66191
3.6136
3.51653
3.65626
3.58464
3.64029
3.60737
3.56492
3.54168
3.57604
3.5695
3.68061
3.56792
3.68188
3.65244
3.62166
3.52393
3.532
3.70828
3.64907
3.73646
3.63276
3.61766
3.60304
3.60203
3.66975
3.55744
3.60453
3.63645
3.59071
3.60704
3.6307
3.65462
3.60852
3.6052
3.58748
3.57353
3.53741
3.58943
3.60013
3.62688
3.66982
3.57755
3.65999
3.5959
3.72001
3.67612
3.62246
3.62624
3.60416
3.54681
3.64461
3.62257
3.6102
3.53739
3.63609
3.56441
3.58595
3.57864
3.61168
3.58158
3.55877
3.59543
3.5986
3.68695
3.60098
3.63646
3.56799
3.57665
3.56617
3.66663
3.63783
3.55123
3.61822
3.61863
3.6276
3.6429
3.59808
3.60997
3.6037
3.53733
3.54648
3.63641
3.60299
3.57834
3.59199
3.62704
3.59979
3.65368
3.66003
3.63119
3.61551
3.57096
3.62683
3.61103
3.57301
3.75474
3.65548
3.65665
3.57222
3.60968
3.56612
3.64559
3.63949
3.59021
3.62636
3.59516
3.58338
3.59593
3.6756
3.6149
3.59454
3.57108
3.62342
3.57069
3.6479
3.60529
3.54992
3.64425
3.69435
3.60865
3.64968
3.55664
3.61259
3.59553
3.61874
3.54605
3.58399
3.59434
3.54905
3.62861
3.58409
3.50058
3.58064
3.61539
3.68522
3.62648
3.63725
3.58289
3.55099
3.57904
3.62636
3.60698
3.56059
3.4857
3.53402
3.57235
3.61015
3.68499
3.54669
3.56689
3.5724
3.60823
3.64136
3.68496
3.61335
3.62231
3.56371
3.62715
3.55508
3.69084
3.63912
3.57762
3.63196
3.65044
3.67391
3.61585
3.57067
3.67026
3.63581
3.56908
3.53148
3.59904
3.61478
3.61067
3.56863
3.62177
3.56764
3.65139
3.63126
3.63819
3.59776
3.63076
3.59439
3.57682
3.64886
3.62965
3.61109
3.54733
3.56178
3.62741
3.54619
3.60682
3.68775
3.59391
3.56449
3.5662
3.59961
3.66914
3.62507
3.61826
3.59712
3.66108
3.61116
3.56073
3.64225
3.61357
3.68313
3.70944
3.58156
3.60162
3.6619
3.6102
3.59694
3.68477
3.57782
3.59862
3.61298
3.60287
3.63885
3.53596
3.60037
3.60713
3.64694
3.57642
3.72296
3.61949
3.61115
3.58662
3.54273
3.63281
3.55316
3.68329
3.58303
3.64817
3.56625
3.63391
3.60797
3.59537
3.6193
3.52599
3.53766
3.54683
3.60259
3.59571
3.6193
3.66351
3.62961
3.53168
3.60748
3.59383
3.67407
3.59828
3.68151
3.65248
3.70955
3.60474
3.61204
3.62242
3.61585
3.56377
3.54862
3.57
3.56011
3.56511
3.60515
3.61767
3.54223
3.5635
3.60457
3.61204
3.72971
3.61937
3.58637
3.53956
3.56942
3.6605
3.58432
3.6297
3.60893
3.61229
3.52832
3.60974
3.58783
3.70106
3.66011
3.56167
3.57186
3.53745
3.6178
3.63491
3.61479
3.59004
3.56003
3.60679
3.68478
3.63672
3.65172
3.62552
3.60075
3.63641
3.64922
3.59699
3.60988
3.57773
3.60358
3.59452
3.6198
3.57067
3.67484
3.51919
3.51938
3.55058
3.55686
3.58383
3.59509
3.73534
3.53454
3.65591
3.54131
3.58317
3.63274
3.55623
3.61879
3.6317
3.58409
3.61152
3.60294
3.60207
3.59165
3.58677
3.5788
3.58479
3.61045
3.62707
3.58094
3.64514
3.63256
3.6042
3.58486
3.78625
3.65979
3.5661
3.62435
3.61251
3.61024
3.69602
3.62149
3.55959
3.73796
3.64226
3.61846
3.54023
3.63548
3.62983
3.56326
3.56954
3.60803
3.51743
3.59702
3.5763
3.63935
3.5848
3.63453
3.54206
3.64165
3.64404
3.67978
3.56487
3.58599
3.62714
3.56577
3.60456
3.69561
3.58427
3.64422
3.55849
3.62426
3.62083
3.75377
3.62139
3.63793
3.59219
3.59694
3.57099
3.67905
3.60745
3.53126
3.60427
3.56033
3.58226
3.71425
3.54059
3.68014
3.53835
3.60625
3.53689
3.56672
3.59078
3.57876
3.59596
3.60881
3.56508
3.65889
3.61425
3.63974
3.6062
3.52099
3.56197
3.581
3.60521
3.59903
3.56406
3.54081
3.58213
3.67233
3.60472
3.6643
3.7002
3.61441
3.59086
3.54181
3.60146
3.58696
3.66619
3.63312
3.7038
3.62808
3.59105
3.57537
3.68076
3.6176
3.56687
3.70215
3.60744
3.67156
3.59357
3.58461
3.64525
3.54624
3.63311
3.64687
3.61239
3.59333
3.63767
3.52784
3.55344
3.57524
3.57848
3.5988
3.65085
3.61733
3.51134
3.64438
3.51151
3.6487
3.60787
3.61461
3.58427
3.60161
3.56065
3.55371
3.61951
3.61086
3.70115
3.65078
3.53261
3.62477
3.53404
3.64038
3.6289
3.54906
3.57745
3.62305
3.55162
3.65583
3.6231
3.5338
3.65071
3.49031
3.6165
3.62504
3.68107
3.71295
3.61609
3.54845
3.53402
3.58621
3.59778
3.57176
3.61496
3.58059
3.60673
3.53577
3.58798
3.69268
3.56307
3.64757
3.61078
3.74237
3.66349
3.6921
3.59094
3.65437
3.56765
3.55253
3.60358
3.58806
3.59244
3.65988
3.55957
3.61065
3.5821
3.5889
3.62077
3.59895
3.66505
3.61006
3.67458
3.61444
3.70066
3.69429
3.55726
3.63053
3.67995
3.63646
3.61758
3.57116
3.63448
3.71822
3.49529
3.5434
3.5932
3.54787
3.53259
3.62989
3.5542
3.54606
3.57969
3.60067
3.78232
3.64977
3.58963
3.54814
3.60878
3.60574
3.57871
3.61589
3.65214
3.56062
3.61076
3.59205
3.61455
3.64009
3.68225
3.63906
3.63646
3.58041
3.6149
3.62033
3.6866
3.63024
3.55983
3.59361
3.54521
3.66899
3.68161
3.60407
3.6448
3.63937
3.6286
3.65273
3.61823
3.63576
3.58749
3.618
3.58915
3.54404
3.64189
3.68296
3.60997
3.58794
3.64119
3.60303
3.57554
3.58173
3.61734
3.55048
3.63242
3.55734
3.67662
3.60502
3.57369
3.56251
3.61771
3.56344
3.61766
3.63024
3.67068
3.64405
3.60731
3.62387
3.62441
3.66468
3.63251
3.65193
3.63451
3.57836
3.59865
3.55774
3.65406
3.58441
3.57442
3.62717
3.55908
3.65372
3.67554
3.64356
3.6806
3.64677
3.62615
3.5844
3.5558
3.54597
3.58755
3.65364
3.58141
3.57207
3.5605
3.57078
3.698
3.7479
3.58488
3.5621
3.61554
3.64366
3.60003
3.63758
3.70716
3.61539
3.62052
3.60821
3.58327
3.64163
3.6121
3.66006
3.55872
3.64614
3.69822
3.68019
3.64319
3.69391
3.54995
3.57431
3.63693
3.69004
3.58844
3.6565
3.60575
3.52803
3.67802
3.57949
3.54777
3.60948
3.6516
3.59931
3.61175
3.54894
3.58563
3.61502
3.64015
3.54587
3.54624
3.65264
3.66901
3.70418
3.64757
3.60413
3.53553
3.56361
3.61759
3.61006
3.66339
3.60512
3.59102
3.52364
3.53054
3.58261
3.6377
3.59956
3.65275
3.60444
3.57603
3.63161
3.72132
3.59625
3.77214
3.57696
3.5636
3.577
3.58505
3.70048
3.56824
3.66761
3.62643
3.63768
3.6436
3.64061
3.63866
3.58843
3.55631
3.53735
3.64337
3.56618
3.56712
3.6311
3.6295
3.6266
3.60901
3.61628
3.6267
3.61478
3.64085
3.56737
3.54879
3.61444
3.60118
3.60704
3.54366
3.59979
3.60396
3.50649
3.61605
3.62118
3.65079
3.55449
3.56228
3.59904
3.58232
3.62053
3.65325
3.60345
3.63123
3.60115
3.54715
3.62529
3.64209
3.68688
3.5993
3.53457
3.67099
3.59922
3.67614
3.5819
3.64619
3.57933
3.60611
3.5626
3.58601
3.62195
3.55165
3.60738
3.61097
3.6046
3.54253
3.64657
3.72379
3.57972
3.54266
3.52466
3.64598
3.65183
3.57125
3.62276
3.62272
3.65084
3.6422
3.61974
3.62429
3.65724
3.55433
3.52015
3.54656
3.65594
3.60659
3.66189
3.5891
3.64735
3.54425
3.59091
3.69288
3.64743
3.55217
3.66097
3.6088
3.64197
3.65311
3.57555
3.64102
3.57469
3.5798
3.57089
3.59522
3.59162
3.57715
3.51786
3.60135
3.64798
3.56638
3.58887
3.62138
3.64425
3.60706
3.57404
3.64705
3.64164
3.61024
3.59653
3.53379
3.59113
3.6328
3.56758
3.61922
3.6267
3.60233
3.60969
3.57165
3.63308
3.64357
3.6836
3.61369
3.61633
3.56721
3.57532
3.63266
3.75059
3.65518
3.59154
3.68575
3.5771
3.67661
3.61529
3.65252
3.61056
3.64827
3.6148
3.5712
3.52131
3.55108
3.58295
3.6876
3.56439
3.63761
3.54637
3.61039
3.69888
3.5987
3.58346
3.60416
3.62599
3.60228
3.63782
3.62271
3.60254
3.65471
3.65064
3.54325
3.62242
3.70802
3.5724
3.6096
3.61235
3.57321
3.59545
3.69783
3.66958
3.61973
3.57253
3.56818
3.61093
3.61551
3.6366
3.58667
3.69272
3.63838
3.62306
3.59599
3.58607
3.62219
3.59148
3.59007
3.4876
3.63745
3.56748
3.60363
3.57973
3.70268
3.60484
3.65079
3.63662
3.66355
3.58822
3.60682
3.58765
3.6566
3.56666
3.64391
3.64526
3.57147
3.53958
3.57441
3.66761
3.61343
3.7287
3.69531
3.6036
3.56072
3.54938
3.55552
3.65487
3.63034
3.65524
3.6789
3.61042
3.61093
3.68886
3.60613
3.56973
3.68758
3.52104
3.65176
3.57988
3.6244
3.61742
3.59104
3.61001
3.55872
3.58111
3.59708
3.55363
3.59636
3.58192
3.60535
3.52258
3.58296
3.68537
3.63337
3.55782
3.5183
3.69559
3.60493
3.63028
3.61186
3.59969
3.56247
3.61858
3.59179
3.63753
3.70347
3.61636
3.62726
3.59362
3.5461
3.59686
3.70653
3.60568
3.67684
3.58844
3.52082
3.58714
3.71676
3.5366
3.54655
3.68331
3.56204
3.57501
3.59143
3.61162
3.64994
3.61988
3.57184
3.55177
3.62152
3.55954
3.68979
3.53037
3.56184
3.5442
3.55329
3.61848
3.63913
3.59703
3.62254
3.5425
3.60912
3.54664
3.6506
3.74288
3.60257
3.69081
3.57631
3.52206
3.61536
3.69857
3.51149
3.62489
3.56522
3.59352
3.63247
3.6792
3.72043
3.57856
3.60746
3.56616
3.6124
3.69287
3.68737
3.61826
3.6025
3.66491
3.70943
3.61034
3.56834
3.59175
3.57618
3.6036
3.64039
3.54808
3.59106
3.61233
3.63744
3.6188
3.55244
3.56605
3.56717
3.62553
3.56557
3.62839
3.55967
3.61204
3.58863
3.56765
3.76272
3.58995
3.62696
3.51431
3.56074
3.67028
3.62682
3.61595
3.59795
3.53519
3.54059
3.6669
3.60105
3.54925
3.61686
3.61146
3.64977
3.57808
3.62241
3.59622
3.59027
3.60617
3.74074
3.58705
3.62222
3.5487
3.56298
3.57374
3.65176
3.61494
3.5713
3.60017
3.58136
3.57346
3.59363
3.64862
3.55623
3.63468
3.65276
3.60454
3.54862
3.5585
3.62573
3.62421
3.67023
3.54901
3.64926
3.6452
3.59623
3.50579
3.57514
3.5894
3.57898
3.61883
3.61732
3.62363
3.60796
3.65314
3.62919
3.68152
3.53813
3.58004
3.62442
3.70518
3.63279
3.6053
3.58768
3.6493
3.58248
3.71499
3.54022
3.5921
3.58277
3.55708
3.63559
3.64168
3.56683
3.55675
3.60133
3.55863
3.61074
3.67565
3.59201
3.62436
3.64653
3.57057
3.59245
3.60021
3.61124
3.63841
3.55872
3.62043
3.6517
3.59562
3.52921
3.645
3.5998
3.57085
3.62364
3.59927
3.63452
3.67496
3.63441
3.59595
3.64613
3.61744
3.63204
3.62414
3.67731
3.62501
3.59793
3.63452
3.5398
3.68104
3.62986
3.66203
3.57017
3.56925
3.62601
3.55623
3.62411
3.58892
3.52667
3.6433
3.62774
3.63401
3.60614
3.58391
3.65826
3.58766
3.57175
3.57251
3.55432
3.61365
3.64558
3.60789
3.5434
3.56894
3.56041
3.63604
3.62096
3.62264
3.6588
3.55823
3.57067
3.60492
3.59361
3.60188
3.66506
3.63205
3.5706
3.54735
3.51974
3.74318
3.63852
3.57847
3.64402
3.64095
3.55285
3.63019
3.56153
3.59459
3.63054
3.63692
3.60108
3.54138
3.63023
3.58856
3.60485
3.52806
3.58159
3.51159
3.68874
3.69872
3.66075
3.58683
3.55971
3.59612
3.58111
3.65453
3.61558
3.58886
3.55022
3.59159
3.58318
3.62782
3.6116
3.59161
3.62473
3.5811
3.54806
3.64757
3.65109
3.64488
3.64409
3.60517
3.56286
3.54637
3.68241
3.64474
3.61276
3.59954
3.64625
3.62871
3.63778
3.58332
3.67342
3.60146
3.56864
3.60944
3.54605
3.6564
3.59358
3.59096
3.61034
3.55559
3.61244
3.63991
3.63456
3.59804
3.59497
3.55907
3.58134
3.5875
3.62469
3.62651
3.53485
3.51609
3.63936
3.55426
3.62602
3.63795
3.60083
3.74284
3.55443
3.50384
3.61827
3.63091
3.63996
3.63186
3.61074
3.54818
3.6024
3.67677
3.59412
3.60506
3.70827
3.59226
3.67674
3.60537
3.61387
3.62167
3.6023
3.63123
3.62389
3.58212
3.62006
3.64801
3.56912
3.58366
3.54003
3.57375
3.61976
3.70957
3.58682
3.52076
3.53055
3.54238
3.51359
3.65502
3.64829
3.63808
3.57506
3.58769
3.52352
3.64013
3.63129
3.59224
3.62052
3.63655
3.57822
3.65736
3.67991
3.65795
3.61328
3.61158
3.60259
3.58634
3.70901
3.61949
3.61987
3.60296
3.61372
3.63603
3.63059
3.60724
3.59172
3.59428
3.54569
3.56266
3.58965
3.59952
3.55395
3.58937
3.60486
3.56171
3.59644
3.59395
3.65061
3.61773
3.61877
3.63392
3.59448
3.64754
3.55601
3.74192
3.57629
3.6231
3.59084
3.55894
3.5556
3.66447
3.59598
3.57899
3.55382
3.61434
3.59536
3.63978
3.63433
3.66277
3.53898
3.58446
3.57248
3.6045
3.68344
3.62043
3.66998
3.52757
3.55728
3.5942
3.59461
3.53357
3.62077
3.60167
3.61079
3.64506
3.55552
3.59545
3.61785
3.61239
3.57986
3.57086
3.5748
3.65109
3.62974
3.56276
3.59637
3.59355
3.5592
3.68487
3.65872
3.72328
3.58449
3.61696
3.5739
3.55114
3.61303
3.68025
3.586
3.61449
3.6029
3.67957
3.70083
3.61382
3.61751
3.57632
3.56463
3.56452
3.69743
3.7594
3.56704
3.61992
3.58529
3.55494
3.62622
3.61347
3.57361
3.65367
3.61493
3.60325
3.56548
3.59761
3.56735
3.48873
3.60973
3.62144
3.52745
3.68661
3.64032
3.60751
3.59739
3.52857
3.57658
3.64887
3.59398
3.61941
3.55231
3.63061
3.6165
3.59304
3.60772
3.61472
3.61428
3.53551
3.55469
3.58196
3.58347
3.66438
3.61566
3.68819
3.6123
3.54091
3.59601
3.68243
3.60795
3.61932
3.61938
3.55681
3.61384
3.61953
3.58052
3.63799
3.69598
3.55089
3.52871
3.58721
3.63518
3.61978
3.64296
3.55348
3.60586
3.61614
3.52683
3.6404
3.6152
3.61947
3.56959
3.67499
3.54771
3.65041
3.72423
3.56258
3.51978
3.62887
3.59565
3.64681
3.70962
3.58163
3.56427
3.58372
3.55537
3.5348
3.66914
3.71121
3.68425
3.66665
3.58828
3.58936
3.68999
3.53793
3.56459
3.64465
3.6313
3.60736
3.59817
3.57687
3.63436
3.66177
3.50156
3.54921
3.60638
3.56656
3.58372
3.57008
3.61194
3.60437
3.64204
3.53429
3.72316
3.59933
3.60784
3.59346
3.603
3.67211
3.62866
3.58109
3.53195
3.5724
3.65245
3.59261
3.56022
3.65573
3.58238
3.6072
3.60628
3.58635
3.66353
3.67445
3.63431
3.56016
3.62788
3.48637
3.54747
3.65495
3.61869
3.5464
3.67239
3.60292
3.65643
3.67449
3.59721
3.65189
3.58222
3.59236
3.55612
3.5955
3.61249
3.61564
3.63505
3.62671
3.60753
3.71046
3.5407
3.62777
3.61853
3.58337
3.59875
3.5923
3.62291
3.62758
3.64567
3.64749
3.63915
3.61333
3.56539
3.59611
3.71771
3.66738
3.64266
3.62946
3.55641
3.57026
3.6321
3.61953
3.59879
3.53795
3.61107
3.58613
3.66017
3.55446
3.61307
3.68778
3.64508
3.64648
3.65963
3.65405
3.59848
3.69254
3.72229
3.57121
3.50812
3.59125
3.5566
3.55467
3.52655
3.55502
3.5745
3.67094
3.7048
3.55
3.63507
3.56329
3.61955
3.58458
3.70725
3.60462
3.57566
3.56712
3.5479
3.59822
3.62444
3.60162
3.66526
3.60425
3.64919
3.55056
3.61655
3.63564
3.5844
3.67015
3.64481
3.5769
3.596
3.63965
3.68221
3.54176
3.66715
3.57889
3.65454
3.67404
3.59437
3.59527
3.59474
3.64258
3.6109
3.58396
3.69962
3.57951
3.6404
3.62821
3.56021
3.61968
3.63441
3.56749
3.68994
3.54405
3.58993
3.58473
3.60992
3.67349
3.64088
3.575
3.55845
3.58838
3.60454
3.65336
3.70165
3.59677
3.6001
3.56905
3.51218
3.6244
3.71058
3.59631
3.56941
3.60704
3.57821
3.5981
3.63552
3.60402
3.5991
3.61405
3.58251
3.68744
3.57875
3.61784
3.61621
3.61225
3.57916
3.62212
3.60795
3.60766
3.67034
3.59419
3.62441
3.60384
3.62495
3.62561
3.58677
3.60431
3.52777
3.57491
3.50031
3.61444
3.61503
3.66321
3.62284
3.58942
3.56821
3.58377
3.61868
3.62062
3.66451
3.60131
3.62292
3.57261
3.56852
3.70417
3.66871
3.60583
3.58964
3.59387
3.62181
3.66956
3.67453
3.52716
3.63835
3.65882
3.61321
3.67443
3.69452
3.59717
3.59776
3.57562
3.5387
3.62222
3.57161
3.63826
3.55157
3.60106
3.58658
3.59236
3.5996
3.68613
3.63085
3.59924
3.56546
3.54133
3.56769
3.70569
3.72519
3.51136
3.63162
3.57889
3.65343
3.57767
3.64951
3.64822
3.6059
3.56246
3.55177
3.60067
3.71092
3.62492
3.72624
3.57472
3.52537
3.58048
3.65921
3.66605
3.59082
3.57381
3.59057
3.62674
3.62377
3.58814
3.56579
3.622
3.65232
3.57058
3.59749
3.55677
3.63468
3.63246
3.50202
3.60185
3.64263
3.6848
3.64726
3.61727
3.56126
3.63982
3.59809
3.55108
3.61904
3.64122
3.59548
3.58823
3.56254
3.58034
3.72974
3.61446
3.66547
3.62757
3.56145
3.53312
3.61067
3.70819
3.61166
3.63559
3.57258
3.65455
3.58092
3.66808
3.60333
3.57589
3.59841
3.64899
3.66719
3.56895
3.56698
3.62413
3.60747
3.57841
3.54508
3.55333
3.7099
3.63777
3.67217
3.54405
3.66921
3.6749
3.58668
3.62894
3.65616
3.57125
3.53608
3.61629
3.62291
3.58259
3.64218
3.56715
3.5709
3.6204
3.60511
3.59662
3.65926
3.59676
3.60979
3.51253
3.62171
3.62131
3.65595
3.69713
3.60166
3.63049
3.55663
3.53618
3.75878
3.64387
3.52751
3.60363
3.59097
3.65834
3.51968
3.63455
3.64745
3.63295
3.65858
3.5366
3.65866
3.52697
3.62109
3.49088
3.63863
3.60705
3.52491
3.70907
3.63008
3.59647
3.61558
3.58423
3.51048
3.66692
3.59822
3.61443
3.53573
3.6132
3.6311
3.64459
3.57932
3.65766
3.5592
3.65941
3.58818
3.59187
3.66525
3.72692
3.60683
3.62976
3.53628
3.52356
3.63199
3.62985
3.60788
3.60346
3.6348
3.66087
