"o"
28.9707
29.1042
29.0935
29.8167
30.6157
30.4476
29.8985
28.9204
29.7117
29.6553
29.682
29.631
29.8658
29.2182
29.6916
29.7639
29.2098
29.0009
29.1993
28.9803
28.5686
29.9102
29.252
29.1294
29.1466
29.0469
28.6997
29.9144
29.2773
29.0633
28.9634
28.7706
28.5323
29.9663
29.3082
29.368
29.0892
29.1583
28.9112
28.669
29.4256
29.1564
28.9637
29.2599
30.1597
29.0979
29.0251
29.8095
30.4668
30.301
29.9851
28.787
29.6665
29.6365
29.6313
29.5995
29.7366
28.9614
29.7391
29.5266
29.263
29.1068
29.2769
28.9651
28.699
30.0279
29.2742
29.1117
29.1341
29.1485
28.9886
28.6223
29.8378
29.4087
29.0506
29.0718
29.0086
28.6315
29.8832
29.4313
29.2654
29.0768
28.8699
28.8138
28.509
29.3984
29.136
29.1986
29.3641
30.1287
29.1605
29.0538
29.8437
30.5042
30.4362
29.8834
28.8076
29.6558
29.6104
29.7611
29.6409
29.9232
29.0834
29.7966
29.8951
29.2819
29.0738
29.1263
28.9142
28.6186
29.9157
29.436
29.0547
29.1641
29.0502
28.8958
28.6389
29.9119
29.2595
29.059
29.1291
28.9661
28.6369
29.8462
29.5383
29.3316
29.0055
29.0425
28.9117
28.4797
29.4852
29.215
29.045
29.4263
30.187
29.0565
29.0754
29.7331
30.4923
30.3366
29.8661
28.7614
29.6956
29.6389
29.682
29.6127
29.8592
29.2264
29.8343
29.5953
29.2786
29.0746
29.1679
29.0302
28.765
29.9205
29.3383
29.0448
28.9452
29.2055
28.9929
28.4945
29.8717
29.3608
29.0442
29.2582
28.9641
28.6098
29.8658
29.3425
29.3074
29.2029
29.2092
29.0221
28.5276
29.419
29.3108
29.0314
29.3189
30.353
29.1693
29.2493
29.8667
30.5832
30.4756
29.8584
28.8834
29.6125
29.541
29.6313
29.6242
29.8256
29.2105
29.7684
29.7709
29.1713
29.0127
29.0848
28.8352
28.5775
29.7532
29.3894
29.2166
29.1171
29.0426
28.8028
28.5722
29.9194
29.3001
29.2073
29.1171
28.9443
28.6174
29.8808
29.4301
29.3905
29.0398
29.0521
28.9418
28.6126
29.3303
29.3226
29.0465
29.4362
30.3436
29.235
29.1247
29.9554
30.5337
30.3807
29.9244
28.7547
29.7156
29.6158
29.5783
29.5349
29.8476
29.2261
29.5432
29.6894
29.1912
28.989
29.0377
28.9968
28.6358
29.9088
29.2626
29.1043
29.1091
29.0618
28.9414
28.6532
30.0494
29.3416
29.0567
29.1037
28.9468
28.6522
29.9632
29.4072
29.2871
29.1523
29.1712
29.1104
28.5797
29.4194
29.2474
29.1602
29.3993
30.2489
29.0931
29.1096
29.929
30.5082
30.3652
30.0567
28.839
29.6835
29.5765
29.6675
29.6495
29.8848
29.0526
29.6639
29.696
29.3529
29.1193
29.0865
28.9693
28.621
29.9689
29.4084
29.1137
29.1845
29.0383
28.9763
28.643
30.0595
29.2972
29.071
29.1626
28.8797
28.4344
29.9112
29.4194
29.1584
29.157
29.1385
28.9343
28.6496
29.3652
29.1663
29.0598
29.3192
30.3497
29.1063
29.1508
29.9028
30.4604
30.2637
29.8663
28.8289
29.6841
29.6158
29.709
29.6553
29.7471
29.171
29.7312
29.7827
29.2365
29.0841
29.0798
28.8013
28.5202
30.0028
29.2896
28.9729
29.0819
29.0221
28.9888
28.5761
30.0038
29.3103
29.1337
29.1242
28.8874
28.5703
29.8419
29.4209
29.3061
29.0758
29.2252
28.8106
28.5926
29.3408
29.2331
28.9715
29.3413
30.2477
29.171
29.115
29.8543
30.6057
30.5449
29.9427
28.8966
29.7275
29.647
29.6531
29.6665
29.9992
29.2546
29.6881
29.658
29.3439
29.0869
29.0345
28.8781
28.5557
30.0264
29.2716
29.115
29.2324
29.0386
28.89
28.6611
29.9699
29.2896
29.1094
29.1082
28.8534
28.6104
29.8025
29.5715
29.2276
29.1256
29.1355
28.9879
28.5711
29.3688
29.2798
29.0358
29.3329
30.2658
29.1788
29.1648
29.9102
30.4847
30.4907
29.8968
28.8761
29.6124
29.4877
29.6478
29.6042
29.711
29.2469
29.6473
29.5941
29.244
28.9888
29.1337
28.8582
28.5322
29.9718
29.3277
29.0849
29.1509
29.1427
28.9783
28.4198
29.8123
29.4482
29.1086
29.2033
28.9877
28.5022
29.9436
29.4034
29.318
29.1619
29.1287
28.8849
28.5506
29.3751
29.3023
29.0607
29.3589
30.2372
29.1445
29.1552
29.9482
30.3485
30.4649
29.8942
28.8307
29.7425
29.5856
29.616
29.5123
29.7144
29.0336
29.5477
29.6727
29.1772
29.1179
29.0969
28.9196
28.6119
29.8941
29.3725
29.0252
29.1945
29.1678
28.9778
28.6027
29.9536
29.1898
29.1226
29.0565
28.8911
28.607
29.8388
29.5734
29.2728
29.0652
29.075
28.9766
28.6232
29.4118
29.3594
29.1054
29.419
30.2873
29.1977
29.1018
29.946
30.582
30.4311
29.8707
28.7859
29.6756
29.602
29.7442
29.5822
29.7628
29.2341
29.5996
29.6415
29.2244
29.0122
29.0337
28.8355
28.5711
29.7947
29.2917
29.0811
29.2111
29.0234
28.9068
28.6419
29.9586
29.3494
28.9403
29.0642
28.8629
28.5308
29.7483
29.4305
29.4004
29.194
29.1941
28.8971
28.6588
29.4152
29.3018
29.1802
29.4958
30.2626
29.2054
29.0726
29.9043
30.4575
30.4581
29.9708
28.8425
29.6248
29.5247
29.6642
29.4806
29.8824
29.035
29.7527
29.7411
29.3153
29.1496
29.0907
28.8854
28.5131
29.9019
29.3231
29.1655
29.1154
29.0906
29.0287
28.7
29.928
29.3822
29.0512
29.1417
28.9217
28.6384
29.8419
29.4861
29.2955
29.0613
29.0493
29.0281
28.6134
29.43
29.3064
29.0788
29.3791
30.1101
29.1636
29.1043
29.8939
30.5564
30.4441
29.939
28.9508
29.6271
29.6117
29.5547
29.561
29.7934
29.1371
29.6802
29.5992
29.3111
28.9851
29.1441
28.9461
28.4929
30.0676
29.4087
29.0759
29.099
29.1381
28.9099
28.6483
29.9294
29.1973
28.9979
29.0333
28.9168
28.548
29.8887
29.5059
29.4068
29.0408
29.02
28.9651
28.6104
29.4008
29.3115
29.0253
29.3752
30.2267
29.1918
29.0518
29.9085
30.5536
30.3273
29.9199
28.7555
29.5416
29.5673
29.7103
29.59
29.8271
29.2632
29.7693
29.7477
29.3148
29.2145
29.1559
28.9329
28.6628
29.9303
29.3545
29.0897
29.1956
29.0767
28.9132
28.7635
29.8853
29.283
29.0512
29.1025
28.8749
28.7024
29.7551
29.504
29.267
28.9896
29.1121
28.9133
28.4932
29.3943
29.2052
29.0984
29.4003
30.184
29.1699
29.0268
29.8775
30.4443
30.3318
29.91
28.8808
29.5965
29.5958
29.6326
29.5758
29.8999
29.2935
29.7553
29.6256
29.315
29.0314
29.0294
28.8354
28.6348
29.9079
29.2432
29.0806
29.1938
29.0099
28.9512
28.7184
29.7874
29.3002
29.1324
29.0384
28.9327
28.5265
29.8103
29.5097
29.3658
29.1359
29.0825
28.8877
28.7354
29.3984
29.2526
29.1017
29.4418
30.2322
