"o"
64.0119
64.4845
64.2191
70.8856
72.2781
72.3307
70.294
61.3268
68.8159
68.5215
68.9494
68.7498
69.8696
61.7054
69.9388
66.8745
65.0771
63.8264
62.5618
61.1031
59.7511
67.1308
65.2541
61.743
62.6399
61.1668
59.7761
67.2235
65.2567
64.04
62.4984
61.2458
59.9021
67.1671
65.7447
65.4785
64.1556
62.6367
61.2967
59.7821
65.7873
65.814
61.5883
65.1447
70.798
64.5927
64.3656
70.3204
72.2448
72.4071
70.4639
61.2589
68.8431
68.5746
69.1816
68.8733
70.2526
61.9679
70.3653
67.2105
65.3312
63.8281
62.3839
60.9692
59.5043
67.1484
65.325
63.8893
61.8883
62.4431
61.0885
59.7225
67.0901
65.3031
63.8725
62.4791
61.143
59.7621
67.1049
65.7662
65.3803
63.9446
62.6673
61.206
59.7797
65.7982
65.5702
61.8347
65.1403
70.5017
