"o"
14.2146
14.3388
14.39
14.4614
14.7976
14.7468
14.5662
14.3028
14.36
14.3399
14.4585
14.3808
14.4742
14.5471
14.45
14.5283
14.4974
14.4426
14.5519
14.362
14.3475
14.6835
14.5512
14.6381
14.4798
14.4476
14.1838
14.6962
14.4619
14.3583
14.5132
14.3948
14.3261
14.6191
14.5233
14.4701
14.2608
14.5018
14.4345
14.2509
14.5323
14.3878
14.5142
14.4721
14.76
14.3087
14.2916
14.5052
14.8401
14.7339
14.6287
14.3354
14.399
14.3386
14.4196
14.4105
14.5062
14.4672
14.474
14.6734
14.4204
14.4314
14.5645
14.3617
14.3532
14.6269
14.4454
14.3665
14.5075
14.4391
14.431
14.285
14.7359
14.4121
14.3253
14.495
14.3462
14.2688
14.5966
14.4786
14.451
14.3386
14.5218
14.4095
14.3136
14.497
14.4229
14.4293
14.3818
14.664
14.3254
14.3188
14.4808
14.7622
14.803
14.4828
14.4432
14.4275
14.2881
14.4408
14.4107
14.4461
14.4756
14.5318
14.5361
14.4192
14.2753
14.5717
14.4001
14.3007
14.6055
14.464
14.3157
14.5165
14.5053
14.3945
14.1773
14.654
14.575
14.4056
14.4019
14.4211
14.3242
14.6334
14.602
14.4454
14.3874
14.423
14.3438
14.3618
14.582
14.5018
14.6461
14.4995
14.7316
14.3521
14.3764
14.4613
14.9527
14.873
14.6039
14.4236
14.476
14.4613
14.4421
14.3447
14.5751
14.5739
14.4877
14.452
14.4532
14.2789
14.4513
14.3665
14.2058
14.5048
14.3961
14.261
14.5367
14.5053
14.3069
14.3303
14.6048
14.3923
14.3162
14.4775
14.466
14.3804
14.735
14.5278
14.5028
14.351
14.4458
14.4039
14.3398
14.5823
14.4365
14.5451
14.4244
14.7682
14.3001
14.3601
14.5086
14.9262
14.8133
14.4699
14.3213
14.3333
14.3569
14.4165
14.3419
14.475
14.579
14.4066
14.5764
14.4076
14.3536
14.5034
14.3871
14.1745
14.6868
14.4929
14.3839
14.4876
14.4382
14.4396
14.2653
14.6516
14.4696
14.3272
14.5395
14.4505
14.3065
14.5557
14.595
14.4255
14.4245
14.4347
14.4338
14.3366
14.6083
14.5038
14.5135
14.4342
14.6991
14.2967
14.3092
14.4987
15.0265
14.894
14.5751
14.3915
14.3749
14.3489
14.3844
14.4197
14.5041
14.5397
14.3837
14.5715
14.5434
14.3672
14.3834
14.4291
14.3218
14.6042
14.4335
14.249
14.5169
14.5187
14.3915
14.3157
14.7036
14.3372
14.2861
14.4887
14.3619
14.2993
14.6304
14.5041
14.447
14.2727
14.4424
14.4483
14.3334
14.5374
14.3834
14.6151
14.4967
14.7545
14.3791
14.1976
14.497
14.9463
14.7103
14.4797
14.3191
14.4832
14.3774
14.4561
14.4279
14.4649
14.5059
14.462
14.5887
14.3717
14.3122
14.5447
14.4168
14.3363
14.6815
14.4164
14.2425
14.6538
14.4652
14.4103
14.2303
14.5605
14.4861
14.4915
14.4968
14.332
14.3646
14.6582
14.5802
14.4724
14.4504
14.4636
14.416
14.2465
14.4202
14.4575
14.6466
14.3928
14.7572
14.2335
14.1949
14.4733
14.9066
14.8705
14.6293
14.3257
14.4465
14.3272
14.3869
14.3778
14.4857
14.4677
14.437
14.6255
14.4935
14.3316
14.4762
14.3414
14.2392
14.6326
14.4747
14.3551
14.4311
14.4083
14.4731
14.3343
14.6639
14.4075
14.43
14.4239
14.2798
14.3626
14.5997
14.5947
14.5229
14.4002
14.4574
14.4154
14.3563
14.4299
14.4779
14.4832
14.5126
14.6942
14.2947
14.2608
14.49
14.89
14.7898
14.5448
14.3903
14.4568
14.4545
14.4966
14.4408
14.4243
14.4389
14.5371
14.6866
14.4872
14.3787
14.5242
14.3912
14.2213
14.6323
14.4615
14.292
14.4388
14.4474
14.434
14.2204
14.6457
14.4764
14.3337
14.4049
14.4187
14.1589
14.5903
14.5722
14.4931
14.3439
14.5254
14.3853
14.2859
14.5101
14.4648
14.5366
14.4769
14.6783
14.2714
14.3243
14.3923
14.899
14.8561
14.5324
14.3154
14.3606
14.4014
14.3959
14.417
14.4501
14.5848
14.3769
14.6304
14.4885
14.4145
14.5111
14.4431
14.2146
14.6297
14.4915
14.2845
14.5509
14.5163
14.4372
14.2368
14.6721
14.5143
14.2881
14.4739
14.3998
14.2809
14.6545
14.4951
14.5331
14.4057
14.5346
14.3634
14.2852
14.4867
14.4803
14.6268
14.4271
14.8139
14.3114
14.2956
14.5233
14.9005
14.9365
14.5234
14.4965
14.447
14.4362
14.4056
14.3258
14.4856
14.5145
14.4084
14.6615
14.5194
14.3106
14.4601
14.4565
14.2372
14.6753
14.4773
14.4155
14.4743
14.464
14.3955
14.2818
14.5132
14.46
14.3889
14.5796
14.3437
14.2495
14.6187
14.6129
14.4034
14.3617
14.5205
14.3685
14.3589
14.4509
14.3728
14.5016
14.5164
14.8028
14.3736
14.3178
14.4872
14.8758
14.8623
14.5546
14.4435
14.4274
14.4162
14.4535
14.328
14.4801
14.4641
14.4754
14.5783
14.4998
14.3629
14.5142
14.3804
14.3098
14.5887
14.5321
14.2503
14.471
14.5153
14.4857
14.283
14.7849
14.4142
14.3231
14.4734
14.5331
14.2153
14.5875
14.5801
14.4595
14.3436
14.397
14.3437
14.2922
14.5468
14.4243
14.6123
14.503
14.7989
14.2615
14.3198
14.5263
14.9371
14.8118
14.5848
14.4158
14.3909
14.3513
14.4126
14.4475
14.5586
14.4342
14.4799
14.631
14.4441
14.3675
14.5167
14.3039
14.2827
14.6799
14.413
14.2639
14.6017
14.4906
14.38
14.2341
14.5165
14.4521
14.376
14.5284
14.4076
14.3411
14.6495
14.5439
14.4576
14.3312
14.4992
14.3643
14.3054
14.5494
14.4815
14.6291
14.3627
14.6752
14.329
14.3271
14.4608
14.9534
14.8288
14.575
14.4455
14.3835
14.4619
14.4855
14.4439
14.4217
14.4534
14.4722
14.5233
14.5013
14.337
14.5755
14.3952
14.3071
14.6763
14.3696
14.3349
14.6027
14.5155
14.466
14.3193
14.6637
14.5288
14.4348
14.4584
14.3981
14.2599
14.615
14.5069
14.3813
14.3773
14.4277
14.4062
14.3056
14.4874
14.4491
14.5924
14.5403
14.6614
14.287
14.3047
14.4275
14.8868
14.8114
14.5447
14.318
14.316
14.3928
14.4514
14.3576
14.4503
14.4299
14.4416
14.5138
14.4861
14.2802
14.5616
14.4904
14.2308
14.6853
14.5738
14.49
14.525
14.5494
14.4152
14.3386
14.6931
14.4289
14.3519
14.4734
14.395
14.3323
14.6617
14.5534
14.398
14.3498
14.5151
14.3697
14.276
14.5153
14.4414
14.6431
14.4499
14.7264
14.338
14.3092
14.5205
14.9394
14.8598
14.5844
14.4697
14.4728
14.3234
14.4145
14.3401
14.4953
14.4084
14.4148
14.6202
14.4422
14.4806
14.4647
14.251
14.3099
14.6084
14.4926
14.3325
14.5755
14.5265
14.3618
14.2787
14.7371
14.4715
14.2796
14.5182
14.3823
14.2049
14.6711
14.5839
14.477
14.2832
14.4563
14.3332
14.3019
14.5411
14.39
14.4933
14.4794
14.6464
14.2771
14.2818
14.4563
14.9174
14.7524
14.5989
14.456
14.4267
14.3169
14.4438
14.3909
14.466
14.5066
14.4926
14.6723
14.4585
14.3245
14.439
14.3411
14.2688
14.6922
14.4786
14.2579
14.5361
14.4565
14.4696
14.2678
14.7802
14.5214
14.3328
14.4417
14.4071
14.3266
14.7179
14.5595
14.3465
14.3249
14.5455
14.365
14.2962
14.5221
14.3611
14.4918
14.5018
14.7551
14.3485
14.3253
14.4276
14.8653
14.9185
14.6152
14.4772
14.4239
14.4418
14.4804
14.4481
14.4602
14.6191
14.4034
14.5294
14.3513
14.3244
14.5302
14.4399
14.3375
14.6938
14.4771
14.3457
14.582
14.5081
14.4615
14.3758
14.6183
14.3947
14.3147
14.4152
14.3606
14.2948
14.7416
14.4791
14.3434
14.23
14.4554
14.4111
14.2371
14.474
14.4449
14.5169
14.3963
14.6534
14.3491
14.2425
14.4284
15.031
14.8499
14.5324
14.4876
14.3898
14.3742
14.401
14.4317
14.5193
14.518
14.4863
14.6626
14.474
14.4441
14.5602
14.3783
14.2895
14.6774
14.5196
14.3699
14.5493
14.3434
14.4607
14.2665
14.7107
14.4993
14.3393
14.5369
14.4348
14.292
14.7304
14.4862
14.3869
14.2812
14.4426
14.2895
14.2191
14.5528
14.5139
14.5277
14.4321
14.6599
14.334
14.3463
14.4971
15.0435
14.7572
14.5723
14.4728
14.3586
14.3486
14.3835
14.3864
14.4976
14.6148
14.3908
14.5008
14.3568
14.3953
14.5104
14.3805
14.3105
14.5906
14.3867
14.3755
14.4891
14.5537
14.3446
14.2565
14.6565
14.4515
14.3797
14.5293
14.3852
14.2706
14.6249
14.5051
14.4335
14.3576
14.4867
14.4706
14.2983
14.5486
14.451
14.5716
14.4732
14.6728
14.3643
14.3651
14.4898
14.9589
14.8282
14.5414
14.4357
14.375
14.3576
14.4702
14.3277
14.417
14.5972
14.5284
14.6805
14.5156
14.2663
14.461
14.3622
14.1554
14.6545
14.4124
14.3276
14.525
14.4874
14.3696
14.3268
14.6546
14.4563
14.3019
14.4877
14.4594
14.2144
14.6229
14.4491
14.4188
14.3437
14.3437
14.3664
14.3129
14.4552
14.4083
14.6555
14.3391
14.7265
14.3082
14.3471
14.4752
14.8827
14.8874
14.6054
14.3896
14.3943
14.4144
14.4994
14.4033
14.4148
14.4574
14.46
14.7289
14.4217
14.388
14.4722
14.3411
14.2726
14.5796
14.6088
14.3506
14.4952
14.444
14.422
14.345
14.5768
14.5187
14.4136
14.5797
14.4597
14.351
14.6077
14.5643
14.4368
14.2292
14.4526
14.3883
14.3874
14.5583
14.4222
14.4505
14.5035
14.8884
14.3168
14.3227
14.49
14.9267
14.8398
14.5422
14.3954
14.4466
14.4304
14.4007
14.3965
14.5204
14.6092
14.4062
14.6327
14.3658
14.3576
14.4606
14.4069
14.2671
14.7168
14.4467
14.3283
14.514
14.4444
14.3161
14.264
14.579
14.4577
14.4121
14.5016
14.4152
14.371
14.5729
14.5161
14.5045
14.3199
14.5078
14.3882
14.3612
14.5358
14.4863
14.5689
14.4224
14.7243
14.3356
14.3706
14.5469
14.8634
14.8116
14.5406
14.3797
14.3899
14.3875
14.3989
14.3308
14.4456
14.4663
14.4859
14.5886
14.4063
14.382
14.521
14.4172
14.2566
14.6419
14.446
14.2464
14.5694
14.5601
14.4094
14.3145
14.7004
14.4549
14.3513
14.4715
14.3788
14.2895
14.7015
14.5097
14.4475
14.3232
14.4856
14.392
14.2532
14.5
14.4717
14.4976
14.4506
14.6049
14.346
14.2561
14.575
14.8348
14.7742
14.6335
14.3585
14.4622
14.3321
14.407
14.3588
14.4749
14.5428
14.5206
14.671
14.429
14.3974
14.4338
14.3763
14.2082
14.6325
14.3937
14.2417
14.5455
14.4608
14.4009
14.3183
14.6364
14.3552
14.2888
14.4473
14.3946
14.2828
14.7798
14.5834
14.4317
14.3432
14.5588
14.3205
14.3323
14.4815
14.4878
14.6389
14.5139
14.6621
14.3401
14.2003
14.5577
14.9488
14.8926
14.5278
14.445
14.4783
14.4162
14.4469
14.3979
14.4505
14.4499
14.5213
14.6225
14.4126
14.4104
14.4345
14.368
14.3291
14.5301
14.4433
14.2722
14.5128
14.3531
14.3998
14.3126
14.746
14.5016
14.3552
14.556
14.4609
14.3816
14.6605
14.5696
14.412
14.319
14.4215
14.3253
14.2861
14.5058
14.4211
14.5126
14.4888
14.6827
14.3077
14.2913
14.525
14.9328
14.8108
14.7115
14.3858
14.4834
14.4309
14.4348
14.4148
14.4332
14.4788
14.4464
14.6719
14.4048
14.349
14.438
14.3922
14.274
14.5913
14.4399
14.2971
14.5775
14.5043
14.4658
14.2251
14.6361
14.4423
14.3483
14.4061
14.3114
14.2456
14.644
14.5898
14.4162
14.3334
14.4845
14.3587
14.3098
14.5846
14.4518
14.6609
14.4812
14.7984
14.2727
14.2915
14.4767
14.8544
14.9002
14.5143
14.4551
14.3914
14.3735
14.4951
14.3982
14.489
14.5111
14.4261
14.5474
14.4909
14.3778
14.5102
14.374
14.3201
14.6742
14.5441
14.3949
14.5961
14.468
14.4423
14.3007
14.7427
14.4964
14.3607
14.5269
14.4596
14.2351
14.7152
14.6315
14.4674
14.3233
14.4353
14.3771
14.2524
14.5424
14.4051
14.6125
14.4363
14.6847
14.3182
14.3748
14.4729
14.8213
14.7596
14.552
14.3392
14.4342
14.4097
14.4009
14.3919
14.4353
14.5137
14.4719
14.5964
14.379
14.2823
14.5569
14.3864
14.2723
14.6583
14.4429
14.3067
14.44
14.463
14.3901
14.3564
14.679
14.4772
14.3645
14.3701
14.3681
14.3237
14.6629
14.5719
14.441
14.2593
14.4952
14.4102
14.2
14.5172
14.4253
14.616
14.4239
14.7765
14.3272
14.3757
14.5443
14.8096
14.8076
14.5241
14.3569
14.4329
14.3726
14.4046
14.3967
14.4536
14.464
14.4523
14.6998
14.4512
14.3048
14.4706
14.412
14.2655
14.6477
14.5115
14.3585
14.5232
14.5331
14.4413
14.4758
14.6075
14.4152
14.3585
14.4891
14.3936
14.2738
14.682
14.5266
14.4155
14.3977
14.5272
14.4584
14.3332
14.5381
14.4311
14.6154
14.5215
14.7783
14.4207
14.3371
14.5104
14.8572
14.8864
14.5616
14.3885
14.4183
14.316
14.4726
14.4359
14.428
14.506
14.4485
14.4942
14.4527
14.3964
14.5918
14.3631
14.3098
14.7295
14.5259
14.349
14.6145
14.4473
14.4177
14.1941
14.7085
14.465
14.3598
14.4447
14.3277
14.308
14.6187
14.5996
14.5298
14.3839
14.5216
14.3391
14.3013
14.4661
14.4712
14.5875
14.4038
14.7418
14.2438
14.3321
14.5041
15.0068
14.8755
14.5711
14.3632
14.392
14.3794
14.4683
14.3898
14.5745
14.5086
14.4723
14.5701
14.514
14.3783
14.5349
14.325
14.2993
14.6521
14.4568
14.2402
14.5022
14.4737
14.4311
14.3093
14.7011
14.4126
14.3986
14.4781
14.4722
14.3038
14.6259
14.4903
14.4918
14.3515
14.4795
14.4693
14.2613
14.4979
14.4546
14.5378
14.5082
14.8122
