"o"
61.8492
62.6644
62.2172
67.5771
68.9212
69.1192
67.578
59.3237
66.1775
65.7981
66.2593
65.8753
67.0676
60.1109
66.9458
64.2183
62.9077
61.8581
60.3578
59.2306
57.8963
64.6231
63.1249
60.0841
60.6747
59.4134
57.9953
64.8167
63.1638
62.0959
60.6287
59.314
58.0617
64.9327
63.6824
63.1909
62.0241
60.6053
59.37
58.0802
63.5331
63.2774
59.7969
63.0582
67.6032
62.6861
62.3603
67.5163
68.967
68.966
67.2822
59.3933
66.0615
65.8227
66.235
65.9248
67.0916
60.1684
67.1804
64.3963
62.8281
61.7342
60.3687
59.2053
57.8055
64.6054
62.9371
62.0224
60.1262
60.6497
59.3342
58.1633
64.8649
63.0372
61.9833
60.5991
59.4157
58.1139
64.9909
63.6128
63.1063
62.0706
60.5991
59.4974
58.0545
63.4478
63.1851
59.7675
63.1496
67.6024
62.6212
62.4165
67.5587
68.9081
68.9071
67.4464
59.2536
66.1515
65.9232
66.2156
65.984
67.0695
60.1193
67.0247
64.2818
62.7887
61.8072
60.4023
59.2469
57.851
64.6324
62.9714
61.9777
60.0948
60.8221
59.4522
58.1994
64.9041
62.9438
61.8898
60.5376
59.4419
58.0831
64.8738
63.7918
63.1291
62.1107
60.6926
59.4262
58.1325
63.4878
63.1934
59.8105
63.1613
67.5819
62.573
62.3315
67.6682
69.103
69.0898
67.3839
59.2856
66.1989
65.5959
66.1404
65.7853
66.9192
60.0443
67.0724
64.1839
62.6661
61.8858
60.4992
59.2298
58.0068
64.8118
63.0448
61.9076
60.0871
60.5866
59.3282
58.0717
64.9104
63.0338
62.0461
60.4708
59.317
58.1354
64.8417
63.546
63.3105
62.1565
60.6474
59.4599
58.0588
63.5819
63.4161
59.8948
63.0667
67.7625
