"o"
7.22349
7.33287
7.25278
7.23505
7.2428
7.28375
7.22934
7.09995
7.16478
7.25523
7.2007
7.1821
7.18955
7.08244
7.22916
7.28488
7.2921
7.19064
7.14295
7.11987
7.05121
7.25798
7.3646
7.10755
7.02966
7.12536
7.08419
7.211
7.3168
7.19371
7.0836
7.18033
7.09571
7.34093
7.39228
7.33672
7.29871
7.09382
7.0629
7.06637
7.31952
7.31661
7.16421
7.30952
7.28987
7.28004
7.21397
7.20115
7.36715
7.27996
7.16178
7.09041
7.17155
7.24665
7.14534
7.23183
7.18192
7.15264
7.3021
7.294
7.37525
7.2492
7.08366
7.12143
7.04382
7.12271
7.4052
7.31139
7.06031
7.1724
7.10974
7.03818
7.333
7.32966
7.19792
7.09442
7.11157
7.07571
7.19864
7.44377
7.4011
7.27948
7.06537
7.02285
7.12349
7.33837
7.27554
7.14614
7.35265
7.2612
7.19277
7.18295
7.26006
7.36665
7.34844
7.19471
7.19705
7.1811
7.27787
7.20393
7.18126
7.25548
7.16786
7.23344
7.29156
7.46357
7.20641
7.15046
7.08471
7.14304
7.33232
7.33733
7.37994
7.14295
7.17643
7.04409
7.12489
7.30496
7.34817
7.25314
7.11535
7.14947
7.11334
7.26266
7.47183
7.27937
7.29333
7.08837
7.09897
7.22241
7.3957
7.4197
7.11985
7.42187
7.13571
7.29533
7.21348
7.28305
7.3602
7.35828
7.22427
7.11142
7.14485
7.18677
7.26633
7.21015
7.18859
7.13965
7.20445
7.21337
7.25676
7.33599
7.11056
7.02735
7.151
7.27136
7.30923
7.25253
7.10214
7.17888
7.14117
7.22297
7.28299
7.39256
7.23884
7.23363
7.12746
7.12997
7.25919
7.27341
7.31117
7.25373
7.15544
7.12666
7.01846
7.3736
7.21937
7.14882
7.38517
7.26109
7.35703
7.27098
7.19899
7.30583
7.26868
7.28867
7.0443
7.20075
7.21178
7.21723
7.11281
7.18863
7.16793
7.25427
7.32475
7.44705
7.11783
7.15396
7.1292
7.18346
7.19318
7.38289
7.21581
7.14946
7.12699
7.08865
7.12715
7.19947
7.20524
7.19174
7.1007
7.02792
7.13033
7.2789
7.4564
7.37307
7.26164
6.98736
7.11103
7.05109
7.37809
7.27673
7.1132
7.38036
7.19525
7.16118
7.28202
7.17722
7.21899
7.37583
7.2505
7.13362
7.1396
7.16664
7.22839
7.25267
7.20017
7.09929
7.18849
7.26015
7.33978
7.21972
7.17265
7.09649
7.09818
7.25038
7.31359
7.24563
7.11586
7.08189
7.13367
7.04156
7.23372
7.33203
7.29917
7.07307
7.18584
7.13799
7.22772
7.38576
7.42959
7.24448
7.15557
7.23722
7.04406
7.34462
7.28841
7.15652
7.35093
7.20001
7.21151
7.30065
7.26532
7.41771
7.30195
7.14827
7.14523
7.09076
7.14578
7.1779
7.16206
7.30876
7.16093
7.20343
7.21776
7.41669
7.1901
7.09369
7.08615
7.117
7.21157
7.39701
7.24674
7.06272
7.05196
7.1358
7.02483
7.23614
7.34462
7.21785
7.06297
7.17949
7.041
7.3116
7.51809
7.27682
7.21188
7.12166
7.07036
7.19658
7.34125
7.31261
7.08941
7.4722
7.18776
7.28115
7.29077
7.1965
7.3235
7.3414
7.12292
7.08423
7.12341
7.11817
7.19688
7.23341
7.2205
7.0694
7.33168
7.23629
7.3161
7.20127
7.07992
7.11488
7.10422
7.24628
7.34127
7.13822
7.12304
7.14563
7.07536
7.0211
7.38498
7.31965
7.28975
7.08575
7.07443
7.08145
7.16999
7.40616
7.29955
7.37516
7.14712
7.10718
7.05721
7.41517
7.22271
7.10982
7.45068
7.27839
7.27417
7.29918
7.21464
7.28707
7.29007
7.24376
7.0371
7.12544
7.20457
7.18255
7.21776
7.26145
7.13165
7.2803
7.27959
7.31215
7.21892
7.0719
7.16483
7.06477
7.31621
7.31323
7.22569
7.14367
7.08389
7.20344
7.1258
7.25554
7.28792
7.23549
7.11973
7.08838
7.16316
7.18882
7.45573
7.33434
7.2525
7.13004
7.17036
7.16833
7.39264
7.24453
7.12486
7.36648
7.32274
7.29332
7.3373
7.25233
7.27007
7.28401
7.35566
7.136
7.14187
7.15249
7.21071
7.19058
7.2566
7.0938
7.26073
7.20262
7.29993
7.27539
7.14322
7.09787
7.17695
7.2238
7.32486
7.31844
7.17041
7.05245
7.10477
7.1028
7.36487
7.33929
7.33033
7.18669
7.12624
7.05495
7.33862
7.35446
7.4486
7.2808
7.14303
7.12118
7.06329
7.47651
7.23849
7.11223
7.38261
7.23046
7.24968
7.27301
7.23795
7.30917
7.40447
7.26261
7.09727
7.20524
7.15911
7.18468
7.21942
7.22919
7.18745
7.06334
7.29927
7.40769
7.23016
7.09584
7.16993
7.02568
7.20129
7.36507
7.3028
7.16559
7.17775
7.17167
7.17004
7.25299
7.39165
7.20893
7.10993
7.12287
7.01159
7.27301
7.45949
7.39357
7.30446
7.02806
7.08108
7.11483
7.44523
7.21633
7.12997
7.30819
7.1889
7.23622
7.25218
7.21629
7.31288
7.40256
7.24077
7.13382
7.15669
7.21548
7.19774
7.16291
7.25215
7.13536
7.18575
7.1877
7.29039
7.23676
7.18362
7.17902
7.10293
7.23713
7.32362
7.23593
7.17162
7.16727
7.12969
7.08821
7.25983
7.41677
7.22306
7.19149
7.15009
7.02091
7.2273
7.58702
7.38003
7.24501
7.12312
7.08921
7.16783
7.40495
7.24482
7.05685
7.31243
7.31117
7.33264
7.34682
7.23083
7.33247
7.32638
7.21561
7.1328
7.24107
7.17753
7.17514
7.20409
7.21922
7.09938
7.22144
7.16488
7.42789
7.297
7.12198
7.08027
7.0721
7.29585
7.34821
7.26464
7.12765
7.1221
7.04138
7.11164
7.22982
7.38621
7.29675
7.10215
7.10696
7.05114
7.21145
7.41299
7.23367
7.20173
7.00608
7.17803
7.08102
7.35761
7.32281
7.03732
7.36153
7.32351
7.28258
7.23629
7.19377
7.338
7.32596
7.24277
7.13377
7.17518
7.15782
7.2362
7.14607
7.19259
7.18035
7.16367
7.29301
7.32666
7.18376
7.11181
7.15106
7.14179
7.21545
7.33014
7.28105
7.10936
7.15441
7.07941
7.15316
7.24114
7.35584
7.15942
7.17655
7.0993
7.11902
7.22203
7.55279
7.29769
7.22219
7.06915
7.18617
7.12912
7.40499
7.30512
7.0644
7.33532
7.14688
7.32207
7.34463
7.23387
7.28679
7.27617
7.25808
7.03373
7.17767
7.16361
7.17007
7.15762
7.21769
7.15575
7.23713
7.31112
7.27756
7.26013
7.09739
7.12664
7.11712
7.27216
7.30906
7.28174
7.13732
7.07807
7.12757
7.07256
7.22164
7.33773
7.23305
7.1985
7.07821
7.15678
7.30089
7.43079
7.43904
7.20463
7.10194
7.1093
7.07891
7.35968
7.38416
7.0755
7.38633
7.29683
7.29642
7.36498
7.27021
7.31282
7.3613
7.24518
7.01091
7.18167
7.25918
7.20155
7.16018
7.32498
7.1573
7.18219
7.23094
7.37027
7.29742
7.13813
7.05489
7.13558
7.22695
7.39827
7.2091
7.15446
7.16237
7.14912
7.12087
7.27653
7.3518
7.20958
7.07574
7.17608
7.10339
7.18374
7.36016
7.35111
7.23916
7.14759
7.15397
7.08336
7.3184
7.31726
7.05513
7.35219
7.19785
7.29501
7.37059
7.18347
7.37001
7.36962
7.23596
7.10688
7.19762
7.25967
7.14169
7.12643
7.25874
7.06372
7.15304
7.21862
7.31238
7.24433
7.11992
7.10528
7.13034
7.20006
7.37738
7.2555
7.08425
7.13946
7.06771
7.11497
7.25653
7.36599
7.25286
7.04643
7.11407
7.1557
7.32676
7.38395
7.32274
7.23928
7.11109
7.05835
7.11657
7.39891
7.3478
7.14374
7.39298
7.21766
7.2875
7.34646
7.22615
7.30387
7.28568
7.19334
7.1946
7.1443
7.19369
7.15887
7.12233
7.18523
7.15437
7.2341
7.19655
7.3132
7.23052
7.08321
7.11241
7.1185
7.22355
7.30336
7.22577
7.08573
7.11616
7.05476
7.03774
7.19341
7.31266
7.1594
7.14563
7.08864
7.14179
7.18133
7.36942
7.46942
7.17812
7.02144
7.07624
7.05414
7.42936
7.23804
7.09957
7.21871
7.26228
7.25844
7.26844
7.29091
7.29363
7.2356
7.24087
7.1893
7.20545
7.22991
7.25403
7.23237
7.16901
7.13126
7.21619
7.27481
7.49954
7.11209
7.14224
7.24091
7.07995
7.25789
7.37604
7.2672
7.0118
7.14188
7.15796
7.1054
7.22773
7.30046
7.37855
7.12947
7.13799
7.0562
7.23746
7.42173
7.30537
7.2281
7.12737
7.12832
7.08813
7.36321
7.30194
7.19352
7.31558
7.16962
7.35039
7.28926
7.14645
7.23189
7.28732
7.30441
7.11025
7.19776
7.27417
7.22551
7.20132
7.21739
7.07312
7.18243
7.35122
7.37854
7.22811
7.07246
7.16877
7.11421
7.2069
7.36354
7.27447
7.14045
7.05474
7.16417
7.155
7.25746
7.29729
7.20293
7.02624
6.97915
7.06127
7.31168
7.52395
7.35015
7.26881
7.17586
7.07077
7.098
7.34291
7.23481
7.09341
7.55576
7.28625
7.21429
7.28997
7.27282
7.33434
7.29955
7.21247
7.10072
7.15734
7.25848
7.19334
7.13633
7.14586
7.10172
7.25209
7.16129
7.2492
7.23353
7.16759
7.03755
7.0245
7.25181
7.31336
7.32519
7.14149
7.16083
7.08262
7.09578
7.31386
7.38393
7.20384
7.10984
7.14514
7.02655
7.21628
7.55595
7.46808
7.26383
7.09547
7.07686
7.11643
7.41348
7.30681
7.08638
7.34512
7.2713
7.28823
7.16397
7.20131
7.2491
7.30162
7.31154
7.12414
7.1947
7.21958
7.20617
7.15604
7.21242
7.10688
7.20514
7.24721
7.30515
7.29051
7.10552
7.10584
7.09755
7.22687
7.35093
7.22158
7.12925
7.1107
7.10744
7.15329
7.2893
7.35359
7.2493
7.10164
7.12222
7.06801
7.32945
7.34525
7.24449
7.29787
7.16236
7.07198
7.09391
7.37556
7.32953
7.14972
7.37264
7.23437
7.18048
7.27559
7.26902
7.29219
7.26639
7.1932
7.07468
7.23343
7.33054
7.20902
7.21373
7.18841
7.01034
7.23858
7.21852
7.36508
7.1761
7.19968
7.0985
7.07056
7.30285
7.36398
7.23386
7.11861
7.08492
7.1136
7.05632
7.28275
7.30733
7.24282
7.08064
7.13184
7.10025
7.16569
7.37338
7.45203
7.2407
7.13772
7.20854
7.08789
7.43057
7.35674
7.10136
7.32601
7.1488
7.34647
7.29435
7.18361
7.27605
7.28905
7.26253
7.10248
7.13653
7.18697
7.2049
7.19981
7.22954
7.13537
7.19836
7.26049
7.40608
7.19328
7.15714
7.02045
7.09646
7.21231
7.31932
7.27858
7.17307
7.07104
7.12937
7.1258
7.23873
7.38997
7.27954
7.09851
7.17302
7.07925
7.22758
7.26453
7.32252
7.3089
7.1644
7.07794
7.09834
7.3034
7.25644
7.13637
7.37091
7.18681
7.28335
7.26131
7.22743
7.28695
7.42836
7.21041
7.09255
7.14614
7.20607
7.1404
7.17116
7.24496
7.18146
7.19924
7.31228
7.41923
7.26811
7.10595
7.14224
7.14074
7.29288
7.37456
7.27296
7.12438
7.07536
7.06367
7.06599
7.2876
7.24412
7.2595
7.067
7.0882
7.02985
7.30454
7.43613
7.28813
7.24288
7.07462
7.06256
7.05127
7.48394
7.32282
7.21548
7.41649
7.20953
7.24692
7.2424
7.17458
7.32446
7.34665
7.22728
7.15834
7.07962
7.16714
7.14378
7.21742
7.14543
7.16599
7.26752
7.2316
7.29423
7.25816
7.11147
7.08921
7.09069
7.21747
7.32905
7.27677
7.12733
7.03233
7.10439
7.10238
7.28069
7.44488
7.16305
7.03477
7.13567
7.16011
7.24784
7.49205
7.3108
7.36703
7.11343
7.09882
7.13066
7.37602
7.23297
7.06176
7.41535
7.25992
7.2254
7.32308
7.3157
7.3443
7.25028
7.17055
7.15696
7.24205
7.31083
7.19324
7.11986
7.109
7.15225
7.15044
7.29316
7.27174
7.33594
7.03818
7.13475
7.13006
7.23102
7.38184
7.26755
7.06208
7.08716
7.13759
7.15604
7.30102
7.39315
7.21878
7.11339
7.01601
7.06798
7.24647
7.4233
7.32982
7.2607
7.09923
7.0949
7.11881
7.34668
7.34789
7.16891
7.37544
7.22521
7.21919
7.29666
7.23589
7.15296
7.28869
7.25527
7.0998
7.15439
7.3002
7.16922
7.1614
7.15736
7.14046
7.18985
7.18506
7.34858
7.18459
7.15503
7.20815
7.12325
7.25146
7.29807
7.26269
7.09292
7.11493
7.14481
7.12367
7.29899
7.316
7.19814
7.06911
7.13687
7.05387
7.23424
7.41239
7.41762
7.31658
7.03511
7.10519
7.03638
7.49367
7.23849
7.19247
7.36356
7.27461
7.30835
7.20561
7.25423
7.21856
7.33602
7.25346
7.08044
7.1801
7.22756
7.16003
7.15624
7.18121
7.10202
7.17681
7.19555
7.31402
7.28767
7.076
7.14419
7.11148
7.23239
7.34668
7.27457
7.14039
7.14096
7.14615
7.08142
7.20341
7.34233
7.28868
7.19505
7.04384
7.05679
7.28401
7.39765
7.27008
7.25462
7.151
7.12165
7.05474
7.35655
7.28454
7.14994
7.38913
7.24935
7.29738
7.29029
7.33215
7.2657
7.33177
7.13898
7.21154
7.14011
7.22886
7.15838
7.20153
7.19434
7.07063
7.19708
7.23637
7.32934
7.22873
7.19363
7.07084
7.10112
7.30965
7.38551
7.22299
7.16584
7.07184
7.08916
7.11672
7.3471
7.33712
7.22063
7.10059
7.19497
7.01855
7.2153
7.36754
7.35683
7.27011
7.10399
7.08441
7.10405
7.47229
7.36834
7.13493
7.3099
7.19794
7.27176
7.32172
7.20259
7.35703
7.37773
7.207
7.06947
7.20352
7.20732
7.23715
7.24611
7.17402
7.08128
7.16991
7.20948
7.35566
7.23958
7.12117
7.18064
7.12723
7.35285
7.37391
7.18758
7.08201
7.13043
7.15468
7.02027
7.23262
7.30813
7.25999
7.11043
7.07173
7.146
7.17784
7.37367
7.44139
7.24844
7.09573
7.14386
7.06269
7.41339
7.35922
7.19188
7.37597
7.24896
7.28449
7.34576
7.1364
7.28051
7.21711
7.26295
7.11352
7.15901
7.14025
7.19809
7.09675
7.17158
7.16953
7.27003
7.3072
7.37192
7.15537
7.14853
7.14871
7.05997
7.23392
7.33449
7.35256
7.12424
7.06014
7.09085
7.14022
7.29219
7.34348
7.23159
7.07997
7.17908
7.0347
7.18924
7.53641
7.3303
7.31114
7.13402
7.04216
7.09495
7.41964
7.29241
7.09905
7.49571
7.2442
7.16967
7.40779
7.20962
7.26842
7.34752
7.23283
7.13442
7.22587
7.15739
7.24732
7.18124
7.20725
7.09421
7.22919
7.2535
7.3138
7.17428
7.13693
7.12461
7.14863
7.36896
7.28635
7.1922
7.16304
7.1443
7.08716
7.0235
7.26133
7.33765
7.25509
7.06943
7.11229
7.09346
7.2287
7.45141
7.41534
7.18583
7.2006
7.11792
7.18795
7.4702
7.30859
7.12754
7.26183
7.25493
7.30476
7.33303
7.31295
7.20221
7.29975
7.19157
7.04136
7.21841
7.25693
7.20161
7.13825
7.1863
7.06643
7.2755
7.26793
7.24141
7.21953
7.08353
7.14143
7.19141
7.27926
7.24354
7.25442
7.16066
7.02573
7.1273
7.10258
7.28635
7.35422
7.16268
7.12592
7.14745
7.16141
7.20038
7.32338
7.34014
7.30324
7.21079
7.05743
7.15985
7.41777
7.26502
7.13848
7.36087
7.26083
7.30792
7.27574
7.26636
7.21772
7.4152
7.29169
7.05203
7.10377
7.32477
7.27552
7.13624
7.24935
7.09367
7.21695
7.19918
7.35947
7.2053
7.11082
7.09524
7.03683
7.30015
7.20944
7.28943
7.13673
7.08426
7.0806
7.02162
7.20759
7.40565
7.24759
7.16814
7.15434
7.08266
7.36077
7.39808
7.34285
7.31472
7.10972
7.05084
7.12529
7.36918
7.28714
7.11069
7.21219
7.1304
7.32464
7.23597
7.27458
7.25761
7.23343
7.31999
7.15121
7.17002
7.16587
7.2004
7.12495
7.2163
7.09581
7.2275
7.26656
7.25568
7.23059
7.04078
7.14648
7.04138
7.2583
7.36864
7.20326
7.09309
7.09817
7.20119
7.12703
7.28365
7.42271
7.22846
7.06911
7.07191
7.07116
7.19848
7.35676
7.42642
7.21344
7.0742
7.03491
7.2287
7.34596
7.24965
7.1715
7.39736
7.15966
7.26049
7.27786
7.252
7.33852
7.26902
7.16975
7.07832
7.08802
7.22612
7.12486
7.22245
7.1336
7.1675
7.13882
7.25953
7.40741
7.11305
7.15152
7.02585
7.13525
7.26781
7.41354
7.28298
7.24884
7.13033
7.06231
7.03431
7.18114
7.37416
7.18343
7.17815
7.12746
7.03122
7.26645
7.31717
7.3589
7.2806
7.16363
7.08773
7.1223
7.41949
7.28558
7.09158
7.37364
7.16374
7.2678
7.33113
7.29963
7.31331
7.30394
7.21085
7.13457
7.17685
7.16841
7.16585
7.17573
7.21584
7.15418
7.21422
7.24693
7.26809
7.18857
7.11109
7.13882
7.17975
7.30906
7.39578
7.15478
7.17746
7.16188
7.11417
7.13908
7.313
7.41236
7.28834
7.18582
7.05213
7.07802
7.16374
7.34926
7.35681
7.23974
7.03622
7.15098
7.10033
7.43712
7.27752
7.0819
7.3535
7.20817
7.33104
7.28828
7.25077
7.19323
7.23572
7.15901
7.11739
7.14567
7.17808
7.18489
7.2027
7.17412
7.1018
7.25819
7.26288
7.30278
7.15765
7.06274
7.11958
7.25125
7.19704
7.27693
7.25322
7.17756
7.03539
7.11266
7.09577
7.21308
7.33097
7.2327
7.12469
7.10622
7.10173
7.25534
7.50172
7.43776
7.24674
7.16061
7.11988
7.08969
7.47378
7.21197
7.15051
7.39221
7.21634
7.31482
7.20186
7.23116
7.38447
7.3153
7.20853
7.1824
7.14223
7.23452
7.25478
7.17709
7.25319
7.0819
7.20265
7.20031
7.34194
7.25673
7.21142
7.0341
7.06437
7.27397
7.33754
7.31868
7.08591
7.08662
7.10297
7.12676
7.32601
7.27093
7.20405
7.10741
7.03802
7.0319
7.2112
7.42907
7.26332
7.21313
7.12527
7.16873
7.09264
7.42413
7.30713
7.09863
7.47025
7.11611
7.2077
7.34299
7.2893
7.29927
7.26882
7.18023
7.06851
7.06146
7.20116
7.1072
7.10233
7.14332
7.17812
7.19998
7.27117
7.3955
7.24101
7.15124
7.17737
7.11902
7.27397
7.4117
7.2572
7.10161
7.15735
7.04814
7.0733
7.27048
7.39547
7.22393
7.0935
7.14338
7.0922
7.1947
7.46454
7.37507
7.19479
7.12014
7.11735
7.17989
7.37507
7.29973
7.17748
7.39237
7.28679
7.29504
7.28798
7.30952
7.21191
7.2431
7.26948
7.18604
7.21762
7.32959
7.22552
7.23693
7.20793
7.07301
7.22542
7.19946
7.43752
7.23741
7.1207
7.11225
7.07663
7.25089
7.31568
7.17971
7.12206
7.03546
7.0353
7.12348
7.21236
7.40635
7.23829
7.13746
7.14447
7.04658
7.30887
7.29813
7.32793
7.25139
7.15666
7.14321
7.15939
7.34068
7.32068
7.15901
7.39062
7.26034
7.27686
7.26492
7.25682
7.26953
7.32257
7.26471
7.07861
7.15331
7.30134
7.17979
7.19563
7.15724
7.16135
7.18015
7.21643
7.3855
7.23047
7.1573
7.14561
7.1409
7.27314
7.37703
7.25997
7.17677
7.0153
7.1399
7.07077
7.2482
7.34164
7.18549
7.11459
7.04261
7.12511
7.29373
7.38303
7.24195
7.24003
7.14755
7.10669
7.09494
7.36369
7.26973
7.15194
7.3569
7.16904
7.22026
7.26987
7.23238
7.22139
7.3103
7.28666
7.02064
7.11908
7.24421
7.22819
7.25566
7.30166
7.09021
7.21175
7.25664
7.35188
7.13549
7.08827
7.08593
7.1963
7.28719
7.3463
7.28257
7.12088
7.10292
7.135
7.16139
7.23146
7.2864
7.19526
7.18233
7.12707
7.06993
7.28784
7.46004
7.26362
7.20696
7.10702
7.0555
7.10265
7.40326
7.32804
7.1697
7.29238
7.17233
7.29425
7.25395
7.2431
7.34038
7.29482
7.26709
7.05348
7.16143
7.23276
7.32282
7.20148
7.24287
7.16639
7.20432
7.21336
7.27249
7.22035
7.18088
7.10595
7.09051
7.25451
7.31367
7.23449
7.12044
7.1161
7.14304
7.1605
7.18891
7.36063
7.27045
7.14223
7.16032
7.10391
7.23461
7.43995
7.34324
7.27353
7.12185
7.1573
7.12812
7.33761
7.34214
7.09086
7.40445
7.29641
7.20667
7.18725
7.06252
7.27573
7.32715
7.27979
7.0646
7.23279
7.19498
7.12214
7.19824
7.31726
7.20849
7.24981
7.17737
7.36859
7.2389
7.12973
7.16695
7.1253
7.20723
7.41098
7.29489
7.18739
7.13001
7.10639
7.10015
7.18054
7.38182
7.24239
7.20737
7.08982
7.08631
7.20568
7.30861
7.3639
7.23813
7.11981
7.12521
7.01684
7.48392
7.28509
7.08678
7.41336
7.1604
7.32847
7.28251
7.27264
7.38046
7.3177
7.21701
7.08034
7.12978
7.21831
7.1424
7.19077
7.2386
7.1316
7.22855
7.30083
7.37638
7.29219
7.1569
7.13819
7.08394
7.22575
7.28283
7.25441
7.10927
7.12184
7.16509
7.15837
7.23924
7.27263
7.26092
7.04456
7.10612
7.10837
7.2887
7.4397
7.34083
7.23795
7.15234
7.05605
7.08771
7.4054
7.32898
7.12352
7.3043
7.243
7.26326
7.2953
7.22347
7.3744
7.28049
7.28083
7.09752
7.11889
7.17069
7.17876
7.22123
7.24364
7.08788
7.19939
7.24035
7.31093
7.15326
7.1914
7.04269
7.13724
7.22947
7.31351
7.23366
7.03938
7.05561
7.15006
7.14162
7.3001
7.47084
7.1816
7.10399
7.12279
7.08051
7.21462
7.36927
7.37771
7.3167
7.14052
7.10265
7.07878
7.36873
7.2548
7.17512
7.28698
7.213
7.20807
7.32606
7.2101
7.25435
7.27599
7.3059
7.12979
7.13107
7.29031
7.17848
7.12937
7.26835
7.09373
7.14357
7.21744
7.45715
7.17451
7.1632
7.08893
7.12692
7.1851
7.27107
7.27657
7.05215
7.09716
7.17779
7.11935
7.2689
7.34873
7.30904
7.15155
7.1278
7.07624
7.16998
7.38548
7.42203
7.27309
7.07086
7.06234
7.05448
7.38946
7.29548
7.13808
7.31209
7.2825
7.1441
7.3369
7.30381
7.30424
7.35817
7.22532
7.10303
7.14976
7.22036
7.21066
7.21196
7.31732
7.09387
7.21677
7.19095
7.27175
7.25185
7.09818
7.16476
7.13629
7.22492
7.27178
7.17819
6.99693
7.10141
7.1193
7.15423
7.30233
7.32549
7.30704
7.07935
7.11582
7.16478
7.18434
7.53859
7.35173
7.2976
7.09612
7.18161
7.09392
7.44647
7.3935
7.14428
7.39893
7.19305
7.30257
7.31847
7.22008
7.26941
7.331
7.20064
7.05571
7.2119
7.10638
7.20599
7.17924
7.22348
7.05264
7.09444
7.22394
7.39665
7.27736
7.06819
7.1425
7.09106
7.2675
7.30429
7.21078
7.10406
7.13579
7.09149
7.14655
7.16693
7.37308
7.2923
7.10429
7.10848
7.07701
7.26962
7.38562
7.23714
7.26297
7.08528
7.08874
7.12598
7.37047
7.19824
7.13382
7.30675
7.19955
7.23298
7.27955
7.30658
7.30741
7.36096
7.31795
7.07965
7.13958
7.23185
7.12999
7.1272
7.2427
7.10819
7.13511
7.17064
7.29347
7.2292
7.07072
7.12345
7.12125
7.24518
7.34759
7.28055
7.10636
7.12954
7.08856
7.14505
7.21235
7.44097
7.21718
7.0395
7.10734
7.09211
7.22358
7.43612
7.30369
7.18867
7.08703
7.02627
6.98594
7.41534
7.291
7.15472
7.36859
7.19424
7.24922
7.2481
7.28494
7.26529
7.35186
7.20808
7.15407
7.07965
7.25983
7.18363
7.14488
7.18647
7.17463
7.22923
7.1437
7.27253
7.20707
7.07022
7.04443
7.10272
7.33109
7.29798
7.27626
7.14474
7.11404
7.16376
7.1334
7.30346
7.34595
7.25649
7.07315
7.14071
7.08495
7.25784
7.44545
7.36386
7.22099
7.16182
7.11262
7.00339
7.45404
7.27598
7.11522
7.30721
7.13685
7.24054
7.38287
7.16319
7.25706
7.21759
7.20348
7.11347
7.09599
7.16164
7.2461
7.13397
7.11771
7.18359
7.22411
7.30487
7.28848
7.16819
7.10293
7.08236
7.14902
7.24647
7.39256
7.32199
7.28775
7.12051
7.09686
6.96191
7.23006
7.46269
7.235
7.02238
7.04704
7.14765
7.28426
7.45062
7.32931
7.28815
7.07547
7.15788
7.09967
7.38407
7.41838
7.1239
7.39681
7.12523
7.28761
7.21516
7.32457
7.34916
7.3133
7.20629
7.13814
7.15055
7.2054
7.27363
7.25921
7.20309
7.13031
7.22243
7.27497
7.36585
7.15886
7.09078
7.13254
7.10188
7.31283
7.28865
7.24796
7.11943
7.10524
7.01254
7.06209
7.21617
7.26383
7.25624
7.10525
7.21771
7.15615
7.22439
7.4076
7.31599
7.2142
7.11601
7.06472
7.13098
7.4612
7.38022
7.06705
7.18971
7.25886
7.36107
7.29808
7.23264
7.30684
7.28848
7.2376
7.16436
7.18074
7.13026
7.2712
7.20408
7.15365
7.22695
7.16133
7.22785
7.35727
7.22864
7.17554
7.13994
7.04009
7.30559
7.33267
7.28331
7.08478
7.12352
7.08119
7.15848
7.22634
7.38007
7.23131
7.05689
7.06216
7.11511
7.20547
7.42378
7.28852
7.2718
7.08039
7.18357
7.11116
7.3926
7.37549
7.16139
7.43668
7.21783
7.34514
7.25016
7.22763
7.30254
7.24591
7.17499
7.05166
7.16798
7.19632
7.30601
7.21806
7.20987
7.14151
7.15474
7.15422
7.3128
7.22174
7.14983
7.06536
7.11164
7.30206
7.39324
7.2771
7.11463
7.23055
7.14374
7.05973
7.28546
7.38973
7.15951
7.11146
7.0593
7.14458
7.16174
7.48353
7.24876
7.27382
7.02295
7.08568
7.03692
7.38549
7.37221
7.05859
7.38983
7.37452
7.33241
7.21193
7.22305
7.35603
7.29346
7.25545
7.14918
7.18394
7.26339
7.15326
7.23362
7.16142
7.14001
7.22506
7.32948
7.41813
7.18733
7.07169
7.1525
7.03981
7.24269
7.36144
7.24832
7.08372
7.09131
7.06461
7.00769
7.33185
7.43769
7.25186
7.08506
7.1105
7.19264
7.22341
7.34786
7.22554
7.20127
7.23077
7.13416
7.06976
7.39398
7.3017
7.19215
7.35237
7.21145
7.24778
7.26479
7.33437
7.28247
7.27723
7.21081
7.08375
7.18608
7.21495
7.23516
7.10824
7.12699
7.12988
7.18447
7.20419
7.38412
7.25693
7.04905
7.05037
7.03367
7.32997
7.35889
7.39704
7.1983
7.10553
7.16679
7.08876
7.28387
7.34938
7.18384
7.21771
7.11802
7.1441
7.28446
7.39424
7.27178
7.26154
7.04383
7.09916
7.11708
7.44295
7.33215
7.02732
7.34416
7.20178
7.21634
7.20799
7.15536
7.29592
7.35435
7.24057
7.11439
7.21593
7.26923
7.20529
7.07574
7.29133
7.17191
7.20097
7.22003
7.30901
7.23274
7.10457
7.1966
7.06564
7.23309
7.36614
7.23483
7.13684
7.07191
7.17664
7.06972
7.39786
7.24528
7.29761
7.10108
7.15282
7.14116
7.23547
7.44886
7.25638
7.18824
7.1675
6.99704
7.07199
7.4052
7.23479
7.1567
7.40049
7.24777
7.31871
7.30122
7.25705
7.21998
7.32083
7.31527
7.12318
7.24508
7.19844
7.1762
7.21628
7.24479
7.18745
7.19387
7.25532
7.31436
7.21841
7.1807
7.14356
7.14119
7.19496
7.43611
7.33642
7.12119
7.15037
7.06229
7.11409
7.14456
7.36733
7.27093
7.19297
7.148
7.12285
7.1963
7.44138
7.29965
7.24956
7.08788
7.09466
7.12874
7.45589
7.27134
7.15473
7.37769
7.19443
7.35387
7.31236
7.2253
7.23746
7.31516
7.25776
7.13527
7.18229
7.15123
7.26933
7.16186
7.19212
7.113
7.19434
7.20176
7.36345
7.24601
7.09176
7.14154
7.00117
7.24245
7.3848
7.28168
7.07547
7.07112
7.15283
7.12784
7.23945
7.40991
7.15573
7.05705
7.18181
7.11527
7.31245
7.48288
7.3844
7.27172
7.14126
7.12917
7.14541
7.36459
7.20803
7.09753
7.38831
7.16274
7.27377
7.22716
7.19443
7.31271
7.34981
7.20936
7.08448
7.24629
7.25366
7.17439
7.09823
7.19039
7.17371
7.18516
7.2922
7.28927
7.25038
7.11339
7.15503
7.09043
7.18176
7.40268
7.2474
7.07161
7.17305
7.06636
7.14128
7.17251
7.17613
7.23103
7.06737
7.15736
7.07145
7.28886
7.37593
7.31172
7.20492
7.09892
7.01806
7.06033
7.48805
7.35966
7.17807
7.25939
7.2532
7.30129
7.26423
7.25046
7.30313
7.30554
7.17709
7.09096
7.12267
7.16887
7.20386
7.20437
7.26459
7.29364
7.19821
7.1883
7.31182
7.23795
7.13896
7.15715
7.10333
7.236
7.31648
7.23965
7.06513
7.12494
7.15317
7.02697
7.22562
7.37764
7.31168
7.08208
7.13117
7.07244
7.27511
7.34012
7.33874
7.2267
7.09006
7.05155
7.10868
7.37075
7.29305
7.10852
7.34416
7.20184
