"o"
52.5214
53.1982
52.8058
56.0562
56.8191
57.0375
55.887
50.9259
55.3651
54.8783
55.1225
54.8731
55.8313
51.4648
55.8993
53.8084
53.1043
52.6048
51.7725
50.9855
50.3359
54.6163
53.4212
51.5864
51.8071
51.23
50.3529
54.5838
53.3471
52.6172
51.7863
51.0012
50.1871
54.3836
53.8439
53.529
52.4927
51.7445
50.9471
50.4064
53.4511
53.4164
51.0819
53.2987
56.2656
53.1562
53.0006
56.0375
56.7377
56.7417
55.8762
50.7021
55.4176
54.9769
55.0601
54.9828
55.9707
51.4608
55.8461
53.8949
53.2523
52.4783
51.8955
50.9471
50.2283
54.5917
53.4051
52.5316
51.704
51.8242
51.0205
50.2646
54.5976
53.2839
52.4524
51.8715
51.0238
50.2021
54.6234
53.7707
53.4051
52.5521
51.7743
50.9716
50.3674
53.5283
53.3296
51.2479
53.5461
56.1974
53.1381
53.0083
55.9227
56.9156
56.7523
55.8175
50.7116
55.2567
54.9828
55.0788
54.9491
55.7196
51.4684
55.8152
53.8863
53.2222
52.4476
51.9554
50.9409
50.3832
54.5693
53.3954
52.5459
51.3636
51.8526
50.968
50.3776
54.6151
53.3439
52.5193
51.7396
50.9223
50.2184
54.7173
53.7074
53.4959
52.6124
51.7157
50.9371
50.1715
53.5627
53.2433
51.099
53.5009
56.2078
53.3712
52.8708
56.2413
57.0214
56.9353
55.86
50.8981
55.2334
54.9134
55.0099
54.9612
55.9365
51.3947
55.7335
53.9032
53.1792
52.5562
51.7599
51.1029
50.2539
54.8462
53.3097
52.5658
51.704
51.5959
50.8507
50.2308
54.4623
53.4396
52.3994
51.8117
51.0229
50.1565
54.5968
53.7922
53.4228
52.745
51.7438
51.0916
50.392
53.4652
53.2923
51.2316
53.3945
56.1928
53.2663
52.8922
55.9343
56.8928
56.7536
55.8932
50.7824
55.312
55.0061
55.0992
54.9253
55.897
51.4943
55.7642
53.914
53.3048
52.4062
51.831
51.0254
50.2864
54.5285
53.4
52.6741
51.3849
51.8202
50.8042
50.3492
54.5091
53.4518
52.4681
51.9162
51.1349
50.1161
54.56
53.8145
53.5582
52.7154
51.7146
51.0496
50.2383
53.512
53.3303
51.1835
53.3113
56.0127
53.1814
52.9776
56.0796
56.896
56.7632
55.6544
50.7022
55.1344
54.8505
55.0863
55.0142
55.8021
51.4825
55.7273
53.9518
53.3423
52.5022
51.8941
51.0141
50.4184
54.6323
53.5902
52.8106
51.491
51.8308
50.9613
50.1684
54.7932
53.2677
52.6048
51.7518
50.9529
50.3505
54.6131
53.6885
53.3818
52.4511
51.6762
50.9664
50.3857
53.4631
53.4136
51.0534
53.3642
56.3433
53.3097
52.9789
56.0802
56.7824
56.876
55.8345
50.7186
55.2378
55.0803
55.2167
54.8887
55.8414
51.4035
55.7373
53.989
53.1253
52.5932
51.9217
51.1333
50.4996
54.5713
53.4141
52.5617
51.4244
51.7182
51.18
50.3353
54.558
53.4905
52.4784
51.7845
51.0441
50.3171
54.5469
53.714
53.3379
52.7354
51.6038
51.1748
50.1995
53.4905
53.3365
51.0312
53.3576
56.2638
53.1421
52.8977
55.9598
56.9454
56.8668
55.7096
50.683
55.381
54.9596
55.4168
55.0121
55.6451
51.3427
55.7665
53.914
52.9546
52.4436
51.8091
51.1372
50.4095
54.7177
53.5338
52.5939
51.5156
51.7003
51.1807
50.4051
54.6303
53.4884
52.6948
51.7626
51.0945
50.2727
54.4807
53.7425
53.2591
52.7471
51.6924
51.0706
50.3115
53.5267
53.3344
51.1638
53.4141
56.3361
